   0.062   -0.198796E+02    0.124090E+03    0.486397E+02
   0.124   -0.333593E+02    0.563194E+02    0.158259E+02
   0.186   -0.338515E+02    0.343175E+02    0.639095E+01
   0.248   -0.306712E+02    0.238417E+02    0.298523E+01
   0.310   -0.261884E+02    0.179664E+02    0.194136E+01
   0.372   -0.214399E+02    0.143369E+02    0.192899E+01
   0.434   -0.169440E+02    0.119236E+02    0.233675E+01
   0.496   -0.129435E+02    0.102083E+02    0.285795E+01
   0.558   -0.952132E+01    0.890932E+01    0.334074E+01
   0.620   -0.667075E+01    0.786783E+01    0.371861E+01
   0.682   -0.433978E+01    0.699307E+01    0.397243E+01
   0.744   -0.245936E+01    0.623327E+01    0.410770E+01
   0.806   -0.959564E+00    0.555882E+01    0.414075E+01
   0.868    0.222519E+00    0.495249E+01    0.409091E+01
   0.930    0.114031E+01    0.440379E+01    0.397659E+01
   0.992    0.183799E+01    0.390582E+01    0.381378E+01
   1.054    0.235186E+01    0.345361E+01    0.361570E+01
   1.116    0.271188E+01    0.304324E+01    0.339309E+01
   1.178    0.294308E+01    0.267135E+01    0.315457E+01
   1.240    0.306666E+01    0.233501E+01    0.290707E+01
   1.302    0.310088E+01    0.203151E+01    0.265616E+01
   1.364    0.306160E+01    0.175841E+01    0.240634E+01
   1.426    0.296280E+01    0.151339E+01    0.216125E+01
   1.488    0.281684E+01    0.129434E+01    0.192382E+01
   1.550    0.263470E+01    0.109925E+01    0.169639E+01
   1.612    0.242613E+01    0.926262E+00    0.148079E+01
   1.674    0.219976E+01    0.773599E+00    0.127843E+01
   1.736    0.196319E+01    0.639600E+00    0.109033E+01
   1.798    0.172304E+01    0.522690E+00    0.917175E+00
   1.860    0.148504E+01    0.421379E+00    0.759367E+00
   1.922    0.125400E+01    0.334255E+00    0.617034E+00
   1.984    0.103395E+01    0.259983E+00    0.490072E+00
   2.046    0.828078E+00    0.197297E+00    0.378175E+00
   2.108    0.638873E+00    0.144999E+00    0.280852E+00
   2.170    0.468107E+00    0.101962E+00    0.197462E+00
   2.232    0.316919E+00    0.671221E-01    0.127232E+00
   2.294    0.185860E+00    0.394807E-01    0.692836E-01
   2.356    0.749581E-01    0.181051E-01    0.226547E-01
   2.418   -0.162190E-01    0.212654E-02   -0.136761E-01
   2.480   -0.885018E-01   -0.925926E-02   -0.407688E-01
   2.542   -0.143052E+00   -0.167927E-01   -0.597012E-01
   2.604   -0.181296E+00   -0.211504E-01   -0.715497E-01
   2.666   -0.204863E+00   -0.229461E-01   -0.773712E-01
   2.728   -0.215523E+00   -0.227312E-01   -0.781871E-01
   2.790   -0.215127E+00   -0.209961E-01   -0.749695E-01
   2.852   -0.205553E+00   -0.181721E-01   -0.686285E-01
   2.914   -0.188660E+00   -0.146327E-01   -0.600026E-01
   2.976   -0.166241E+00   -0.106963E-01   -0.498506E-01
   3.038   -0.139986E+00   -0.662914E-02   -0.388463E-01
   3.100   -0.111454E+00   -0.264803E-02   -0.275750E-01
   3.162   -0.820471E-01    0.107604E-02   -0.165320E-01
   3.224   -0.529912E-01    0.441421E-02   -0.612356E-02
   3.286   -0.253273E-01    0.727582E-02    0.333096E-02
   3.348    0.956459E-04    0.960429E-02    0.115949E-01
   3.410    0.226200E-01    0.113729E-01    0.185088E-01
   3.472    0.417741E-01    0.125806E-01    0.239841E-01
   3.534    0.572629E-01    0.132477E-01    0.279951E-01
   3.596    0.689546E-01    0.134119E-01    0.305712E-01
   3.658    0.768638E-01    0.131242E-01    0.317885E-01
   3.720    0.811336E-01    0.124454E-01    0.317604E-01
   3.782    0.820150E-01    0.114423E-01    0.306297E-01
   3.844    0.798460E-01    0.101851E-01    0.285599E-01
   3.906    0.750306E-01    0.874396E-02    0.257269E-01
   3.968    0.680180E-01    0.718732E-02    0.223125E-01
   4.030    0.592830E-01    0.557935E-02    0.184972E-01
   4.092    0.493076E-01    0.397859E-02    0.144544E-01
   4.154    0.385647E-01    0.243663E-02    0.103461E-01
   4.216    0.275037E-01    0.997258E-03    0.631854E-02
   4.278    0.165383E-01   -0.303999E-03    0.249947E-02
   4.340    0.603707E-02   -0.144011E-02   -0.100407E-02
   4.402   -0.368389E-02   -0.239242E-02   -0.410684E-02
   4.464   -0.123657E-01   -0.315028E-02   -0.674576E-02
   4.526   -0.198094E-01   -0.371050E-02   -0.887954E-02
   4.588   -0.258762E-01   -0.407658E-02   -0.104877E-01
   4.650   -0.304859E-01   -0.425788E-02   -0.115689E-01
   4.712   -0.336140E-01   -0.426867E-02   -0.121391E-01
   4.774   -0.352868E-01   -0.412711E-02   -0.122293E-01
   4.836   -0.355759E-01   -0.385426E-02   -0.118829E-01
   4.898   -0.345916E-01   -0.347310E-02   -0.111530E-01
   4.960   -0.324759E-01   -0.300761E-02   -0.100999E-01
   5.022   -0.293950E-01   -0.248190E-02   -0.878848E-02
   5.084   -0.255319E-01   -0.191943E-02   -0.728561E-02
   5.146   -0.210793E-01   -0.134240E-02   -0.565801E-02
   5.208   -0.162326E-01   -0.771156E-03   -0.397016E-02
   5.270   -0.111837E-01   -0.223777E-03   -0.228255E-02
   5.332   -0.611547E-02    0.284225E-03   -0.650195E-03
   5.394   -0.119679E-02    0.740112E-03    0.878477E-03
   5.456    0.342142E-02    0.113401E-02    0.226249E-02
   5.518    0.760930E-02    0.145891E-02    0.346884E-02
   5.580    0.112603E-01    0.171058E-02    0.447278E-02
   5.642    0.142925E-01    0.188738E-02    0.525779E-02
   5.704    0.166493E-01    0.199009E-02    0.581534E-02
   5.766    0.182990E-01    0.202161E-02    0.614448E-02
   5.828    0.192340E-01    0.198669E-02    0.625117E-02
   5.890    0.194696E-01    0.189160E-02    0.614760E-02
   5.952    0.190412E-01    0.174382E-02    0.585130E-02
   6.014    0.180027E-01    0.155171E-02    0.538427E-02
   6.076    0.164232E-01    0.132422E-02    0.477196E-02
   6.138    0.143841E-01    0.107059E-02    0.404238E-02
   6.200    0.119763E-01    0.800072E-03    0.322511E-02
   6.262    0.929651E-02    0.521710E-03    0.235038E-02
   6.324    0.644446E-02    0.244109E-03    0.144824E-02
   6.386    0.351979E-02   -0.247375E-04    0.547723E-03
   6.448    0.619181E-03   -0.277601E-03   -0.323825E-03
   6.510   -0.216623E-02   -0.508141E-03   -0.114141E-02
   6.572   -0.475322E-02   -0.710992E-03   -0.188289E-02
   6.634   -0.706842E-02   -0.881835E-03   -0.252944E-02
   6.696   -0.905003E-02   -0.101743E-02   -0.306584E-02
   6.758   -0.106490E-01   -0.111564E-02   -0.348075E-02
   6.820   -0.118301E-01   -0.117539E-02   -0.376680E-02
   6.882   -0.125721E-01   -0.119671E-02   -0.392061E-02
   6.944   -0.128681E-01   -0.118060E-02   -0.394276E-02
   7.006   -0.127250E-01   -0.112903E-02   -0.383759E-02
   7.068   -0.121632E-01   -0.104483E-02   -0.361300E-02
   7.130   -0.112150E-01   -0.931606E-03   -0.328005E-02
   7.192   -0.992403E-02   -0.793623E-03   -0.285265E-02
   7.254   -0.834286E-02   -0.635695E-03   -0.234704E-02
   7.316   -0.653179E-02   -0.463049E-03   -0.178133E-02
   7.378   -0.455657E-02   -0.281187E-03   -0.117493E-02
   7.440   -0.248637E-02   -0.957478E-04   -0.547965E-03
   7.502   -0.391623E-03    0.876443E-04    0.792684E-04
   7.564    0.165819E-02    0.263524E-03    0.686922E-03
   7.626    0.359662E-02    0.426728E-03    0.125615E-02
   7.688    0.536224E-02    0.572536E-03    0.176963E-02
   7.750    0.690051E-02    0.696795E-03    0.221210E-02
   7.812    0.816530E-02    0.796037E-03    0.257073E-02
   7.874    0.912028E-02    0.867575E-03    0.283556E-02
   7.936    0.973991E-02    0.909581E-03    0.299968E-02
   7.998    0.100101E-01    0.921141E-03    0.305953E-02
   8.060    0.992855E-02    0.902284E-03    0.301489E-02
   8.122    0.950462E-02    0.853984E-03    0.286892E-02
   8.184    0.875896E-02    0.778134E-03    0.262805E-02
   8.246    0.772270E-02    0.677490E-03    0.230170E-02
   8.308    0.643631E-02    0.555590E-03    0.190205E-02
   8.370    0.494814E-02    0.416644E-03    0.144354E-02
   8.432    0.331281E-02    0.265405E-03    0.942481E-03
   8.494    0.158926E-02    0.107016E-03    0.416447E-03
   8.556   -0.161252E-03   -0.531569E-04   -0.116277E-03
   8.618   -0.187723E-02   -0.209695E-03   -0.637319E-03
   8.680   -0.349904E-02   -0.357313E-03   -0.112883E-02
   8.742   -0.497099E-02   -0.491032E-03   -0.157411E-02
   8.804   -0.624313E-02   -0.606352E-03   -0.195813E-02
   8.866   -0.727303E-02   -0.699408E-03   -0.226808E-02
   8.928   -0.802714E-02   -0.767101E-03   -0.249382E-02
   8.990   -0.848196E-02   -0.807213E-03   -0.262816E-02
   9.052   -0.862477E-02   -0.818487E-03   -0.266718E-02
   9.114   -0.845402E-02   -0.800673E-03   -0.261033E-02
   9.176   -0.797933E-02   -0.754542E-03   -0.246044E-02
   9.238   -0.722110E-02   -0.681864E-03   -0.222363E-02
   9.300   -0.620970E-02   -0.585348E-03   -0.190908E-02
   9.362   -0.498436E-02   -0.468547E-03   -0.152869E-02
   9.424   -0.359170E-02   -0.335738E-03   -0.109667E-02
   9.486   -0.208401E-02   -0.191767E-03   -0.629030E-03
   9.548   -0.517376E-03   -0.418754E-04   -0.142973E-03
   9.610    0.105042E-02    0.108485E-03    0.343705E-03
   9.672    0.256197E-02    0.253854E-03    0.813268E-03
   9.734    0.396235E-02    0.388958E-03    0.124868E-02
   9.796    0.520107E-02    0.508907E-03    0.163424E-02
   9.858    0.623397E-02    0.609371E-03    0.195614E-02
   9.920    0.702474E-02    0.686744E-03    0.220296E-02
   9.982    0.754625E-02    0.738274E-03    0.236610E-02
  10.044    0.778151E-02    0.762170E-03    0.244010E-02
  10.106    0.772425E-02    0.757665E-03    0.242280E-02
  10.168    0.737906E-02    0.725048E-03    0.231545E-02
  10.230    0.676123E-02    0.665650E-03    0.212262E-02
  10.292    0.589608E-02    0.581802E-03    0.185205E-02
  10.354    0.481800E-02    0.476738E-03    0.151436E-02
  10.416    0.356910E-02    0.354481E-03    0.112258E-02
  10.478    0.219759E-02    0.219688E-03    0.691761E-03
  10.540    0.755988E-03    0.774731E-04    0.238306E-03
  10.602   -0.700914E-03   -0.667820E-04   -0.220594E-03
  10.664   -0.211810E-02   -0.207635E-03   -0.667627E-03
  10.726   -0.344243E-02   -0.339787E-03   -0.108601E-02
  10.788   -0.462457E-02   -0.458285E-03   -0.146014E-02
  10.850   -0.562092E-02   -0.558708E-03   -0.177613E-02
  10.912   -0.639518E-02   -0.637337E-03   -0.202239E-02
  10.974   -0.691967E-02   -0.691290E-03   -0.219002E-02
  11.036   -0.717641E-02   -0.718638E-03   -0.227316E-02
  11.098   -0.715766E-02   -0.718468E-03   -0.226918E-02
  11.160   -0.686622E-02   -0.690923E-03   -0.217878E-02
  11.222   -0.631526E-02   -0.637190E-03   -0.200596E-02
  11.284   -0.552773E-02   -0.559454E-03   -0.175783E-02
  11.346   -0.453549E-02   -0.460809E-03   -0.144435E-02
  11.408   -0.337798E-02   -0.345138E-03   -0.107792E-02
  11.470   -0.210072E-02   -0.216963E-03   -0.672896E-03
  11.532   -0.753482E-03   -0.812666E-04   -0.245045E-03
  11.594    0.611567E-03    0.567007E-04    0.189082E-03
  11.656    0.194194E-02    0.191624E-03    0.612781E-03
  11.718    0.318682E-02    0.318327E-03    0.100984E-02
  11.780    0.429902E-02    0.431977E-03    0.136517E-02
  11.842    0.523674E-02    0.528265E-03    0.166537E-02
  11.904    0.596520E-02    0.603571E-03    0.189923E-02
  11.966    0.645787E-02    0.655107E-03    0.205816E-02
  12.028    0.669750E-02    0.681015E-03    0.213654E-02
  12.090    0.667673E-02    0.680437E-03    0.213186E-02
  12.152    0.639826E-02    0.653549E-03    0.204484E-02
  12.214    0.587476E-02    0.601544E-03    0.187940E-02
  12.276    0.512824E-02    0.526581E-03    0.164246E-02
  12.338    0.418923E-02    0.431702E-03    0.134365E-02
  12.400    0.309546E-02    0.320707E-03    0.994976E-03
  12.462    0.189043E-02    0.197999E-03    0.610270E-03
  12.524    0.621642E-03    0.684165E-04    0.204697E-03
  12.586   -0.661267E-03   -0.629639E-04   -0.205865E-03
  12.648   -0.190843E-02   -0.191022E-03   -0.605444E-03
  12.710   -0.307173E-02   -0.310794E-03   -0.978592E-03
  12.772   -0.410662E-02   -0.417671E-03   -0.131099E-02
  12.834   -0.497385E-02   -0.507569E-03   -0.158998E-02
  12.896   -0.564096E-02   -0.577091E-03   -0.180509E-02
  12.958   -0.608350E-02   -0.623656E-03   -0.194837E-02
  13.020   -0.628591E-02   -0.645593E-03   -0.201475E-02
  13.082   -0.624209E-02   -0.642204E-03   -0.200217E-02
  13.144   -0.595559E-02   -0.613783E-03   -0.191167E-02
  13.206   -0.543935E-02   -0.561604E-03   -0.174731E-02
  13.268   -0.471519E-02   -0.487858E-03   -0.151603E-02
  13.330   -0.381288E-02   -0.395569E-03   -0.122732E-02
  13.392   -0.276893E-02   -0.288468E-03   -0.892846E-03
  13.454   -0.162511E-02   -0.170841E-03   -0.525996E-03
  13.516   -0.426779E-03   -0.473614E-04   -0.141328E-03
  13.578    0.778885E-03    0.771003E-04    0.246003E-03
  13.640    0.194476E-02    0.197665E-03    0.620839E-03
  13.702    0.302562E-02    0.309638E-03    0.968616E-03
  13.764    0.397988E-02    0.408692E-03    0.127593E-02
  13.826    0.477122E-02    0.491035E-03    0.153104E-02
  13.888    0.536993E-02    0.553556E-03    0.172436E-02
  13.950    0.575406E-02    0.593941E-03    0.184875E-02
  14.012    0.591022E-02    0.610761E-03    0.189986E-02
  14.074    0.583401E-02    0.603523E-03    0.187622E-02
  14.136    0.553020E-02    0.572680E-03    0.177930E-02
  14.198    0.501238E-02    0.519611E-03    0.161343E-02
  14.260    0.430247E-02    0.446555E-03    0.138564E-02
  14.322    0.342970E-02    0.356525E-03    0.110529E-02
  14.384    0.242949E-02    0.253176E-03    0.783768E-03
  14.446    0.134198E-02    0.140663E-03    0.433990E-03
  14.508    0.210428E-03    0.234706E-04    0.698782E-04
  14.570   -0.920503E-03   -0.937635E-04   -0.294181E-03
  14.632   -0.200652E-02   -0.206435E-03   -0.643908E-03
  14.694   -0.300541E-02   -0.310150E-03   -0.965695E-03
  14.756   -0.387872E-02   -0.400902E-03   -0.124713E-02
  14.818   -0.459318E-02   -0.475222E-03   -0.147748E-02
  14.880   -0.512204E-02   -0.530311E-03   -0.164809E-02
  14.942   -0.544600E-02   -0.564152E-03   -0.175273E-02
  15.004   -0.555397E-02   -0.575574E-03   -0.178779E-02
  15.066   -0.544339E-02   -0.564300E-03   -0.175245E-02
  15.128   -0.512031E-02   -0.530947E-03   -0.164863E-02
  15.190   -0.459908E-02   -0.476997E-03   -0.148094E-02
  15.252   -0.390167E-02   -0.404729E-03   -0.125646E-02
  15.314   -0.305684E-02   -0.317129E-03   -0.984448E-03
  15.376   -0.209887E-02   -0.217759E-03   -0.675959E-03
  15.438   -0.106622E-02   -0.110620E-03   -0.343390E-03
  15.500    0.112371E-07    0.159724E-07    0.999557E-08
  15.562    0.105775E-02    0.109770E-03    0.340674E-03
  15.624    0.206557E-02    0.214334E-03    0.665249E-03
  15.686    0.298436E-02    0.309639E-03    0.961120E-03
  15.748    0.377880E-02    0.392013E-03    0.121690E-02
  15.810    0.441874E-02    0.458322E-03    0.142288E-02
  15.872    0.488031E-02    0.506089E-03    0.157137E-02
  15.934    0.514687E-02    0.533589E-03    0.165700E-02
  15.996    0.520954E-02    0.539909E-03    0.167694E-02
  16.058    0.506752E-02    0.524973E-03    0.163093E-02
