0  1  1  1
0.01  0.995  0.995  0.995
0.02  0.990025  0.990025  0.990025
0.03  0.985075  0.985075  0.985075
0.04  0.98015  0.98015  0.98015
0.05  0.975249  0.975249  0.975249
0.06  0.970373  0.970373  0.970373
0.07  0.965521  0.965521  0.965521
0.08  0.960693  0.960693  0.960693
0.09  0.95589  0.95589  0.95589
0.1  0.95111  0.95111  0.95111
0.11  0.946355  0.946355  0.946355
0.12  0.941623  0.941623  0.941623
0.13  0.936915  0.936915  0.936915
0.14  0.93223  0.93223  0.93223
0.15  0.927569  0.927569  0.927569
0.16  0.922931  0.922931  0.922931
0.17  0.918316  0.918316  0.918316
0.18  0.913725  0.913725  0.913725
0.19  0.909156  0.909156  0.909156
0.2  0.90461  0.90461  0.90461
0.21  0.900087  0.900087  0.900087
0.22  0.895587  0.895587  0.895587
0.23  0.891109  0.891109  0.891109
0.24  0.886654  0.886654  0.886654
0.25  0.88222  0.88222  0.88222
0.26  0.877809  0.877809  0.877809
0.27  0.87342  0.87342  0.87342
0.28  0.869053  0.869053  0.869053
0.29  0.864708  0.864708  0.864708
0.3  0.860384  0.860384  0.860384
0.31  0.856082  0.856082  0.856082
0.32  0.851802  0.851802  0.851802
0.33  0.847543  0.847543  0.847543
0.34  0.843305  0.843305  0.843305
0.35  0.839089  0.839089  0.839089
0.36  0.834893  0.834893  0.834893
0.37  0.830719  0.830719  0.830719
0.38  0.826565  0.826565  0.826565
0.39  0.822432  0.822432  0.822432
0.4  0.81832  0.81832  0.81832
0.41  0.814229  0.814229  0.814229
0.42  0.810157  0.810157  0.810157
0.43  0.806107  0.806107  0.806107
0.44  0.802076  0.802076  0.802076
0.45  0.798066  0.798066  0.798066
0.46  0.794075  0.794075  0.794075
0.47  0.790105  0.790105  0.790105
0.48  0.786154  0.786154  0.786154
0.49  0.782224  0.782224  0.782224
0.5  0.778313  0.778313  0.778313
0.51  0.774421  0.774421  0.774421
0.52  0.770549  0.770549  0.770549
0.53  0.766696  0.766696  0.766696
0.54  0.762863  0.762863  0.762863
0.55  0.759048  0.759048  0.759048
0.56  0.755253  0.755253  0.755253
0.57  0.751477  0.751477  0.751477
0.58  0.747719  0.747719  0.747719
0.59  0.743981  0.743981  0.743981
0.6  0.740261  0.740261  0.740261
0.61  0.73656  0.73656  0.73656
0.62  0.732877  0.732877  0.732877
0.63  0.729212  0.729212  0.729212
0.64  0.725566  0.725566  0.725566
0.65  0.721939  0.721939  0.721939
0.66  0.718329  0.718329  0.718329
0.67  0.714737  0.714737  0.714737
0.68  0.711164  0.711164  0.711164
0.69  0.707608  0.707608  0.707608
0.7  0.70407  0.70407  0.70407
0.71  0.700549  0.700549  0.700549
0.72  0.697047  0.697047  0.697047
0.73  0.693561  0.693561  0.693561
0.74  0.690094  0.690094  0.690094
0.75  0.686643  0.686643  0.686643
0.76  0.68321  0.68321  0.68321
0.77  0.679794  0.679794  0.679794
0.78  0.676395  0.676395  0.676395
0.79  0.673013  0.673013  0.673013
0.8  0.669648  0.669648  0.669648
0.81  0.6663  0.6663  0.6663
0.82  0.662968  0.662968  0.662968
0.83  0.659653  0.659653  0.659653
0.84  0.656355  0.656355  0.656355
0.85  0.653073  0.653073  0.653073
0.86  0.649808  0.649808  0.649808
0.87  0.646559  0.646559  0.646559
0.88  0.643326  0.643326  0.643326
0.89  0.640109  0.640109  0.640109
0.9  0.636909  0.636909  0.636909
0.91  0.633724  0.633724  0.633724
0.92  0.630556  0.630556  0.630556
0.93  0.627403  0.627403  0.627403
0.94  0.624266  0.624266  0.624266
0.95  0.621145  0.621145  0.621145
0.96  0.618039  0.618039  0.618039
0.97  0.614949  0.614949  0.614949
0.98  0.611874  0.611874  0.611874
0.99  0.608815  0.608815  0.608815
1  0.60577  0.60577  0.60577
1.01  0.602742  0.602742  0.602742
1.02  0.599728  0.599728  0.599728
1.03  0.596729  0.596729  0.596729
1.04  0.593746  0.593746  0.593746
1.05  0.590777  0.590777  0.590777
1.06  0.587823  0.587823  0.587823
1.07  0.584884  0.584884  0.584884
1.08  0.581959  0.581959  0.581959
1.09  0.57905  0.57905  0.57905
1.1  0.576154  0.576154  0.576154
1.11  0.573274  0.573274  0.573274
1.12  0.570407  0.570407  0.570407
1.13  0.567555  0.567555  0.567555
1.14  0.564717  0.564717  0.564717
1.15  0.561894  0.561894  0.561894
1.16  0.559084  0.559084  0.559084
1.17  0.556289  0.556289  0.556289
1.18  0.553508  0.553508  0.553508
1.19  0.55074  0.55074  0.55074
1.2  0.547986  0.547986  0.547986
1.21  0.545246  0.545246  0.545246
1.22  0.54252  0.54252  0.54252
1.23  0.539808  0.539808  0.539808
1.24  0.537108  0.537108  0.537108
1.25  0.534423  0.534423  0.534423
1.26  0.531751  0.531751  0.531751
1.27  0.529092  0.529092  0.529092
1.28  0.526447  0.526447  0.526447
1.29  0.523814  0.523814  0.523814
1.3  0.521195  0.521195  0.521195
1.31  0.518589  0.518589  0.518589
1.32  0.515996  0.515996  0.515996
1.33  0.513416  0.513416  0.513416
1.34  0.510849  0.510849  0.510849
1.35  0.508295  0.508295  0.508295
1.36  0.505754  0.505754  0.505754
1.37  0.503225  0.503225  0.503225
1.38  0.500709  0.500709  0.500709
1.39  0.498205  0.498205  0.498205
1.4  0.495714  0.495714  0.495714
1.41  0.493236  0.493236  0.493236
1.42  0.490769  0.490769  0.490769
1.43  0.488316  0.488316  0.488316
1.44  0.485874  0.485874  0.485874
1.45  0.483445  0.483445  0.483445
1.46  0.481027  0.481027  0.481027
1.47  0.478622  0.478622  0.478622
1.48  0.476229  0.476229  0.476229
1.49  0.473848  0.473848  0.473848
1.5  0.471479  0.471479  0.471479
1.51  0.469121  0.469121  0.469121
1.52  0.466776  0.466776  0.466776
1.53  0.464442  0.464442  0.464442
1.54  0.46212  0.46212  0.46212
1.55  0.459809  0.459809  0.459809
1.56  0.45751  0.45751  0.45751
1.57  0.455222  0.455222  0.455222
1.58  0.452946  0.452946  0.452946
1.59  0.450682  0.450682  0.450682
1.6  0.448428  0.448428  0.448428
1.61  0.446186  0.446186  0.446186
1.62  0.443955  0.443955  0.443955
1.63  0.441735  0.441735  0.441735
1.64  0.439527  0.439527  0.439527
1.65  0.437329  0.437329  0.437329
1.66  0.435142  0.435142  0.435142
1.67  0.432967  0.432967  0.432967
1.68  0.430802  0.430802  0.430802
1.69  0.428648  0.428648  0.428648
1.7  0.426505  0.426505  0.426505
1.71  0.424372  0.424372  0.424372
1.72  0.42225  0.42225  0.42225
1.73  0.420139  0.420139  0.420139
1.74  0.418038  0.418038  0.418038
1.75  0.415948  0.415948  0.415948
1.76  0.413868  0.413868  0.413868
1.77  0.411799  0.411799  0.411799
1.78  0.40974  0.40974  0.40974
1.79  0.407691  0.407691  0.407691
1.8  0.405653  0.405653  0.405653
1.81  0.403625  0.403625  0.403625
1.82  0.401606  0.401606  0.401606
1.83  0.399598  0.399598  0.399598
1.84  0.3976  0.3976  0.3976
1.85  0.395612  0.395612  0.395612
1.86  0.393634  0.393634  0.393634
1.87  0.391666  0.391666  0.391666
1.88  0.389708  0.389708  0.389708
1.89  0.387759  0.387759  0.387759
1.9  0.385821  0.385821  0.385821
1.91  0.383891  0.383891  0.383891
1.92  0.381972  0.381972  0.381972
1.93  0.380062  0.380062  0.380062
1.94  0.378162  0.378162  0.378162
1.95  0.376271  0.376271  0.376271
1.96  0.37439  0.37439  0.37439
1.97  0.372518  0.372518  0.372518
1.98  0.370655  0.370655  0.370655
1.99  0.368802  0.368802  0.368802
2  0.366958  0.366958  0.366958
2.01  0.365123  0.365123  0.365123
2.02  0.363297  0.363297  0.363297
2.03  0.361481  0.361481  0.361481
2.04  0.359674  0.359674  0.359674
2.05  0.357875  0.357875  0.357875
2.06  0.356086  0.356086  0.356086
2.07  0.354305  0.354305  0.354305
2.08  0.352534  0.352534  0.352534
2.09  0.350771  0.350771  0.350771
2.1  0.349017  0.349017  0.349017
2.11  0.347272  0.347272  0.347272
2.12  0.345536  0.345536  0.345536
2.13  0.343808  0.343808  0.343808
2.14  0.342089  0.342089  0.342089
2.15  0.340379  0.340379  0.340379
2.16  0.338677  0.338677  0.338677
2.17  0.336983  0.336983  0.336983
2.18  0.335298  0.335298  0.335298
2.19  0.333622  0.333622  0.333622
2.2  0.331954  0.331954  0.331954
2.21  0.330294  0.330294  0.330294
2.22  0.328643  0.328643  0.328643
2.23  0.326999  0.326999  0.326999
2.24  0.325364  0.325364  0.325364
2.25  0.323738  0.323738  0.323738
2.26  0.322119  0.322119  0.322119
2.27  0.320508  0.320508  0.320508
2.28  0.318906  0.318906  0.318906
2.29  0.317311  0.317311  0.317311
2.3  0.315725  0.315725  0.315725
2.31  0.314146  0.314146  0.314146
2.32  0.312575  0.312575  0.312575
2.33  0.311012  0.311012  0.311012
2.34  0.309457  0.309457  0.309457
2.35  0.30791  0.30791  0.30791
2.36  0.306371  0.306371  0.306371
2.37  0.304839  0.304839  0.304839
2.38  0.303315  0.303315  0.303315
2.39  0.301798  0.301798  0.301798
2.4  0.300289  0.300289  0.300289
2.41  0.298788  0.298788  0.298788
2.42  0.297294  0.297294  0.297294
2.43  0.295807  0.295807  0.295807
2.44  0.294328  0.294328  0.294328
2.45  0.292856  0.292856  0.292856
2.46  0.291392  0.291392  0.291392
2.47  0.289935  0.289935  0.289935
2.48  0.288486  0.288486  0.288486
2.49  0.287043  0.287043  0.287043
2.5  0.285608  0.285608  0.285608
2.51  0.28418  0.28418  0.28418
2.52  0.282759  0.282759  0.282759
2.53  0.281345  0.281345  0.281345
2.54  0.279938  0.279938  0.279938
2.55  0.278539  0.278539  0.278539
2.56  0.277146  0.277146  0.277146
2.57  0.27576  0.27576  0.27576
2.58  0.274382  0.274382  0.274382
2.59  0.27301  0.27301  0.27301
2.6  0.271645  0.271645  0.271645
2.61  0.270286  0.270286  0.270286
2.62  0.268935  0.268935  0.268935
2.63  0.26759  0.26759  0.26759
2.64  0.266252  0.266252  0.266252
2.65  0.264921  0.264921  0.264921
2.66  0.263596  0.263596  0.263596
2.67  0.262278  0.262278  0.262278
2.68  0.260967  0.260967  0.260967
2.69  0.259662  0.259662  0.259662
2.7  0.258364  0.258364  0.258364
2.71  0.257072  0.257072  0.257072
2.72  0.255787  0.255787  0.255787
2.73  0.254508  0.254508  0.254508
2.74  0.253235  0.253235  0.253235
2.75  0.251969  0.251969  0.251969
2.76  0.250709  0.250709  0.250709
2.77  0.249456  0.249456  0.249456
2.78  0.248208  0.248208  0.248208
2.79  0.246967  0.246967  0.246967
2.8  0.245733  0.245733  0.245733
2.81  0.244504  0.244504  0.244504
2.82  0.243281  0.243281  0.243281
2.83  0.242065  0.242065  0.242065
2.84  0.240855  0.240855  0.240855
2.85  0.23965  0.23965  0.23965
2.86  0.238452  0.238452  0.238452
2.87  0.23726  0.23726  0.23726
2.88  0.236074  0.236074  0.236074
2.89  0.234893  0.234893  0.234893
2.9  0.233719  0.233719  0.233719
2.91  0.23255  0.23255  0.23255
2.92  0.231387  0.231387  0.231387
2.93  0.23023  0.23023  0.23023
2.94  0.229079  0.229079  0.229079
2.95  0.227934  0.227934  0.227934
2.96  0.226794  0.226794  0.226794
2.97  0.22566  0.22566  0.22566
2.98  0.224532  0.224532  0.224532
2.99  0.223409  0.223409  0.223409
3  0.222292  0.222292  0.222292
3.01  0.221181  0.221181  0.221181
3.02  0.220075  0.220075  0.220075
3.03  0.218974  0.218974  0.218974
3.04  0.21788  0.21788  0.21788
3.05  0.21679  0.21679  0.21679
3.06  0.215706  0.215706  0.215706
3.07  0.214628  0.214628  0.214628
3.08  0.213555  0.213555  0.213555
3.09  0.212487  0.212487  0.212487
3.1  0.211424  0.211424  0.211424
3.11  0.210367  0.210367  0.210367
3.12  0.209315  0.209315  0.209315
3.13  0.208269  0.208269  0.208269
3.14  0.207227  0.207227  0.207227
3.15  0.206191  0.206191  0.206191
3.16  0.20516  0.20516  0.20516
3.17  0.204135  0.204135  0.204135
3.18  0.203114  0.203114  0.203114
3.19  0.202098  0.202098  0.202098
3.2  0.201088  0.201088  0.201088
3.21  0.200082  0.200082  0.200082
3.22  0.199082  0.199082  0.199082
3.23  0.198087  0.198087  0.198087
3.24  0.197096  0.197096  0.197096
3.25  0.196111  0.196111  0.196111
3.26  0.19513  0.19513  0.19513
3.27  0.194154  0.194154  0.194154
3.28  0.193184  0.193184  0.193184
3.29  0.192218  0.192218  0.192218
3.3  0.191257  0.191257  0.191257
3.31  0.1903  0.1903  0.1903
3.32  0.189349  0.189349  0.189349
3.33  0.188402  0.188402  0.188402
3.34  0.18746  0.18746  0.18746
3.35  0.186523  0.186523  0.186523
3.36  0.18559  0.18559  0.18559
3.37  0.184662  0.184662  0.184662
3.38  0.183739  0.183739  0.183739
3.39  0.18282  0.18282  0.18282
3.4  0.181906  0.181906  0.181906
3.41  0.180997  0.180997  0.180997
3.42  0.180092  0.180092  0.180092
3.43  0.179191  0.179191  0.179191
3.44  0.178295  0.178295  0.178295
3.45  0.177404  0.177404  0.177404
3.46  0.176517  0.176517  0.176517
3.47  0.175634  0.175634  0.175634
3.48  0.174756  0.174756  0.174756
3.49  0.173882  0.173882  0.173882
3.5  0.173013  0.173013  0.173013
3.51  0.172148  0.172148  0.172148
3.52  0.171287  0.171287  0.171287
3.53  0.170431  0.170431  0.170431
3.54  0.169578  0.169578  0.169578
3.55  0.168731  0.168731  0.168731
3.56  0.167887  0.167887  0.167887
3.57  0.167047  0.167047  0.167047
3.58  0.166212  0.166212  0.166212
3.59  0.165381  0.165381  0.165381
3.6  0.164554  0.164554  0.164554
3.61  0.163731  0.163731  0.163731
3.62  0.162913  0.162913  0.162913
3.63  0.162098  0.162098  0.162098
3.64  0.161288  0.161288  0.161288
3.65  0.160481  0.160481  0.160481
3.66  0.159679  0.159679  0.159679
3.67  0.158881  0.158881  0.158881
3.68  0.158086  0.158086  0.158086
3.69  0.157296  0.157296  0.157296
3.7  0.156509  0.156509  0.156509
3.71  0.155727  0.155727  0.155727
3.72  0.154948  0.154948  0.154948
3.73  0.154173  0.154173  0.154173
3.74  0.153402  0.153402  0.153402
3.75  0.152635  0.152635  0.152635
3.76  0.151872  0.151872  0.151872
3.77  0.151113  0.151113  0.151113
3.78  0.150357  0.150357  0.150357
3.79  0.149606  0.149606  0.149606
3.8  0.148857  0.148857  0.148857
3.81  0.148113  0.148113  0.148113
3.82  0.147373  0.147373  0.147373
3.83  0.146636  0.146636  0.146636
3.84  0.145903  0.145903  0.145903
3.85  0.145173  0.145173  0.145173
3.86  0.144447  0.144447  0.144447
3.87  0.143725  0.143725  0.143725
3.88  0.143006  0.143006  0.143006
3.89  0.142291  0.142291  0.142291
3.9  0.14158  0.14158  0.14158
3.91  0.140872  0.140872  0.140872
3.92  0.140168  0.140168  0.140168
3.93  0.139467  0.139467  0.139467
3.94  0.138769  0.138769  0.138769
3.95  0.138076  0.138076  0.138076
3.96  0.137385  0.137385  0.137385
3.97  0.136698  0.136698  0.136698
3.98  0.136015  0.136015  0.136015
3.99  0.135335  0.135335  0.135335
4  0.134658  0.134658  0.134658
4.01  0.133985  0.133985  0.133985
4.02  0.133315  0.133315  0.133315
4.03  0.132648  0.132648  0.132648
4.04  0.131985  0.131985  0.131985
4.05  0.131325  0.131325  0.131325
4.06  0.130668  0.130668  0.130668
4.07  0.130015  0.130015  0.130015
4.08  0.129365  0.129365  0.129365
4.09  0.128718  0.128718  0.128718
4.1  0.128075  0.128075  0.128075
4.11  0.127434  0.127434  0.127434
4.12  0.126797  0.126797  0.126797
4.13  0.126163  0.126163  0.126163
4.14  0.125532  0.125532  0.125532
4.15  0.124905  0.124905  0.124905
4.16  0.12428  0.12428  0.12428
4.17  0.123659  0.123659  0.123659
4.18  0.12304  0.12304  0.12304
4.19  0.122425  0.122425  0.122425
4.2  0.121813  0.121813  0.121813
4.21  0.121204  0.121204  0.121204
4.22  0.120598  0.120598  0.120598
4.23  0.119995  0.119995  0.119995
4.24  0.119395  0.119395  0.119395
4.25  0.118798  0.118798  0.118798
4.26  0.118204  0.118204  0.118204
4.27  0.117613  0.117613  0.117613
4.28  0.117025  0.117025  0.117025
4.29  0.11644  0.11644  0.11644
4.3  0.115858  0.115858  0.115858
4.31  0.115278  0.115278  0.115278
4.32  0.114702  0.114702  0.114702
4.33  0.114128  0.114128  0.114128
4.34  0.113558  0.113558  0.113558
4.35  0.11299  0.11299  0.11299
4.36  0.112425  0.112425  0.112425
4.37  0.111863  0.111863  0.111863
4.38  0.111304  0.111304  0.111304
4.39  0.110747  0.110747  0.110747
4.4  0.110193  0.110193  0.110193
4.41  0.109642  0.109642  0.109642
4.42  0.109094  0.109094  0.109094
4.43  0.108549  0.108549  0.108549
4.44  0.108006  0.108006  0.108006
4.45  0.107466  0.107466  0.107466
4.46  0.106929  0.106929  0.106929
4.47  0.106394  0.106394  0.106394
4.48  0.105862  0.105862  0.105862
4.49  0.105333  0.105333  0.105333
4.5  0.104806  0.104806  0.104806
4.51  0.104282  0.104282  0.104282
4.52  0.103761  0.103761  0.103761
4.53  0.103242  0.103242  0.103242
4.54  0.102726  0.102726  0.102726
4.55  0.102212  0.102212  0.102212
4.56  0.101701  0.101701  0.101701
4.57  0.101192  0.101192  0.101192
4.58  0.100686  0.100686  0.100686
4.59  0.100183  0.100183  0.100183
4.6  0.0996821  0.0996821  0.0996821
4.61  0.0991837  0.0991837  0.0991837
4.62  0.0986878  0.0986878  0.0986878
4.63  0.0981943  0.0981943  0.0981943
4.64  0.0977034  0.0977034  0.0977034
4.65  0.0972148  0.0972148  0.0972148
4.66  0.0967288  0.0967288  0.0967288
4.67  0.0962451  0.0962451  0.0962451
4.68  0.0957639  0.0957639  0.0957639
4.69  0.0952851  0.0952851  0.0952851
4.7  0.0948086  0.0948086  0.0948086
4.71  0.0943346  0.0943346  0.0943346
4.72  0.0938629  0.0938629  0.0938629
4.73  0.0933936  0.0933936  0.0933936
4.74  0.0929266  0.0929266  0.0929266
4.75  0.092462  0.092462  0.092462
4.76  0.0919997  0.0919997  0.0919997
4.77  0.0915397  0.0915397  0.0915397
4.78  0.091082  0.091082  0.091082
4.79  0.0906266  0.0906266  0.0906266
4.8  0.0901735  0.0901735  0.0901735
4.81  0.0897226  0.0897226  0.0897226
4.82  0.089274  0.089274  0.089274
4.83  0.0888276  0.0888276  0.0888276
4.84  0.0883835  0.0883835  0.0883835
4.85  0.0879416  0.0879416  0.0879416
4.86  0.0875019  0.0875019  0.0875019
4.87  0.0870643  0.0870643  0.0870643
4.88  0.086629  0.086629  0.086629
4.89  0.0861959  0.0861959  0.0861959
4.9  0.0857649  0.0857649  0.0857649
4.91  0.0853361  0.0853361  0.0853361
4.92  0.0849094  0.0849094  0.0849094
4.93  0.0844848  0.0844848  0.0844848
4.94  0.0840624  0.0840624  0.0840624
4.95  0.0836421  0.0836421  0.0836421
4.96  0.0832239  0.0832239  0.0832239
4.97  0.0828078  0.0828078  0.0828078
4.98  0.0823937  0.0823937  0.0823937
4.99  0.0819818  0.0819818  0.0819818
5  0.0815719  0.0815719  0.0815719
5.01  0.081164  0.081164  0.081164
5.02  0.0807582  0.0807582  0.0807582
5.03  0.0803544  0.0803544  0.0803544
5.04  0.0799526  0.0799526  0.0799526
5.05  0.0795529  0.0795529  0.0795529
5.06  0.0791551  0.0791551  0.0791551
5.07  0.0787593  0.0787593  0.0787593
5.08  0.0783655  0.0783655  0.0783655
5.09  0.0779737  0.0779737  0.0779737
5.1  0.0775838  0.0775838  0.0775838
5.11  0.0771959  0.0771959  0.0771959
5.12  0.0768099  0.0768099  0.0768099
5.13  0.0764259  0.0764259  0.0764259
5.14  0.0760437  0.0760437  0.0760437
5.15  0.0756635  0.0756635  0.0756635
5.16  0.0752852  0.0752852  0.0752852
5.17  0.0749088  0.0749088  0.0749088
5.18  0.0745342  0.0745342  0.0745342
5.19  0.0741616  0.0741616  0.0741616
5.2  0.0737908  0.0737908  0.0737908
5.21  0.0734218  0.0734218  0.0734218
5.22  0.0730547  0.0730547  0.0730547
5.23  0.0726894  0.0726894  0.0726894
5.24  0.072326  0.072326  0.072326
5.25  0.0719643  0.0719643  0.0719643
5.26  0.0716045  0.0716045  0.0716045
5.27  0.0712465  0.0712465  0.0712465
5.28  0.0708903  0.0708903  0.0708903
5.29  0.0705358  0.0705358  0.0705358
5.3  0.0701831  0.0701831  0.0701831
5.31  0.0698322  0.0698322  0.0698322
5.32  0.0694831  0.0694831  0.0694831
5.33  0.0691356  0.0691356  0.0691356
5.34  0.06879  0.06879  0.06879
5.35  0.068446  0.068446  0.068446
5.36  0.0681038  0.0681038  0.0681038
5.37  0.0677633  0.0677633  0.0677633
5.38  0.0674245  0.0674245  0.0674245
5.39  0.0670873  0.0670873  0.0670873
5.4  0.0667519  0.0667519  0.0667519
5.41  0.0664181  0.0664181  0.0664181
5.42  0.066086  0.066086  0.066086
5.43  0.0657556  0.0657556  0.0657556
5.44  0.0654268  0.0654268  0.0654268
5.45  0.0650997  0.0650997  0.0650997
5.46  0.0647742  0.0647742  0.0647742
5.47  0.0644503  0.0644503  0.0644503
5.48  0.0641281  0.0641281  0.0641281
5.49  0.0638074  0.0638074  0.0638074
5.5  0.0634884  0.0634884  0.0634884
5.51  0.063171  0.063171  0.063171
5.52  0.0628551  0.0628551  0.0628551
5.53  0.0625408  0.0625408  0.0625408
5.54  0.0622281  0.0622281  0.0622281
5.55  0.061917  0.061917  0.061917
5.56  0.0616074  0.0616074  0.0616074
5.57  0.0612994  0.0612994  0.0612994
5.58  0.0609929  0.0609929  0.0609929
5.59  0.0606879  0.0606879  0.0606879
5.6  0.0603845  0.0603845  0.0603845
5.61  0.0600825  0.0600825  0.0600825
5.62  0.0597821  0.0597821  0.0597821
5.63  0.0594832  0.0594832  0.0594832
5.64  0.0591858  0.0591858  0.0591858
5.65  0.0588899  0.0588899  0.0588899
5.66  0.0585954  0.0585954  0.0585954
5.67  0.0583024  0.0583024  0.0583024
5.68  0.0580109  0.0580109  0.0580109
5.69  0.0577209  0.0577209  0.0577209
5.7  0.0574323  0.0574323  0.0574323
5.71  0.0571451  0.0571451  0.0571451
5.72  0.0568594  0.0568594  0.0568594
5.73  0.0565751  0.0565751  0.0565751
5.74  0.0562922  0.0562922  0.0562922
5.75  0.0560108  0.0560108  0.0560108
5.76  0.0557307  0.0557307  0.0557307
5.77  0.055452  0.055452  0.055452
5.78  0.0551748  0.0551748  0.0551748
5.79  0.0548989  0.0548989  0.0548989
5.8  0.0546244  0.0546244  0.0546244
5.81  0.0543513  0.0543513  0.0543513
5.82  0.0540795  0.0540795  0.0540795
5.83  0.0538091  0.0538091  0.0538091
5.84  0.0535401  0.0535401  0.0535401
5.85  0.0532724  0.0532724  0.0532724
5.86  0.053006  0.053006  0.053006
5.87  0.052741  0.052741  0.052741
5.88  0.0524773  0.0524773  0.0524773
5.89  0.0522149  0.0522149  0.0522149
5.9  0.0519538  0.0519538  0.0519538
5.91  0.0516941  0.0516941  0.0516941
5.92  0.0514356  0.0514356  0.0514356
5.93  0.0511784  0.0511784  0.0511784
5.94  0.0509225  0.0509225  0.0509225
5.95  0.0506679  0.0506679  0.0506679
5.96  0.0504146  0.0504146  0.0504146
5.97  0.0501625  0.0501625  0.0501625
5.98  0.0499117  0.0499117  0.0499117
5.99  0.0496621  0.0496621  0.0496621
6  0.0494138  0.0494138  0.0494138
6.01  0.0491668  0.0491668  0.0491668
6.02  0.0489209  0.0489209  0.0489209
6.03  0.0486763  0.0486763  0.0486763
6.04  0.0484329  0.0484329  0.0484329
6.05  0.0481908  0.0481908  0.0481908
6.06  0.0479498  0.0479498  0.0479498
6.07  0.0477101  0.0477101  0.0477101
6.08  0.0474715  0.0474715  0.0474715
6.09  0.0472342  0.0472342  0.0472342
6.1  0.046998  0.046998  0.046998
6.11  0.046763  0.046763  0.046763
6.12  0.0465292  0.0465292  0.0465292
6.13  0.0462965  0.0462965  0.0462965
6.14  0.0460651  0.0460651  0.0460651
6.15  0.0458347  0.0458347  0.0458347
6.16  0.0456056  0.0456056  0.0456056
6.17  0.0453775  0.0453775  0.0453775
6.18  0.0451506  0.0451506  0.0451506
6.19  0.0449249  0.0449249  0.0449249
6.2  0.0447003  0.0447003  0.0447003
6.21  0.0444768  0.0444768  0.0444768
6.22  0.0442544  0.0442544  0.0442544
6.23  0.0440331  0.0440331  0.0440331
6.24  0.0438129  0.0438129  0.0438129
6.25  0.0435939  0.0435939  0.0435939
6.26  0.0433759  0.0433759  0.0433759
6.27  0.043159  0.043159  0.043159
6.28  0.0429432  0.0429432  0.0429432
6.29  0.0427285  0.0427285  0.0427285
6.3  0.0425149  0.0425149  0.0425149
6.31  0.0423023  0.0423023  0.0423023
6.32  0.0420908  0.0420908  0.0420908
6.33  0.0418803  0.0418803  0.0418803
6.34  0.0416709  0.0416709  0.0416709
6.35  0.0414626  0.0414626  0.0414626
6.36  0.0412553  0.0412553  0.0412553
6.37  0.041049  0.041049  0.041049
6.38  0.0408437  0.0408437  0.0408437
6.39  0.0406395  0.0406395  0.0406395
6.4  0.0404363  0.0404363  0.0404363
6.41  0.0402341  0.0402341  0.0402341
6.42  0.040033  0.040033  0.040033
6.43  0.0398328  0.0398328  0.0398328
6.44  0.0396336  0.0396336  0.0396336
6.45  0.0394355  0.0394355  0.0394355
6.46  0.0392383  0.0392383  0.0392383
6.47  0.0390421  0.0390421  0.0390421
6.48  0.0388469  0.0388469  0.0388469
6.49  0.0386527  0.0386527  0.0386527
6.5  0.0384594  0.0384594  0.0384594
6.51  0.0382671  0.0382671  0.0382671
6.52  0.0380758  0.0380758  0.0380758
6.53  0.0378854  0.0378854  0.0378854
6.54  0.037696  0.037696  0.037696
6.55  0.0375075  0.0375075  0.0375075
6.56  0.0373199  0.0373199  0.0373199
6.57  0.0371333  0.0371333  0.0371333
6.58  0.0369477  0.0369477  0.0369477
6.59  0.0367629  0.0367629  0.0367629
6.6  0.0365791  0.0365791  0.0365791
6.61  0.0363962  0.0363962  0.0363962
6.62  0.0362142  0.0362142  0.0362142
6.63  0.0360332  0.0360332  0.0360332
6.64  0.035853  0.035853  0.035853
6.65  0.0356737  0.0356737  0.0356737
6.66  0.0354954  0.0354954  0.0354954
6.67  0.0353179  0.0353179  0.0353179
6.68  0.0351413  0.0351413  0.0351413
6.69  0.0349656  0.0349656  0.0349656
6.7  0.0347908  0.0347908  0.0347908
6.71  0.0346168  0.0346168  0.0346168
6.72  0.0344437  0.0344437  0.0344437
6.73  0.0342715  0.0342715  0.0342715
6.74  0.0341002  0.0341002  0.0341002
6.75  0.0339297  0.0339297  0.0339297
6.76  0.03376  0.03376  0.03376
6.77  0.0335912  0.0335912  0.0335912
6.78  0.0334233  0.0334233  0.0334233
6.79  0.0332561  0.0332561  0.0332561
6.8  0.0330899  0.0330899  0.0330899
6.81  0.0329244  0.0329244  0.0329244
6.82  0.0327598  0.0327598  0.0327598
6.83  0.032596  0.032596  0.032596
6.84  0.032433  0.032433  0.032433
6.85  0.0322708  0.0322708  0.0322708
6.86  0.0321095  0.0321095  0.0321095
6.87  0.0319489  0.0319489  0.0319489
6.88  0.0317892  0.0317892  0.0317892
6.89  0.0316303  0.0316303  0.0316303
6.9  0.0314721  0.0314721  0.0314721
6.91  0.0313147  0.0313147  0.0313147
6.92  0.0311582  0.0311582  0.0311582
6.93  0.0310024  0.0310024  0.0310024
6.94  0.0308474  0.0308474  0.0308474
6.95  0.0306931  0.0306931  0.0306931
6.96  0.0305397  0.0305397  0.0305397
6.97  0.030387  0.030387  0.030387
6.98  0.030235  0.030235  0.030235
6.99  0.0300839  0.0300839  0.0300839
7  0.0299334  0.0299334  0.0299334
7.01  0.0297838  0.0297838  0.0297838
7.02  0.0296348  0.0296348  0.0296348
7.03  0.0294867  0.0294867  0.0294867
7.04  0.0293392  0.0293392  0.0293392
7.05  0.0291925  0.0291925  0.0291925
7.06  0.0290466  0.0290466  0.0290466
7.07  0.0289013  0.0289013  0.0289013
7.08  0.0287568  0.0287568  0.0287568
7.09  0.0286131  0.0286131  0.0286131
7.1  0.02847  0.02847  0.02847
7.11  0.0283276  0.0283276  0.0283276
7.12  0.028186  0.028186  0.028186
7.13  0.0280451  0.0280451  0.0280451
7.14  0.0279048  0.0279048  0.0279048
7.15  0.0277653  0.0277653  0.0277653
7.16  0.0276265  0.0276265  0.0276265
7.17  0.0274884  0.0274884  0.0274884
7.18  0.0273509  0.0273509  0.0273509
7.19  0.0272142  0.0272142  0.0272142
7.2  0.0270781  0.0270781  0.0270781
7.21  0.0269427  0.0269427  0.0269427
7.22  0.026808  0.026808  0.026808
7.23  0.026674  0.026674  0.026674
7.24  0.0265406  0.0265406  0.0265406
7.25  0.0264079  0.0264079  0.0264079
7.26  0.0262758  0.0262758  0.0262758
7.27  0.0261445  0.0261445  0.0261445
7.28  0.0260137  0.0260137  0.0260137
7.29  0.0258837  0.0258837  0.0258837
7.3  0.0257543  0.0257543  0.0257543
7.31  0.0256255  0.0256255  0.0256255
7.32  0.0254974  0.0254974  0.0254974
7.33  0.0253699  0.0253699  0.0253699
7.34  0.025243  0.025243  0.025243
7.35  0.0251168  0.0251168  0.0251168
7.36  0.0249912  0.0249912  0.0249912
7.37  0.0248663  0.0248663  0.0248663
7.38  0.0247419  0.0247419  0.0247419
7.39  0.0246182  0.0246182  0.0246182
7.4  0.0244951  0.0244951  0.0244951
7.41  0.0243727  0.0243727  0.0243727
7.42  0.0242508  0.0242508  0.0242508
7.43  0.0241295  0.0241295  0.0241295
7.44  0.0240089  0.0240089  0.0240089
7.45  0.0238888  0.0238888  0.0238888
7.46  0.0237694  0.0237694  0.0237694
7.47  0.0236506  0.0236506  0.0236506
7.48  0.0235323  0.0235323  0.0235323
7.49  0.0234146  0.0234146  0.0234146
7.5  0.0232976  0.0232976  0.0232976
7.51  0.0231811  0.0231811  0.0231811
7.52  0.0230652  0.0230652  0.0230652
7.53  0.0229498  0.0229498  0.0229498
7.54  0.0228351  0.0228351  0.0228351
7.55  0.0227209  0.0227209  0.0227209
7.56  0.0226073  0.0226073  0.0226073
7.57  0.0224943  0.0224943  0.0224943
7.58  0.0223818  0.0223818  0.0223818
7.59  0.0222699  0.0222699  0.0222699
7.6  0.0221586  0.0221586  0.0221586
7.61  0.0220478  0.0220478  0.0220478
7.62  0.0219375  0.0219375  0.0219375
7.63  0.0218278  0.0218278  0.0218278
7.64  0.0217187  0.0217187  0.0217187
7.65  0.0216101  0.0216101  0.0216101
7.66  0.021502  0.021502  0.021502
7.67  0.0213945  0.0213945  0.0213945
7.68  0.0212876  0.0212876  0.0212876
7.69  0.0211811  0.0211811  0.0211811
7.7  0.0210752  0.0210752  0.0210752
7.71  0.0209698  0.0209698  0.0209698
7.72  0.020865  0.020865  0.020865
7.73  0.0207607  0.0207607  0.0207607
7.74  0.0206569  0.0206569  0.0206569
7.75  0.0205536  0.0205536  0.0205536
7.76  0.0204508  0.0204508  0.0204508
7.77  0.0203486  0.0203486  0.0203486
7.78  0.0202468  0.0202468  0.0202468
7.79  0.0201456  0.0201456  0.0201456
7.8  0.0200449  0.0200449  0.0200449
7.81  0.0199446  0.0199446  0.0199446
7.82  0.0198449  0.0198449  0.0198449
7.83  0.0197457  0.0197457  0.0197457
7.84  0.019647  0.019647  0.019647
7.85  0.0195487  0.0195487  0.0195487
7.86  0.019451  0.019451  0.019451
7.87  0.0193537  0.0193537  0.0193537
7.88  0.019257  0.019257  0.019257
7.89  0.0191607  0.0191607  0.0191607
7.9  0.0190649  0.0190649  0.0190649
7.91  0.0189695  0.0189695  0.0189695
7.92  0.0188747  0.0188747  0.0188747
7.93  0.0187803  0.0187803  0.0187803
7.94  0.0186864  0.0186864  0.0186864
7.95  0.018593  0.018593  0.018593
7.96  0.0185  0.0185  0.0185
7.97  0.0184075  0.0184075  0.0184075
7.98  0.0183155  0.0183155  0.0183155
7.99  0.0182239  0.0182239  0.0182239
8  0.0181328  0.0181328  0.0181328
8.01  0.0180421  0.0180421  0.0180421
8.02  0.0179519  0.0179519  0.0179519
8.03  0.0178622  0.0178622  0.0178622
8.04  0.0177728  0.0177728  0.0177728
8.05  0.017684  0.017684  0.017684
8.06  0.0175956  0.0175956  0.0175956
8.07  0.0175076  0.0175076  0.0175076
8.08  0.01742  0.01742  0.01742
8.09  0.0173329  0.0173329  0.0173329
8.1  0.0172463  0.0172463  0.0172463
8.11  0.01716  0.01716  0.01716
8.12  0.0170742  0.0170742  0.0170742
8.13  0.0169889  0.0169889  0.0169889
8.14  0.0169039  0.0169039  0.0169039
8.15  0.0168194  0.0168194  0.0168194
8.16  0.0167353  0.0167353  0.0167353
8.17  0.0166516  0.0166516  0.0166516
8.18  0.0165684  0.0165684  0.0165684
8.19  0.0164855  0.0164855  0.0164855
8.2  0.0164031  0.0164031  0.0164031
8.21  0.0163211  0.0163211  0.0163211
8.22  0.0162395  0.0162395  0.0162395
8.23  0.0161583  0.0161583  0.0161583
8.24  0.0160775  0.0160775  0.0160775
8.25  0.0159971  0.0159971  0.0159971
8.26  0.0159171  0.0159171  0.0159171
8.27  0.0158375  0.0158375  0.0158375
8.28  0.0157584  0.0157584  0.0157584
8.29  0.0156796  0.0156796  0.0156796
8.3  0.0156012  0.0156012  0.0156012
8.31  0.0155232  0.0155232  0.0155232
8.32  0.0154455  0.0154455  0.0154455
8.33  0.0153683  0.0153683  0.0153683
8.34  0.0152915  0.0152915  0.0152915
8.35  0.015215  0.015215  0.015215
8.36  0.0151389  0.0151389  0.0151389
8.37  0.0150632  0.0150632  0.0150632
8.38  0.0149879  0.0149879  0.0149879
8.39  0.014913  0.014913  0.014913
8.4  0.0148384  0.0148384  0.0148384
8.41  0.0147642  0.0147642  0.0147642
8.42  0.0146904  0.0146904  0.0146904
8.43  0.014617  0.014617  0.014617
8.44  0.0145439  0.0145439  0.0145439
8.45  0.0144712  0.0144712  0.0144712
8.46  0.0143988  0.0143988  0.0143988
8.47  0.0143268  0.0143268  0.0143268
8.48  0.0142552  0.0142552  0.0142552
8.49  0.0141839  0.0141839  0.0141839
8.5  0.014113  0.014113  0.014113
8.51  0.0140424  0.0140424  0.0140424
8.52  0.0139722  0.0139722  0.0139722
8.53  0.0139023  0.0139023  0.0139023
8.54  0.0138328  0.0138328  0.0138328
8.55  0.0137637  0.0137637  0.0137637
8.56  0.0136948  0.0136948  0.0136948
8.57  0.0136264  0.0136264  0.0136264
8.58  0.0135582  0.0135582  0.0135582
8.59  0.0134904  0.0134904  0.0134904
8.6  0.013423  0.013423  0.013423
8.61  0.0133559  0.0133559  0.0133559
8.62  0.0132891  0.0132891  0.0132891
8.63  0.0132227  0.0132227  0.0132227
8.64  0.0131565  0.0131565  0.0131565
8.65  0.0130908  0.0130908  0.0130908
8.66  0.0130253  0.0130253  0.0130253
8.67  0.0129602  0.0129602  0.0129602
8.68  0.0128954  0.0128954  0.0128954
8.69  0.0128309  0.0128309  0.0128309
8.7  0.0127667  0.0127667  0.0127667
8.71  0.0127029  0.0127029  0.0127029
8.72  0.0126394  0.0126394  0.0126394
8.73  0.0125762  0.0125762  0.0125762
8.74  0.0125133  0.0125133  0.0125133
8.75  0.0124508  0.0124508  0.0124508
8.76  0.0123885  0.0123885  0.0123885
8.77  0.0123266  0.0123266  0.0123266
8.78  0.0122649  0.0122649  0.0122649
8.79  0.0122036  0.0122036  0.0122036
8.8  0.0121426  0.0121426  0.0121426
8.81  0.0120819  0.0120819  0.0120819
8.82  0.0120215  0.0120215  0.0120215
8.83  0.0119614  0.0119614  0.0119614
8.84  0.0119015  0.0119015  0.0119015
8.85  0.011842  0.011842  0.011842
8.86  0.0117828  0.0117828  0.0117828
8.87  0.0117239  0.0117239  0.0117239
8.88  0.0116653  0.0116653  0.0116653
8.89  0.011607  0.011607  0.011607
8.9  0.0115489  0.0115489  0.0115489
8.91  0.0114912  0.0114912  0.0114912
8.92  0.0114337  0.0114337  0.0114337
8.93  0.0113766  0.0113766  0.0113766
8.94  0.0113197  0.0113197  0.0113197
8.95  0.0112631  0.0112631  0.0112631
8.96  0.0112068  0.0112068  0.0112068
8.97  0.0111507  0.0111507  0.0111507
8.98  0.011095  0.011095  0.011095
8.99  0.0110395  0.0110395  0.0110395
9  0.0109843  0.0109843  0.0109843
9.01  0.0109294  0.0109294  0.0109294
9.02  0.0108747  0.0108747  0.0108747
9.03  0.0108204  0.0108204  0.0108204
9.04  0.0107663  0.0107663  0.0107663
9.05  0.0107124  0.0107124  0.0107124
9.06  0.0106589  0.0106589  0.0106589
9.07  0.0106056  0.0106056  0.0106056
9.08  0.0105525  0.0105525  0.0105525
9.09  0.0104998  0.0104998  0.0104998
9.1  0.0104473  0.0104473  0.0104473
9.11  0.010395  0.010395  0.010395
9.12  0.0103431  0.0103431  0.0103431
9.13  0.0102914  0.0102914  0.0102914
9.14  0.0102399  0.0102399  0.0102399
9.15  0.0101887  0.0101887  0.0101887
9.16  0.0101378  0.0101378  0.0101378
9.17  0.0100871  0.0100871  0.0100871
9.18  0.0100366  0.0100366  0.0100366
9.19  0.00998645  0.00998645  0.00998645
9.2  0.00993652  0.00993652  0.00993652
9.21  0.00988684  0.00988684  0.00988684
9.22  0.0098374  0.0098374  0.0098374
9.23  0.00978822  0.00978822  0.00978822
9.24  0.00973927  0.00973927  0.00973927
9.25  0.00969058  0.00969058  0.00969058
9.26  0.00964213  0.00964213  0.00964213
9.27  0.00959391  0.00959391  0.00959391
9.28  0.00954595  0.00954595  0.00954595
9.29  0.00949822  0.00949822  0.00949822
9.3  0.00945072  0.00945072  0.00945072
9.31  0.00940347  0.00940347  0.00940347
9.32  0.00935645  0.00935645  0.00935645
9.33  0.00930967  0.00930967  0.00930967
9.34  0.00926312  0.00926312  0.00926312
9.35  0.00921681  0.00921681  0.00921681
9.36  0.00917072  0.00917072  0.00917072
9.37  0.00912487  0.00912487  0.00912487
9.38  0.00907925  0.00907925  0.00907925
9.39  0.00903385  0.00903385  0.00903385
9.4  0.00898868  0.00898868  0.00898868
9.41  0.00894374  0.00894374  0.00894374
9.42  0.00889902  0.00889902  0.00889902
9.43  0.00885452  0.00885452  0.00885452
9.44  0.00881025  0.00881025  0.00881025
9.45  0.0087662  0.0087662  0.0087662
9.46  0.00872237  0.00872237  0.00872237
9.47  0.00867876  0.00867876  0.00867876
9.48  0.00863536  0.00863536  0.00863536
9.49  0.00859219  0.00859219  0.00859219
9.5  0.00854922  0.00854922  0.00854922
9.51  0.00850648  0.00850648  0.00850648
9.52  0.00846395  0.00846395  0.00846395
9.53  0.00842163  0.00842163  0.00842163
9.54  0.00837952  0.00837952  0.00837952
9.55  0.00833762  0.00833762  0.00833762
9.56  0.00829593  0.00829593  0.00829593
9.57  0.00825445  0.00825445  0.00825445
9.58  0.00821318  0.00821318  0.00821318
9.59  0.00817211  0.00817211  0.00817211
9.6  0.00813125  0.00813125  0.00813125
9.61  0.0080906  0.0080906  0.0080906
9.62  0.00805014  0.00805014  0.00805014
9.63  0.00800989  0.00800989  0.00800989
9.64  0.00796984  0.00796984  0.00796984
9.65  0.00793  0.00793  0.00793
9.66  0.00789035  0.00789035  0.00789035
9.67  0.00785089  0.00785089  0.00785089
9.68  0.00781164  0.00781164  0.00781164
9.69  0.00777258  0.00777258  0.00777258
9.7  0.00773372  0.00773372  0.00773372
9.71  0.00769505  0.00769505  0.00769505
9.72  0.00765657  0.00765657  0.00765657
9.73  0.00761829  0.00761829  0.00761829
9.74  0.0075802  0.0075802  0.0075802
9.75  0.0075423  0.0075423  0.0075423
9.76  0.00750459  0.00750459  0.00750459
9.77  0.00746706  0.00746706  0.00746706
9.78  0.00742973  0.00742973  0.00742973
9.79  0.00739258  0.00739258  0.00739258
9.8  0.00735562  0.00735562  0.00735562
9.81  0.00731884  0.00731884  0.00731884
9.82  0.00728225  0.00728225  0.00728225
9.83  0.00724583  0.00724583  0.00724583
9.84  0.0072096  0.0072096  0.0072096
9.85  0.00717356  0.00717356  0.00717356
9.86  0.00713769  0.00713769  0.00713769
9.87  0.007102  0.007102  0.007102
9.88  0.00706649  0.00706649  0.00706649
9.89  0.00703116  0.00703116  0.00703116
9.9  0.006996  0.006996  0.006996
9.91  0.00696102  0.00696102  0.00696102
9.92  0.00692622  0.00692622  0.00692622
9.93  0.00689159  0.00689159  0.00689159
9.94  0.00685713  0.00685713  0.00685713
9.95  0.00682284  0.00682284  0.00682284
9.96  0.00678873  0.00678873  0.00678873
9.97  0.00675478  0.00675478  0.00675478
9.98  0.00672101  0.00672101  0.00672101
9.99  0.00668741  0.00668741  0.00668741
10  0.00665397  0.00665397  0.00665397
