0  0  0  0
0.01  0.01  0.01  0.01
0.02  0.01995  0.01995  0.01995
0.03  0.0298503  0.0298503  0.0298503
0.04  0.039701  0.039701  0.039701
0.05  0.0495025  0.0495025  0.0495025
0.06  0.059255  0.059255  0.059255
0.07  0.0689587  0.0689587  0.0689587
0.08  0.0786139  0.0786139  0.0786139
0.09  0.0882208  0.0882208  0.0882208
0.1  0.0977797  0.0977797  0.0977797
0.11  0.107291  0.107291  0.107291
0.12  0.116754  0.116754  0.116754
0.13  0.126171  0.126171  0.126171
0.14  0.13554  0.13554  0.13554
0.15  0.144862  0.144862  0.144862
0.16  0.154138  0.154138  0.154138
0.17  0.163367  0.163367  0.163367
0.18  0.17255  0.17255  0.17255
0.19  0.181687  0.181687  0.181687
0.2  0.190779  0.190779  0.190779
0.21  0.199825  0.199825  0.199825
0.22  0.208826  0.208826  0.208826
0.23  0.217782  0.217782  0.217782
0.24  0.226693  0.226693  0.226693
0.25  0.23556  0.23556  0.23556
0.26  0.244382  0.244382  0.244382
0.27  0.25316  0.25316  0.25316
0.28  0.261894  0.261894  0.261894
0.29  0.270585  0.270585  0.270585
0.3  0.279232  0.279232  0.279232
0.31  0.287835  0.287835  0.287835
0.32  0.296396  0.296396  0.296396
0.33  0.304914  0.304914  0.304914
0.34  0.31339  0.31339  0.31339
0.35  0.321823  0.321823  0.321823
0.36  0.330214  0.330214  0.330214
0.37  0.338563  0.338563  0.338563
0.38  0.34687  0.34687  0.34687
0.39  0.355135  0.355135  0.355135
0.4  0.36336  0.36336  0.36336
0.41  0.371543  0.371543  0.371543
0.42  0.379685  0.379685  0.379685
0.43  0.387787  0.387787  0.387787
0.44  0.395848  0.395848  0.395848
0.45  0.403869  0.403869  0.403869
0.46  0.411849  0.411849  0.411849
0.47  0.41979  0.41979  0.41979
0.48  0.427691  0.427691  0.427691
0.49  0.435553  0.435553  0.435553
0.5  0.443375  0.443375  0.443375
0.51  0.451158  0.451158  0.451158
0.52  0.458902  0.458902  0.458902
0.53  0.466608  0.466608  0.466608
0.54  0.474275  0.474275  0.474275
0.55  0.481903  0.481903  0.481903
0.56  0.489494  0.489494  0.489494
0.57  0.497046  0.497046  0.497046
0.58  0.504561  0.504561  0.504561
0.59  0.512038  0.512038  0.512038
0.6  0.519478  0.519478  0.519478
0.61  0.526881  0.526881  0.526881
0.62  0.534246  0.534246  0.534246
0.63  0.541575  0.541575  0.541575
0.64  0.548867  0.548867  0.548867
0.65  0.556123  0.556123  0.556123
0.66  0.563342  0.563342  0.563342
0.67  0.570526  0.570526  0.570526
0.68  0.577673  0.577673  0.577673
0.69  0.584785  0.584785  0.584785
0.7  0.591861  0.591861  0.591861
0.71  0.598901  0.598901  0.598901
0.72  0.605907  0.605907  0.605907
0.73  0.612877  0.612877  0.612877
0.74  0.619813  0.619813  0.619813
0.75  0.626714  0.626714  0.626714
0.76  0.63358  0.63358  0.63358
0.77  0.640412  0.640412  0.640412
0.78  0.64721  0.64721  0.64721
0.79  0.653974  0.653974  0.653974
0.8  0.660704  0.660704  0.660704
0.81  0.667401  0.667401  0.667401
0.82  0.674064  0.674064  0.674064
0.83  0.680694  0.680694  0.680694
0.84  0.68729  0.68729  0.68729
0.85  0.693854  0.693854  0.693854
0.86  0.700384  0.700384  0.700384
0.87  0.706882  0.706882  0.706882
0.88  0.713348  0.713348  0.713348
0.89  0.719781  0.719781  0.719781
0.9  0.726182  0.726182  0.726182
0.91  0.732551  0.732551  0.732551
0.92  0.738889  0.738889  0.738889
0.93  0.745194  0.745194  0.745194
0.94  0.751468  0.751468  0.751468
0.95  0.757711  0.757711  0.757711
0.96  0.763922  0.763922  0.763922
0.97  0.770103  0.770103  0.770103
0.98  0.776252  0.776252  0.776252
0.99  0.782371  0.782371  0.782371
1  0.788459  0.788459  0.788459
1.01  0.794517  0.794517  0.794517
1.02  0.800544  0.800544  0.800544
1.03  0.806542  0.806542  0.806542
1.04  0.812509  0.812509  0.812509
1.05  0.818446  0.818446  0.818446
1.06  0.824354  0.824354  0.824354
1.07  0.830232  0.830232  0.830232
1.08  0.836081  0.836081  0.836081
1.09  0.841901  0.841901  0.841901
1.1  0.847691  0.847691  0.847691
1.11  0.853453  0.853453  0.853453
1.12  0.859185  0.859185  0.859185
1.13  0.86489  0.86489  0.86489
1.14  0.870565  0.870565  0.870565
1.15  0.876212  0.876212  0.876212
1.16  0.881831  0.881831  0.881831
1.17  0.887422  0.887422  0.887422
1.18  0.892985  0.892985  0.892985
1.19  0.89852  0.89852  0.89852
1.2  0.904027  0.904027  0.904027
1.21  0.909507  0.909507  0.909507
1.22  0.91496  0.91496  0.91496
1.23  0.920385  0.920385  0.920385
1.24  0.925783  0.925783  0.925783
1.25  0.931154  0.931154  0.931154
1.26  0.936498  0.936498  0.936498
1.27  0.941816  0.941816  0.941816
1.28  0.947107  0.947107  0.947107
1.29  0.952371  0.952371  0.952371
1.3  0.957609  0.957609  0.957609
1.31  0.962821  0.962821  0.962821
1.32  0.968007  0.968007  0.968007
1.33  0.973167  0.973167  0.973167
1.34  0.978301  0.978301  0.978301
1.35  0.98341  0.98341  0.98341
1.36  0.988493  0.988493  0.988493
1.37  0.99355  0.99355  0.99355
1.38  0.998583  0.998583  0.998583
1.39  1.00359  1.00359  1.00359
1.4  1.00857  1.00857  1.00857
1.41  1.01353  1.01353  1.01353
1.42  1.01846  1.01846  1.01846
1.43  1.02337  1.02337  1.02337
1.44  1.02825  1.02825  1.02825
1.45  1.03311  1.03311  1.03311
1.46  1.03795  1.03795  1.03795
1.47  1.04276  1.04276  1.04276
1.48  1.04754  1.04754  1.04754
1.49  1.0523  1.0523  1.0523
1.5  1.05704  1.05704  1.05704
1.51  1.06176  1.06176  1.06176
1.52  1.06645  1.06645  1.06645
1.53  1.07112  1.07112  1.07112
1.54  1.07576  1.07576  1.07576
1.55  1.08038  1.08038  1.08038
1.56  1.08498  1.08498  1.08498
1.57  1.08956  1.08956  1.08956
1.58  1.09411  1.09411  1.09411
1.59  1.09864  1.09864  1.09864
1.6  1.10314  1.10314  1.10314
1.61  1.10763  1.10763  1.10763
1.62  1.11209  1.11209  1.11209
1.63  1.11653  1.11653  1.11653
1.64  1.12095  1.12095  1.12095
1.65  1.12534  1.12534  1.12534
1.66  1.12972  1.12972  1.12972
1.67  1.13407  1.13407  1.13407
1.68  1.1384  1.1384  1.1384
1.69  1.1427  1.1427  1.1427
1.7  1.14699  1.14699  1.14699
1.71  1.15126  1.15126  1.15126
1.72  1.1555  1.1555  1.1555
1.73  1.15972  1.15972  1.15972
1.74  1.16392  1.16392  1.16392
1.75  1.1681  1.1681  1.1681
1.76  1.17226  1.17226  1.17226
1.77  1.1764  1.1764  1.1764
1.78  1.18052  1.18052  1.18052
1.79  1.18462  1.18462  1.18462
1.8  1.18869  1.18869  1.18869
1.81  1.19275  1.19275  1.19275
1.82  1.19679  1.19679  1.19679
1.83  1.2008  1.2008  1.2008
1.84  1.2048  1.2048  1.2048
1.85  1.20878  1.20878  1.20878
1.86  1.21273  1.21273  1.21273
1.87  1.21667  1.21667  1.21667
1.88  1.22058  1.22058  1.22058
1.89  1.22448  1.22448  1.22448
1.9  1.22836  1.22836  1.22836
1.91  1.23222  1.23222  1.23222
1.92  1.23606  1.23606  1.23606
1.93  1.23988  1.23988  1.23988
1.94  1.24368  1.24368  1.24368
1.95  1.24746  1.24746  1.24746
1.96  1.25122  1.25122  1.25122
1.97  1.25496  1.25496  1.25496
1.98  1.25869  1.25869  1.25869
1.99  1.2624  1.2624  1.2624
2  1.26608  1.26608  1.26608
2.01  1.26975  1.26975  1.26975
2.02  1.27341  1.27341  1.27341
2.03  1.27704  1.27704  1.27704
2.04  1.28065  1.28065  1.28065
2.05  1.28425  1.28425  1.28425
2.06  1.28783  1.28783  1.28783
2.07  1.29139  1.29139  1.29139
2.08  1.29493  1.29493  1.29493
2.09  1.29846  1.29846  1.29846
2.1  1.30197  1.30197  1.30197
2.11  1.30546  1.30546  1.30546
2.12  1.30893  1.30893  1.30893
2.13  1.31238  1.31238  1.31238
2.14  1.31582  1.31582  1.31582
2.15  1.31924  1.31924  1.31924
2.16  1.32265  1.32265  1.32265
2.17  1.32603  1.32603  1.32603
2.18  1.3294  1.3294  1.3294
2.19  1.33276  1.33276  1.33276
2.2  1.33609  1.33609  1.33609
2.21  1.33941  1.33941  1.33941
2.22  1.34271  1.34271  1.34271
2.23  1.346  1.346  1.346
2.24  1.34927  1.34927  1.34927
2.25  1.35252  1.35252  1.35252
2.26  1.35576  1.35576  1.35576
2.27  1.35898  1.35898  1.35898
2.28  1.36219  1.36219  1.36219
2.29  1.36538  1.36538  1.36538
2.3  1.36855  1.36855  1.36855
2.31  1.37171  1.37171  1.37171
2.32  1.37485  1.37485  1.37485
2.33  1.37798  1.37798  1.37798
2.34  1.38109  1.38109  1.38109
2.35  1.38418  1.38418  1.38418
2.36  1.38726  1.38726  1.38726
2.37  1.39032  1.39032  1.39032
2.38  1.39337  1.39337  1.39337
2.39  1.3964  1.3964  1.3964
2.4  1.39942  1.39942  1.39942
2.41  1.40242  1.40242  1.40242
2.42  1.40541  1.40541  1.40541
2.43  1.40839  1.40839  1.40839
2.44  1.41134  1.41134  1.41134
2.45  1.41429  1.41429  1.41429
2.46  1.41722  1.41722  1.41722
2.47  1.42013  1.42013  1.42013
2.48  1.42303  1.42303  1.42303
2.49  1.42591  1.42591  1.42591
2.5  1.42878  1.42878  1.42878
2.51  1.43164  1.43164  1.43164
2.52  1.43448  1.43448  1.43448
2.53  1.43731  1.43731  1.43731
2.54  1.44012  1.44012  1.44012
2.55  1.44292  1.44292  1.44292
2.56  1.44571  1.44571  1.44571
2.57  1.44848  1.44848  1.44848
2.58  1.45124  1.45124  1.45124
2.59  1.45398  1.45398  1.45398
2.6  1.45671  1.45671  1.45671
2.61  1.45943  1.45943  1.45943
2.62  1.46213  1.46213  1.46213
2.63  1.46482  1.46482  1.46482
2.64  1.4675  1.4675  1.4675
2.65  1.47016  1.47016  1.47016
2.66  1.47281  1.47281  1.47281
2.67  1.47544  1.47544  1.47544
2.68  1.47807  1.47807  1.47807
2.69  1.48068  1.48068  1.48068
2.7  1.48327  1.48327  1.48327
2.71  1.48586  1.48586  1.48586
2.72  1.48843  1.48843  1.48843
2.73  1.49098  1.49098  1.49098
2.74  1.49353  1.49353  1.49353
2.75  1.49606  1.49606  1.49606
2.76  1.49858  1.49858  1.49858
2.77  1.50109  1.50109  1.50109
2.78  1.50358  1.50358  1.50358
2.79  1.50607  1.50607  1.50607
2.8  1.50853  1.50853  1.50853
2.81  1.51099  1.51099  1.51099
2.82  1.51344  1.51344  1.51344
2.83  1.51587  1.51587  1.51587
2.84  1.51829  1.51829  1.51829
2.85  1.5207  1.5207  1.5207
2.86  1.5231  1.5231  1.5231
2.87  1.52548  1.52548  1.52548
2.88  1.52785  1.52785  1.52785
2.89  1.53021  1.53021  1.53021
2.9  1.53256  1.53256  1.53256
2.91  1.5349  1.5349  1.5349
2.92  1.53723  1.53723  1.53723
2.93  1.53954  1.53954  1.53954
2.94  1.54184  1.54184  1.54184
2.95  1.54413  1.54413  1.54413
2.96  1.54641  1.54641  1.54641
2.97  1.54868  1.54868  1.54868
2.98  1.55094  1.55094  1.55094
2.99  1.55318  1.55318  1.55318
3  1.55542  1.55542  1.55542
3.01  1.55764  1.55764  1.55764
3.02  1.55985  1.55985  1.55985
3.03  1.56205  1.56205  1.56205
3.04  1.56424  1.56424  1.56424
3.05  1.56642  1.56642  1.56642
3.06  1.56859  1.56859  1.56859
3.07  1.57074  1.57074  1.57074
3.08  1.57289  1.57289  1.57289
3.09  1.57503  1.57503  1.57503
3.1  1.57715  1.57715  1.57715
3.11  1.57927  1.57927  1.57927
3.12  1.58137  1.58137  1.58137
3.13  1.58346  1.58346  1.58346
3.14  1.58555  1.58555  1.58555
3.15  1.58762  1.58762  1.58762
3.16  1.58968  1.58968  1.58968
3.17  1.59173  1.59173  1.59173
3.18  1.59377  1.59377  1.59377
3.19  1.5958  1.5958  1.5958
3.2  1.59782  1.59782  1.59782
3.21  1.59984  1.59984  1.59984
3.22  1.60184  1.60184  1.60184
3.23  1.60383  1.60383  1.60383
3.24  1.60581  1.60581  1.60581
3.25  1.60778  1.60778  1.60778
3.26  1.60974  1.60974  1.60974
3.27  1.61169  1.61169  1.61169
3.28  1.61363  1.61363  1.61363
3.29  1.61556  1.61556  1.61556
3.3  1.61749  1.61749  1.61749
3.31  1.6194  1.6194  1.6194
3.32  1.6213  1.6213  1.6213
3.33  1.6232  1.6232  1.6232
3.34  1.62508  1.62508  1.62508
3.35  1.62695  1.62695  1.62695
3.36  1.62882  1.62882  1.62882
3.37  1.63068  1.63068  1.63068
3.38  1.63252  1.63252  1.63252
3.39  1.63436  1.63436  1.63436
3.4  1.63619  1.63619  1.63619
3.41  1.63801  1.63801  1.63801
3.42  1.63982  1.63982  1.63982
3.43  1.64162  1.64162  1.64162
3.44  1.64341  1.64341  1.64341
3.45  1.64519  1.64519  1.64519
3.46  1.64697  1.64697  1.64697
3.47  1.64873  1.64873  1.64873
3.48  1.65049  1.65049  1.65049
3.49  1.65224  1.65224  1.65224
3.5  1.65397  1.65397  1.65397
3.51  1.6557  1.6557  1.6557
3.52  1.65743  1.65743  1.65743
3.53  1.65914  1.65914  1.65914
3.54  1.66084  1.66084  1.66084
3.55  1.66254  1.66254  1.66254
3.56  1.66423  1.66423  1.66423
3.57  1.66591  1.66591  1.66591
3.58  1.66758  1.66758  1.66758
3.59  1.66924  1.66924  1.66924
3.6  1.67089  1.67089  1.67089
3.61  1.67254  1.67254  1.67254
3.62  1.67417  1.67417  1.67417
3.63  1.6758  1.6758  1.6758
3.64  1.67742  1.67742  1.67742
3.65  1.67904  1.67904  1.67904
3.66  1.68064  1.68064  1.68064
3.67  1.68224  1.68224  1.68224
3.68  1.68383  1.68383  1.68383
3.69  1.68541  1.68541  1.68541
3.7  1.68698  1.68698  1.68698
3.71  1.68855  1.68855  1.68855
3.72  1.6901  1.6901  1.6901
3.73  1.69165  1.69165  1.69165
3.74  1.6932  1.6932  1.6932
3.75  1.69473  1.69473  1.69473
3.76  1.69626  1.69626  1.69626
3.77  1.69777  1.69777  1.69777
3.78  1.69929  1.69929  1.69929
3.79  1.70079  1.70079  1.70079
3.8  1.70229  1.70229  1.70229
3.81  1.70377  1.70377  1.70377
3.82  1.70525  1.70525  1.70525
3.83  1.70673  1.70673  1.70673
3.84  1.70819  1.70819  1.70819
3.85  1.70965  1.70965  1.70965
3.86  1.71111  1.71111  1.71111
3.87  1.71255  1.71255  1.71255
3.88  1.71399  1.71399  1.71399
3.89  1.71542  1.71542  1.71542
3.9  1.71684  1.71684  1.71684
3.91  1.71826  1.71826  1.71826
3.92  1.71966  1.71966  1.71966
3.93  1.72107  1.72107  1.72107
3.94  1.72246  1.72246  1.72246
3.95  1.72385  1.72385  1.72385
3.96  1.72523  1.72523  1.72523
3.97  1.7266  1.7266  1.7266
3.98  1.72797  1.72797  1.72797
3.99  1.72933  1.72933  1.72933
4  1.73068  1.73068  1.73068
4.01  1.73203  1.73203  1.73203
4.02  1.73337  1.73337  1.73337
4.03  1.7347  1.7347  1.7347
4.04  1.73603  1.73603  1.73603
4.05  1.73735  1.73735  1.73735
4.06  1.73866  1.73866  1.73866
4.07  1.73997  1.73997  1.73997
4.08  1.74127  1.74127  1.74127
4.09  1.74256  1.74256  1.74256
4.1  1.74385  1.74385  1.74385
4.11  1.74513  1.74513  1.74513
4.12  1.74641  1.74641  1.74641
4.13  1.74767  1.74767  1.74767
4.14  1.74894  1.74894  1.74894
4.15  1.75019  1.75019  1.75019
4.16  1.75144  1.75144  1.75144
4.17  1.75268  1.75268  1.75268
4.18  1.75392  1.75392  1.75392
4.19  1.75515  1.75515  1.75515
4.2  1.75637  1.75637  1.75637
4.21  1.75759  1.75759  1.75759
4.22  1.7588  1.7588  1.7588
4.23  1.76001  1.76001  1.76001
4.24  1.76121  1.76121  1.76121
4.25  1.7624  1.7624  1.7624
4.26  1.76359  1.76359  1.76359
4.27  1.76477  1.76477  1.76477
4.28  1.76595  1.76595  1.76595
4.29  1.76712  1.76712  1.76712
4.3  1.76828  1.76828  1.76828
4.31  1.76944  1.76944  1.76944
4.32  1.7706  1.7706  1.7706
4.33  1.77174  1.77174  1.77174
4.34  1.77288  1.77288  1.77288
4.35  1.77402  1.77402  1.77402
4.36  1.77515  1.77515  1.77515
4.37  1.77627  1.77627  1.77627
4.38  1.77739  1.77739  1.77739
4.39  1.77851  1.77851  1.77851
4.4  1.77961  1.77961  1.77961
4.41  1.78072  1.78072  1.78072
4.42  1.78181  1.78181  1.78181
4.43  1.7829  1.7829  1.7829
4.44  1.78399  1.78399  1.78399
4.45  1.78507  1.78507  1.78507
4.46  1.78614  1.78614  1.78614
4.47  1.78721  1.78721  1.78721
4.48  1.78828  1.78828  1.78828
4.49  1.78933  1.78933  1.78933
4.5  1.79039  1.79039  1.79039
4.51  1.79144  1.79144  1.79144
4.52  1.79248  1.79248  1.79248
4.53  1.79352  1.79352  1.79352
4.54  1.79455  1.79455  1.79455
4.55  1.79558  1.79558  1.79558
4.56  1.7966  1.7966  1.7966
4.57  1.79762  1.79762  1.79762
4.58  1.79863  1.79863  1.79863
4.59  1.79963  1.79963  1.79963
4.6  1.80064  1.80064  1.80064
4.61  1.80163  1.80163  1.80163
4.62  1.80262  1.80262  1.80262
4.63  1.80361  1.80361  1.80361
4.64  1.80459  1.80459  1.80459
4.65  1.80557  1.80557  1.80557
4.66  1.80654  1.80654  1.80654
4.67  1.80751  1.80751  1.80751
4.68  1.80847  1.80847  1.80847
4.69  1.80943  1.80943  1.80943
4.7  1.81038  1.81038  1.81038
4.71  1.81133  1.81133  1.81133
4.72  1.81227  1.81227  1.81227
4.73  1.81321  1.81321  1.81321
4.74  1.81415  1.81415  1.81415
4.75  1.81508  1.81508  1.81508
4.76  1.816  1.816  1.816
4.77  1.81692  1.81692  1.81692
4.78  1.81784  1.81784  1.81784
4.79  1.81875  1.81875  1.81875
4.8  1.81965  1.81965  1.81965
4.81  1.82055  1.82055  1.82055
4.82  1.82145  1.82145  1.82145
4.83  1.82234  1.82234  1.82234
4.84  1.82323  1.82323  1.82323
4.85  1.82412  1.82412  1.82412
4.86  1.825  1.825  1.825
4.87  1.82587  1.82587  1.82587
4.88  1.82674  1.82674  1.82674
4.89  1.82761  1.82761  1.82761
4.9  1.82847  1.82847  1.82847
4.91  1.82933  1.82933  1.82933
4.92  1.83018  1.83018  1.83018
4.93  1.83103  1.83103  1.83103
4.94  1.83188  1.83188  1.83188
4.95  1.83272  1.83272  1.83272
4.96  1.83355  1.83355  1.83355
4.97  1.83438  1.83438  1.83438
4.98  1.83521  1.83521  1.83521
4.99  1.83604  1.83604  1.83604
5  1.83686  1.83686  1.83686
5.01  1.83767  1.83767  1.83767
5.02  1.83848  1.83848  1.83848
5.03  1.83929  1.83929  1.83929
5.04  1.84009  1.84009  1.84009
5.05  1.84089  1.84089  1.84089
5.06  1.84169  1.84169  1.84169
5.07  1.84248  1.84248  1.84248
5.08  1.84327  1.84327  1.84327
5.09  1.84405  1.84405  1.84405
5.1  1.84483  1.84483  1.84483
5.11  1.84561  1.84561  1.84561
5.12  1.84638  1.84638  1.84638
5.13  1.84715  1.84715  1.84715
5.14  1.84791  1.84791  1.84791
5.15  1.84867  1.84867  1.84867
5.16  1.84943  1.84943  1.84943
5.17  1.85018  1.85018  1.85018
5.18  1.85093  1.85093  1.85093
5.19  1.85168  1.85168  1.85168
5.2  1.85242  1.85242  1.85242
5.21  1.85316  1.85316  1.85316
5.22  1.85389  1.85389  1.85389
5.23  1.85462  1.85462  1.85462
5.24  1.85535  1.85535  1.85535
5.25  1.85607  1.85607  1.85607
5.26  1.85679  1.85679  1.85679
5.27  1.85751  1.85751  1.85751
5.28  1.85822  1.85822  1.85822
5.29  1.85893  1.85893  1.85893
5.3  1.85963  1.85963  1.85963
5.31  1.86034  1.86034  1.86034
5.32  1.86103  1.86103  1.86103
5.33  1.86173  1.86173  1.86173
5.34  1.86242  1.86242  1.86242
5.35  1.86311  1.86311  1.86311
5.36  1.86379  1.86379  1.86379
5.37  1.86447  1.86447  1.86447
5.38  1.86515  1.86515  1.86515
5.39  1.86583  1.86583  1.86583
5.4  1.8665  1.8665  1.8665
5.41  1.86716  1.86716  1.86716
5.42  1.86783  1.86783  1.86783
5.43  1.86849  1.86849  1.86849
5.44  1.86915  1.86915  1.86915
5.45  1.8698  1.8698  1.8698
5.46  1.87045  1.87045  1.87045
5.47  1.8711  1.8711  1.8711
5.48  1.87174  1.87174  1.87174
5.49  1.87239  1.87239  1.87239
5.5  1.87302  1.87302  1.87302
5.51  1.87366  1.87366  1.87366
5.52  1.87429  1.87429  1.87429
5.53  1.87492  1.87492  1.87492
5.54  1.87554  1.87554  1.87554
5.55  1.87617  1.87617  1.87617
5.56  1.87679  1.87679  1.87679
5.57  1.8774  1.8774  1.8774
5.58  1.87801  1.87801  1.87801
5.59  1.87862  1.87862  1.87862
5.6  1.87923  1.87923  1.87923
5.61  1.87983  1.87983  1.87983
5.62  1.88044  1.88044  1.88044
5.63  1.88103  1.88103  1.88103
5.64  1.88163  1.88163  1.88163
5.65  1.88222  1.88222  1.88222
5.66  1.88281  1.88281  1.88281
5.67  1.8834  1.8834  1.8834
5.68  1.88398  1.88398  1.88398
5.69  1.88456  1.88456  1.88456
5.7  1.88514  1.88514  1.88514
5.71  1.88571  1.88571  1.88571
5.72  1.88628  1.88628  1.88628
5.73  1.88685  1.88685  1.88685
5.74  1.88742  1.88742  1.88742
5.75  1.88798  1.88798  1.88798
5.76  1.88854  1.88854  1.88854
5.77  1.8891  1.8891  1.8891
5.78  1.88965  1.88965  1.88965
5.79  1.8902  1.8902  1.8902
5.8  1.89075  1.89075  1.89075
5.81  1.8913  1.8913  1.8913
5.82  1.89184  1.89184  1.89184
5.83  1.89238  1.89238  1.89238
5.84  1.89292  1.89292  1.89292
5.85  1.89346  1.89346  1.89346
5.86  1.89399  1.89399  1.89399
5.87  1.89452  1.89452  1.89452
5.88  1.89505  1.89505  1.89505
5.89  1.89557  1.89557  1.89557
5.9  1.89609  1.89609  1.89609
5.91  1.89661  1.89661  1.89661
5.92  1.89713  1.89713  1.89713
5.93  1.89764  1.89764  1.89764
5.94  1.89815  1.89815  1.89815
5.95  1.89866  1.89866  1.89866
5.96  1.89917  1.89917  1.89917
5.97  1.89967  1.89967  1.89967
5.98  1.90018  1.90018  1.90018
5.99  1.90068  1.90068  1.90068
6  1.90117  1.90117  1.90117
6.01  1.90167  1.90167  1.90167
6.02  1.90216  1.90216  1.90216
6.03  1.90265  1.90265  1.90265
6.04  1.90313  1.90313  1.90313
6.05  1.90362  1.90362  1.90362
6.06  1.9041  1.9041  1.9041
6.07  1.90458  1.90458  1.90458
6.08  1.90506  1.90506  1.90506
6.09  1.90553  1.90553  1.90553
6.1  1.906  1.906  1.906
6.11  1.90647  1.90647  1.90647
6.12  1.90694  1.90694  1.90694
6.13  1.90741  1.90741  1.90741
6.14  1.90787  1.90787  1.90787
6.15  1.90833  1.90833  1.90833
6.16  1.90879  1.90879  1.90879
6.17  1.90924  1.90924  1.90924
6.18  1.9097  1.9097  1.9097
6.19  1.91015  1.91015  1.91015
6.2  1.9106  1.9106  1.9106
6.21  1.91105  1.91105  1.91105
6.22  1.91149  1.91149  1.91149
6.23  1.91193  1.91193  1.91193
6.24  1.91237  1.91237  1.91237
6.25  1.91281  1.91281  1.91281
6.26  1.91325  1.91325  1.91325
6.27  1.91368  1.91368  1.91368
6.28  1.91411  1.91411  1.91411
6.29  1.91454  1.91454  1.91454
6.3  1.91497  1.91497  1.91497
6.31  1.9154  1.9154  1.9154
6.32  1.91582  1.91582  1.91582
6.33  1.91624  1.91624  1.91624
6.34  1.91666  1.91666  1.91666
6.35  1.91707  1.91707  1.91707
6.36  1.91749  1.91749  1.91749
6.37  1.9179  1.9179  1.9179
6.38  1.91831  1.91831  1.91831
6.39  1.91872  1.91872  1.91872
6.4  1.91913  1.91913  1.91913
6.41  1.91953  1.91953  1.91953
6.42  1.91993  1.91993  1.91993
6.43  1.92033  1.92033  1.92033
6.44  1.92073  1.92073  1.92073
6.45  1.92113  1.92113  1.92113
6.46  1.92152  1.92152  1.92152
6.47  1.92192  1.92192  1.92192
6.48  1.92231  1.92231  1.92231
6.49  1.92269  1.92269  1.92269
6.5  1.92308  1.92308  1.92308
6.51  1.92347  1.92347  1.92347
6.52  1.92385  1.92385  1.92385
6.53  1.92423  1.92423  1.92423
6.54  1.92461  1.92461  1.92461
6.55  1.92499  1.92499  1.92499
6.56  1.92536  1.92536  1.92536
6.57  1.92573  1.92573  1.92573
6.58  1.9261  1.9261  1.9261
6.59  1.92647  1.92647  1.92647
6.6  1.92684  1.92684  1.92684
6.61  1.92721  1.92721  1.92721
6.62  1.92757  1.92757  1.92757
6.63  1.92793  1.92793  1.92793
6.64  1.92829  1.92829  1.92829
6.65  1.92865  1.92865  1.92865
6.66  1.92901  1.92901  1.92901
6.67  1.92936  1.92936  1.92936
6.68  1.92972  1.92972  1.92972
6.69  1.93007  1.93007  1.93007
6.7  1.93042  1.93042  1.93042
6.71  1.93077  1.93077  1.93077
6.72  1.93111  1.93111  1.93111
6.73  1.93146  1.93146  1.93146
6.74  1.9318  1.9318  1.9318
6.75  1.93214  1.93214  1.93214
6.76  1.93248  1.93248  1.93248
6.77  1.93282  1.93282  1.93282
6.78  1.93315  1.93315  1.93315
6.79  1.93349  1.93349  1.93349
6.8  1.93382  1.93382  1.93382
6.81  1.93415  1.93415  1.93415
6.82  1.93448  1.93448  1.93448
6.83  1.93481  1.93481  1.93481
6.84  1.93513  1.93513  1.93513
6.85  1.93546  1.93546  1.93546
6.86  1.93578  1.93578  1.93578
6.87  1.9361  1.9361  1.9361
6.88  1.93642  1.93642  1.93642
6.89  1.93674  1.93674  1.93674
6.9  1.93706  1.93706  1.93706
6.91  1.93737  1.93737  1.93737
6.92  1.93768  1.93768  1.93768
6.93  1.938  1.938  1.938
6.94  1.93831  1.93831  1.93831
6.95  1.93861  1.93861  1.93861
6.96  1.93892  1.93892  1.93892
6.97  1.93923  1.93923  1.93923
6.98  1.93953  1.93953  1.93953
6.99  1.93983  1.93983  1.93983
7  1.94013  1.94013  1.94013
7.01  1.94043  1.94043  1.94043
7.02  1.94073  1.94073  1.94073
7.03  1.94103  1.94103  1.94103
7.04  1.94132  1.94132  1.94132
7.05  1.94161  1.94161  1.94161
7.06  1.94191  1.94191  1.94191
7.07  1.9422  1.9422  1.9422
7.08  1.94249  1.94249  1.94249
7.09  1.94277  1.94277  1.94277
7.1  1.94306  1.94306  1.94306
7.11  1.94334  1.94334  1.94334
7.12  1.94363  1.94363  1.94363
7.13  1.94391  1.94391  1.94391
7.14  1.94419  1.94419  1.94419
7.15  1.94447  1.94447  1.94447
7.16  1.94475  1.94475  1.94475
7.17  1.94502  1.94502  1.94502
7.18  1.9453  1.9453  1.9453
7.19  1.94557  1.94557  1.94557
7.2  1.94584  1.94584  1.94584
7.21  1.94611  1.94611  1.94611
7.22  1.94638  1.94638  1.94638
7.23  1.94665  1.94665  1.94665
7.24  1.94692  1.94692  1.94692
7.25  1.94718  1.94718  1.94718
7.26  1.94745  1.94745  1.94745
7.27  1.94771  1.94771  1.94771
7.28  1.94797  1.94797  1.94797
7.29  1.94823  1.94823  1.94823
7.3  1.94849  1.94849  1.94849
7.31  1.94875  1.94875  1.94875
7.32  1.94901  1.94901  1.94901
7.33  1.94926  1.94926  1.94926
7.34  1.94951  1.94951  1.94951
7.35  1.94977  1.94977  1.94977
7.36  1.95002  1.95002  1.95002
7.37  1.95027  1.95027  1.95027
7.38  1.95052  1.95052  1.95052
7.39  1.95076  1.95076  1.95076
7.4  1.95101  1.95101  1.95101
7.41  1.95125  1.95125  1.95125
7.42  1.9515  1.9515  1.9515
7.43  1.95174  1.95174  1.95174
7.44  1.95198  1.95198  1.95198
7.45  1.95222  1.95222  1.95222
7.46  1.95246  1.95246  1.95246
7.47  1.9527  1.9527  1.9527
7.48  1.95294  1.95294  1.95294
7.49  1.95317  1.95317  1.95317
7.5  1.9534  1.9534  1.9534
7.51  1.95364  1.95364  1.95364
7.52  1.95387  1.95387  1.95387
7.53  1.9541  1.9541  1.9541
7.54  1.95433  1.95433  1.95433
7.55  1.95456  1.95456  1.95456
7.56  1.95479  1.95479  1.95479
7.57  1.95501  1.95501  1.95501
7.58  1.95524  1.95524  1.95524
7.59  1.95546  1.95546  1.95546
7.6  1.95568  1.95568  1.95568
7.61  1.9559  1.9559  1.9559
7.62  1.95612  1.95612  1.95612
7.63  1.95634  1.95634  1.95634
7.64  1.95656  1.95656  1.95656
7.65  1.95678  1.95678  1.95678
7.66  1.957  1.957  1.957
7.67  1.95721  1.95721  1.95721
7.68  1.95742  1.95742  1.95742
7.69  1.95764  1.95764  1.95764
7.7  1.95785  1.95785  1.95785
7.71  1.95806  1.95806  1.95806
7.72  1.95827  1.95827  1.95827
7.73  1.95848  1.95848  1.95848
7.74  1.95869  1.95869  1.95869
7.75  1.95889  1.95889  1.95889
7.76  1.9591  1.9591  1.9591
7.77  1.9593  1.9593  1.9593
7.78  1.95951  1.95951  1.95951
7.79  1.95971  1.95971  1.95971
7.8  1.95991  1.95991  1.95991
7.81  1.96011  1.96011  1.96011
7.82  1.96031  1.96031  1.96031
7.83  1.96051  1.96051  1.96051
7.84  1.96071  1.96071  1.96071
7.85  1.9609  1.9609  1.9609
7.86  1.9611  1.9611  1.9611
7.87  1.96129  1.96129  1.96129
7.88  1.96149  1.96149  1.96149
7.89  1.96168  1.96168  1.96168
7.9  1.96187  1.96187  1.96187
7.91  1.96206  1.96206  1.96206
7.92  1.96225  1.96225  1.96225
7.93  1.96244  1.96244  1.96244
7.94  1.96263  1.96263  1.96263
7.95  1.96281  1.96281  1.96281
7.96  1.963  1.963  1.963
7.97  1.96318  1.96318  1.96318
7.98  1.96337  1.96337  1.96337
7.99  1.96355  1.96355  1.96355
8  1.96373  1.96373  1.96373
8.01  1.96392  1.96392  1.96392
8.02  1.9641  1.9641  1.9641
8.03  1.96428  1.96428  1.96428
8.04  1.96445  1.96445  1.96445
8.05  1.96463  1.96463  1.96463
8.06  1.96481  1.96481  1.96481
8.07  1.96498  1.96498  1.96498
8.08  1.96516  1.96516  1.96516
8.09  1.96533  1.96533  1.96533
8.1  1.96551  1.96551  1.96551
8.11  1.96568  1.96568  1.96568
8.12  1.96585  1.96585  1.96585
8.13  1.96602  1.96602  1.96602
8.14  1.96619  1.96619  1.96619
8.15  1.96636  1.96636  1.96636
8.16  1.96653  1.96653  1.96653
8.17  1.9667  1.9667  1.9667
8.18  1.96686  1.96686  1.96686
8.19  1.96703  1.96703  1.96703
8.2  1.96719  1.96719  1.96719
8.21  1.96736  1.96736  1.96736
8.22  1.96752  1.96752  1.96752
8.23  1.96768  1.96768  1.96768
8.24  1.96784  1.96784  1.96784
8.25  1.96801  1.96801  1.96801
8.26  1.96817  1.96817  1.96817
8.27  1.96832  1.96832  1.96832
8.28  1.96848  1.96848  1.96848
8.29  1.96864  1.96864  1.96864
8.3  1.9688  1.9688  1.9688
8.31  1.96895  1.96895  1.96895
8.32  1.96911  1.96911  1.96911
8.33  1.96926  1.96926  1.96926
8.34  1.96942  1.96942  1.96942
8.35  1.96957  1.96957  1.96957
8.36  1.96972  1.96972  1.96972
8.37  1.96987  1.96987  1.96987
8.38  1.97002  1.97002  1.97002
8.39  1.97017  1.97017  1.97017
8.4  1.97032  1.97032  1.97032
8.41  1.97047  1.97047  1.97047
8.42  1.97062  1.97062  1.97062
8.43  1.97077  1.97077  1.97077
8.44  1.97091  1.97091  1.97091
8.45  1.97106  1.97106  1.97106
8.46  1.9712  1.9712  1.9712
8.47  1.97135  1.97135  1.97135
8.48  1.97149  1.97149  1.97149
8.49  1.97163  1.97163  1.97163
8.5  1.97177  1.97177  1.97177
8.51  1.97192  1.97192  1.97192
8.52  1.97206  1.97206  1.97206
8.53  1.9722  1.9722  1.9722
8.54  1.97233  1.97233  1.97233
8.55  1.97247  1.97247  1.97247
8.56  1.97261  1.97261  1.97261
8.57  1.97275  1.97275  1.97275
8.58  1.97288  1.97288  1.97288
8.59  1.97302  1.97302  1.97302
8.6  1.97315  1.97315  1.97315
8.61  1.97329  1.97329  1.97329
8.62  1.97342  1.97342  1.97342
8.63  1.97355  1.97355  1.97355
8.64  1.97369  1.97369  1.97369
8.65  1.97382  1.97382  1.97382
8.66  1.97395  1.97395  1.97395
8.67  1.97408  1.97408  1.97408
8.68  1.97421  1.97421  1.97421
8.69  1.97434  1.97434  1.97434
8.7  1.97447  1.97447  1.97447
8.71  1.97459  1.97459  1.97459
8.72  1.97472  1.97472  1.97472
8.73  1.97485  1.97485  1.97485
8.74  1.97497  1.97497  1.97497
8.75  1.9751  1.9751  1.9751
8.76  1.97522  1.97522  1.97522
8.77  1.97535  1.97535  1.97535
8.78  1.97547  1.97547  1.97547
8.79  1.97559  1.97559  1.97559
8.8  1.97571  1.97571  1.97571
8.81  1.97584  1.97584  1.97584
8.82  1.97596  1.97596  1.97596
8.83  1.97608  1.97608  1.97608
8.84  1.9762  1.9762  1.9762
8.85  1.97632  1.97632  1.97632
8.86  1.97643  1.97643  1.97643
8.87  1.97655  1.97655  1.97655
8.88  1.97667  1.97667  1.97667
8.89  1.97679  1.97679  1.97679
8.9  1.9769  1.9769  1.9769
8.91  1.97702  1.97702  1.97702
8.92  1.97713  1.97713  1.97713
8.93  1.97725  1.97725  1.97725
8.94  1.97736  1.97736  1.97736
8.95  1.97747  1.97747  1.97747
8.96  1.97759  1.97759  1.97759
8.97  1.9777  1.9777  1.9777
8.98  1.97781  1.97781  1.97781
8.99  1.97792  1.97792  1.97792
9  1.97803  1.97803  1.97803
9.01  1.97814  1.97814  1.97814
9.02  1.97825  1.97825  1.97825
9.03  1.97836  1.97836  1.97836
9.04  1.97847  1.97847  1.97847
9.05  1.97858  1.97858  1.97858
9.06  1.97868  1.97868  1.97868
9.07  1.97879  1.97879  1.97879
9.08  1.97889  1.97889  1.97889
9.09  1.979  1.979  1.979
9.1  1.97911  1.97911  1.97911
9.11  1.97921  1.97921  1.97921
9.12  1.97931  1.97931  1.97931
9.13  1.97942  1.97942  1.97942
9.14  1.97952  1.97952  1.97952
9.15  1.97962  1.97962  1.97962
9.16  1.97972  1.97972  1.97972
9.17  1.97983  1.97983  1.97983
9.18  1.97993  1.97993  1.97993
9.19  1.98003  1.98003  1.98003
9.2  1.98013  1.98013  1.98013
9.21  1.98023  1.98023  1.98023
9.22  1.98033  1.98033  1.98033
9.23  1.98042  1.98042  1.98042
9.24  1.98052  1.98052  1.98052
9.25  1.98062  1.98062  1.98062
9.26  1.98072  1.98072  1.98072
9.27  1.98081  1.98081  1.98081
9.28  1.98091  1.98091  1.98091
9.29  1.981  1.981  1.981
9.3  1.9811  1.9811  1.9811
9.31  1.98119  1.98119  1.98119
9.32  1.98129  1.98129  1.98129
9.33  1.98138  1.98138  1.98138
9.34  1.98147  1.98147  1.98147
9.35  1.98157  1.98157  1.98157
9.36  1.98166  1.98166  1.98166
9.37  1.98175  1.98175  1.98175
9.38  1.98184  1.98184  1.98184
9.39  1.98193  1.98193  1.98193
9.4  1.98202  1.98202  1.98202
9.41  1.98211  1.98211  1.98211
9.42  1.9822  1.9822  1.9822
9.43  1.98229  1.98229  1.98229
9.44  1.98238  1.98238  1.98238
9.45  1.98247  1.98247  1.98247
9.46  1.98256  1.98256  1.98256
9.47  1.98264  1.98264  1.98264
9.48  1.98273  1.98273  1.98273
9.49  1.98282  1.98282  1.98282
9.5  1.9829  1.9829  1.9829
9.51  1.98299  1.98299  1.98299
9.52  1.98307  1.98307  1.98307
9.53  1.98316  1.98316  1.98316
9.54  1.98324  1.98324  1.98324
9.55  1.98332  1.98332  1.98332
9.56  1.98341  1.98341  1.98341
9.57  1.98349  1.98349  1.98349
9.58  1.98357  1.98357  1.98357
9.59  1.98366  1.98366  1.98366
9.6  1.98374  1.98374  1.98374
9.61  1.98382  1.98382  1.98382
9.62  1.9839  1.9839  1.9839
9.63  1.98398  1.98398  1.98398
9.64  1.98406  1.98406  1.98406
9.65  1.98414  1.98414  1.98414
9.66  1.98422  1.98422  1.98422
9.67  1.9843  1.9843  1.9843
9.68  1.98438  1.98438  1.98438
9.69  1.98445  1.98445  1.98445
9.7  1.98453  1.98453  1.98453
9.71  1.98461  1.98461  1.98461
9.72  1.98469  1.98469  1.98469
9.73  1.98476  1.98476  1.98476
9.74  1.98484  1.98484  1.98484
9.75  1.98492  1.98492  1.98492
9.76  1.98499  1.98499  1.98499
9.77  1.98507  1.98507  1.98507
9.78  1.98514  1.98514  1.98514
9.79  1.98521  1.98521  1.98521
9.8  1.98529  1.98529  1.98529
9.81  1.98536  1.98536  1.98536
9.82  1.98544  1.98544  1.98544
9.83  1.98551  1.98551  1.98551
9.84  1.98558  1.98558  1.98558
9.85  1.98565  1.98565  1.98565
9.86  1.98572  1.98572  1.98572
9.87  1.9858  1.9858  1.9858
9.88  1.98587  1.98587  1.98587
9.89  1.98594  1.98594  1.98594
9.9  1.98601  1.98601  1.98601
9.91  1.98608  1.98608  1.98608
9.92  1.98615  1.98615  1.98615
9.93  1.98622  1.98622  1.98622
9.94  1.98629  1.98629  1.98629
9.95  1.98635  1.98635  1.98635
9.96  1.98642  1.98642  1.98642
9.97  1.98649  1.98649  1.98649
9.98  1.98656  1.98656  1.98656
9.99  1.98663  1.98663  1.98663
10  1.98669  1.98669  1.98669
