2 -0.0289637
2.01 -0.0282833
2.02 -0.0276234
2.03 -0.0269833
2.04 -0.0263623
2.05 -0.0257597
2.06 -0.0251748
2.07 -0.024607
2.08 -0.0240556
2.09 -0.0235201
2.1 -0.0229999
2.11 -0.0224945
2.12 -0.0220033
2.13 -0.0215259
2.14 -0.0210618
2.15 -0.0206105
2.16 -0.0201716
2.17 -0.0197446
2.18 -0.0193293
2.19 -0.0189251
2.2 -0.0185317
2.21 -0.0181488
2.22 -0.017776
2.23 -0.0174131
2.24 -0.0170596
2.25 -0.0167152
2.26 -0.0163798
2.27 -0.0160529
2.28 -0.0157344
2.29 -0.015424
2.3 -0.0151213
2.31 -0.0148263
2.32 -0.0145386
2.33 -0.014258
2.34 -0.0139843
2.35 -0.0137173
2.36 -0.0134569
2.37 -0.0132027
2.38 -0.0129546
2.39 -0.0127125
2.4 -0.0124762
2.41 -0.0122454
2.42 -0.0120201
2.43 -0.0118
2.44 -0.0115851
2.45 -0.0113752
2.46 -0.0111701
2.47 -0.0109697
2.48 -0.0107739
2.49 -0.0105825
2.5 -0.0103955
2.51 -0.0102126
2.52 -0.0100338
2.53 -0.00985906
2.54 -0.00968814
2.55 -0.00952098
2.56 -0.00935749
2.57 -0.00919757
2.58 -0.00904111
2.59 -0.00888804
2.6 -0.00873825
2.61 -0.00859167
2.62 -0.0084482
2.63 -0.00830778
2.64 -0.00817032
2.65 -0.00803574
2.66 -0.00790397
2.67 -0.00777494
2.68 -0.00764858
2.69 -0.00752483
2.7 -0.00740361
2.71 -0.00728487
2.72 -0.00716854
2.73 -0.00705457
2.74 -0.00694289
2.75 -0.00683345
2.76 -0.00672619
2.77 -0.00662107
2.78 -0.00651803
2.79 -0.00641701
2.8 -0.00631798
2.81 -0.00622088
2.82 -0.00612568
2.83 -0.00603231
2.84 -0.00594075
2.85 -0.00585094
2.86 -0.00576285
2.87 -0.00567644
2.88 -0.00559167
2.89 -0.0055085
2.9 -0.00542689
2.91 -0.00534681
2.92 -0.00526822
2.93 -0.0051911
2.94 -0.0051154
2.95 -0.0050411
2.96 -0.00496816
2.97 -0.00489655
2.98 -0.00482625
2.99 -0.00475722
3 -0.00468944
3.01 -0.00462288
3.02 -0.00455752
3.03 -0.00449332
3.04 -0.00443026
3.05 -0.00436832
3.06 -0.00430747
3.07 -0.00424769
3.08 -0.00418896
3.09 -0.00413126
3.1 -0.00407456
3.11 -0.00401884
3.12 -0.00396408
3.13 -0.00391026
3.14 -0.00385737
3.15 -0.00380537
3.16 -0.00375427
3.17 -0.00370402
3.18 -0.00365463
3.19 -0.00360606
3.2 -0.00355831
3.21 -0.00351136
3.22 -0.00346519
3.23 -0.00341978
3.24 -0.00337513
3.25 -0.00333121
3.26 -0.00328801
3.27 -0.00324551
3.28 -0.00320371
3.29 -0.00316258
3.3 -0.00312213
3.31 -0.00308232
3.32 -0.00304315
3.33 -0.00300461
3.34 -0.00296669
3.35 -0.00292937
3.36 -0.00289264
3.37 -0.00285649
3.38 -0.0028209
3.39 -0.00278588
3.4 -0.0027514
3.41 -0.00271747
3.42 -0.00268406
3.43 -0.00265116
3.44 -0.00261878
3.45 -0.00258689
3.46 -0.00255549
3.47 -0.00252457
3.48 -0.00249412
3.49 -0.00246413
3.5 -0.0024346
3.51 -0.00240551
3.52 -0.00237686
3.53 -0.00234864
3.54 -0.00232084
3.55 -0.00229346
3.56 -0.00226648
3.57 -0.0022399
3.58 -0.00221371
3.59 -0.00218791
3.6 -0.00216249
3.61 -0.00213744
3.62 -0.00211275
3.63 -0.00208842
3.64 -0.00206444
3.65 -0.00204081
3.66 -0.00201753
3.67 -0.00199457
3.68 -0.00197194
3.69 -0.00194964
3.7 -0.00192765
3.71 -0.00190598
3.72 -0.00188461
3.73 -0.00186354
3.74 -0.00184277
3.75 -0.00182229
3.76 -0.00180209
3.77 -0.00178218
3.78 -0.00176254
3.79 -0.00174318
3.8 -0.00172408
3.81 -0.00170525
3.82 -0.00168667
3.83 -0.00166835
3.84 -0.00165028
3.85 -0.00163245
3.86 -0.00161487
3.87 -0.00159752
3.88 -0.00158041
3.89 -0.00156353
3.9 -0.00154688
3.91 -0.00153045
3.92 -0.00151423
3.93 -0.00149824
3.94 -0.00148245
3.95 -0.00146688
3.96 -0.00145151
3.97 -0.00143634
3.98 -0.00142137
3.99 -0.0014066
4 -0.00139202
4.01 -0.00137763
4.02 -0.00136342
4.03 -0.0013494
4.04 -0.00133556
4.05 -0.0013219
4.06 -0.00130842
4.07 -0.00129511
4.08 -0.00128196
4.09 -0.00126899
4.1 -0.00125618
4.11 -0.00124353
4.12 -0.00123104
4.13 -0.00121871
4.14 -0.00120654
4.15 -0.00119452
4.16 -0.00118264
4.17 -0.00117092
4.18 -0.00115934
4.19 -0.00114791
4.2 -0.00113661
4.21 -0.00112546
4.22 -0.00111444
4.23 -0.00110356
4.24 -0.00109281
4.25 -0.0010822
4.26 -0.00107171
4.27 -0.00106135
4.28 -0.00105112
4.29 -0.00104101
4.3 -0.00103102
4.31 -0.00102115
4.32 -0.0010114
4.33 -0.00100177
4.34 -0.000992253
4.35 -0.000982849
4.36 -0.000973557
4.37 -0.000964375
4.38 -0.000955302
4.39 -0.000946335
4.4 -0.000937475
4.41 -0.000928718
4.42 -0.000920064
4.43 -0.000911511
4.44 -0.000903058
4.45 -0.000894703
4.46 -0.000886445
4.47 -0.000878282
4.48 -0.000870214
4.49 -0.000862239
4.5 -0.000854355
4.51 -0.000846562
4.52 -0.000838858
4.53 -0.000831242
4.54 -0.000823713
4.55 -0.000816269
4.56 -0.000808909
4.57 -0.000801633
4.58 -0.000794438
4.59 -0.000787325
4.6 -0.000780292
4.61 -0.000773337
4.62 -0.00076646
4.63 -0.000759659
4.64 -0.000752935
4.65 -0.000746284
4.66 -0.000739708
4.67 -0.000733204
4.68 -0.000726772
4.69 -0.00072041
4.7 -0.000714119
4.71 -0.000707896
4.72 -0.000701741
4.73 -0.000695653
4.74 -0.000689632
4.75 -0.000683676
4.76 -0.000677784
4.77 -0.000671956
4.78 -0.00066619
4.79 -0.000660487
4.8 -0.000654845
4.81 -0.000649263
4.82 -0.000643741
4.83 -0.000638278
4.84 -0.000632872
4.85 -0.000627525
4.86 -0.000622233
4.87 -0.000616998
4.88 -0.000611818
4.89 -0.000606692
4.9 -0.00060162
4.91 -0.000596602
4.92 -0.000591635
4.93 -0.000586721
4.94 -0.000581858
4.95 -0.000577045
4.96 -0.000572282
4.97 -0.000567568
4.98 -0.000562903
4.99 -0.000558286
5 -0.000553716
5.01 -0.000549194
5.02 -0.000544717
5.03 -0.000540286
5.04 -0.000535901
5.05 -0.00053156
5.06 -0.000527263
5.07 -0.000523009
5.08 -0.000518799
5.09 -0.000514631
5.1 -0.000510504
5.11 -0.00050642
5.12 -0.000502376
5.13 -0.000498373
5.14 -0.000494409
5.15 -0.000490485
5.16 -0.000486601
5.17 -0.000482754
5.18 -0.000478946
5.19 -0.000475175
5.2 -0.000471442
5.21 -0.000467745
5.22 -0.000464085
5.23 -0.00046046
5.24 -0.000456871
5.25 -0.000453317
5.26 -0.000449797
5.27 -0.000446312
5.28 -0.00044286
5.29 -0.000439442
5.3 -0.000436057
5.31 -0.000432705
5.32 -0.000429385
5.33 -0.000426097
5.34 -0.00042284
5.35 -0.000419615
5.36 -0.00041642
5.37 -0.000413256
5.38 -0.000410121
5.39 -0.000407017
5.4 -0.000403942
5.41 -0.000400896
5.42 -0.000397879
5.43 -0.00039489
5.44 -0.00039193
5.45 -0.000388997
5.46 -0.000386091
5.47 -0.000383213
5.48 -0.000380362
5.49 -0.000377537
5.5 -0.000374739
5.51 -0.000371966
5.52 -0.000369219
5.53 -0.000366498
5.54 -0.000363801
5.55 -0.00036113
5.56 -0.000358483
5.57 -0.00035586
5.58 -0.000353261
5.59 -0.000350686
5.6 -0.000348135
5.61 -0.000345607
5.62 -0.000343101
5.63 -0.000340619
5.64 -0.000338159
5.65 -0.000335721
5.66 -0.000333305
5.67 -0.000330911
5.68 -0.000328539
5.69 -0.000326187
5.7 -0.000323857
5.71 -0.000321548
5.72 -0.000319259
5.73 -0.000316991
5.74 -0.000314742
5.75 -0.000312514
5.76 -0.000310306
5.77 -0.000308117
5.78 -0.000305947
5.79 -0.000303797
5.8 -0.000301665
5.81 -0.000299552
5.82 -0.000297458
5.83 -0.000295382
5.84 -0.000293324
5.85 -0.000291284
5.86 -0.000289261
5.87 -0.000287257
5.88 -0.000285269
5.89 -0.000283299
5.9 -0.000281346
5.91 -0.00027941
5.92 -0.00027749
5.93 -0.000275587
5.94 -0.000273701
5.95 -0.00027183
5.96 -0.000269975
5.97 -0.000268137
5.98 -0.000266314
5.99 -0.000264506
6 -0.000262714
6.01 -0.000260937
6.02 -0.000259175
6.03 -0.000257428
6.04 -0.000255695
6.05 -0.000253977
6.06 -0.000252274
6.07 -0.000250585
6.08 -0.00024891
6.09 -0.000247249
6.1 -0.000245602
6.11 -0.000243969
6.12 -0.000242349
6.13 -0.000240743
6.14 -0.00023915
6.15 -0.00023757
6.16 -0.000236003
6.17 -0.000234449
6.18 -0.000232908
6.19 -0.00023138
6.2 -0.000229864
6.21 -0.000228361
6.22 -0.00022687
6.23 -0.000225391
6.24 -0.000223924
6.25 -0.000222469
6.26 -0.000221026
6.27 -0.000219594
6.28 -0.000218175
6.29 -0.000216766
6.3 -0.000215369
6.31 -0.000213984
6.32 -0.000212609
6.33 -0.000211246
6.34 -0.000209893
6.35 -0.000208551
6.36 -0.00020722
6.37 -0.0002059
6.38 -0.00020459
6.39 -0.000203291
6.4 -0.000202002
6.41 -0.000200723
6.42 -0.000199454
6.43 -0.000198195
6.44 -0.000196946
6.45 -0.000195707
6.46 -0.000194478
6.47 -0.000193259
6.48 -0.000192049
6.49 -0.000190848
6.5 -0.000189657
6.51 -0.000188475
6.52 -0.000187302
6.53 -0.000186139
6.54 -0.000184984
6.55 -0.000183839
6.56 -0.000182702
6.57 -0.000181574
6.58 -0.000180455
6.59 -0.000179345
6.6 -0.000178243
6.61 -0.000177149
6.62 -0.000176064
6.63 -0.000174987
6.64 -0.000173919
6.65 -0.000172858
6.66 -0.000171806
6.67 -0.000170761
6.68 -0.000169725
6.69 -0.000168697
6.7 -0.000167676
6.71 -0.000166663
6.72 -0.000165657
6.73 -0.00016466
6.74 -0.000163669
6.75 -0.000162686
6.76 -0.000161711
6.77 -0.000160743
6.78 -0.000159782
6.79 -0.000158828
6.8 -0.000157882
6.81 -0.000156942
6.82 -0.00015601
6.83 -0.000155084
6.84 -0.000154165
6.85 -0.000153253
6.86 -0.000152348
6.87 -0.000151449
6.88 -0.000150558
6.89 -0.000149672
6.9 -0.000148793
6.91 -0.000147921
6.92 -0.000147055
6.93 -0.000146195
6.94 -0.000145342
6.95 -0.000144495
6.96 -0.000143654
6.97 -0.000142819
6.98 -0.00014199
6.99 -0.000141167
7 -0.000140351
7.01 -0.00013954
7.02 -0.000138735
7.03 -0.000137935
7.04 -0.000137142
7.05 -0.000136354
7.06 -0.000135572
7.07 -0.000134796
7.08 -0.000134025
7.09 -0.000133259
7.1 -0.000132499
7.11 -0.000131745
7.12 -0.000130995
7.13 -0.000130251
7.14 -0.000129513
7.15 -0.00012878
7.16 -0.000128051
7.17 -0.000127328
7.18 -0.00012661
7.19 -0.000125898
7.2 -0.00012519
7.21 -0.000124487
7.22 -0.000123789
7.23 -0.000123096
7.24 -0.000122408
7.25 -0.000121724
7.26 -0.000121046
7.27 -0.000120372
7.28 -0.000119703
7.29 -0.000119038
7.3 -0.000118378
7.31 -0.000117723
7.32 -0.000117072
7.33 -0.000116425
7.34 -0.000115784
7.35 -0.000115146
7.36 -0.000114513
7.37 -0.000113884
7.38 -0.00011326
7.39 -0.00011264
7.4 -0.000112024
7.41 -0.000111412
7.42 -0.000110805
7.43 -0.000110201
7.44 -0.000109602
7.45 -0.000109007
7.46 -0.000108416
7.47 -0.000107829
7.48 -0.000107245
7.49 -0.000106666
7.5 -0.000106091
7.51 -0.000105519
7.52 -0.000104952
7.53 -0.000104388
7.54 -0.000103828
7.55 -0.000103272
7.56 -0.000102719
7.57 -0.00010217
7.58 -0.000101625
7.59 -0.000101084
7.6 -0.000100546
7.61 -0.000100012
7.62 -9.94807e-05
7.63 -9.89534e-05
7.64 -9.84297e-05
7.65 -9.79093e-05
7.66 -9.73924e-05
7.67 -9.6879e-05
7.68 -9.63689e-05
7.69 -9.58621e-05
7.7 -9.53587e-05
7.71 -9.48586e-05
7.72 -9.43618e-05
7.73 -9.38682e-05
7.74 -9.33779e-05
7.75 -9.28907e-05
7.76 -9.24068e-05
7.77 -9.19259e-05
7.78 -9.14482e-05
7.79 -9.09737e-05
7.8 -9.05021e-05
7.81 -9.00337e-05
7.82 -8.95682e-05
7.83 -8.91058e-05
7.84 -8.86464e-05
7.85 -8.81899e-05
7.86 -8.77363e-05
7.87 -8.72857e-05
7.88 -8.68379e-05
7.89 -8.63931e-05
7.9 -8.5951e-05
7.91 -8.55118e-05
7.92 -8.50754e-05
7.93 -8.46418e-05
7.94 -8.4211e-05
7.95 -8.37829e-05
7.96 -8.33575e-05
7.97 -8.29348e-05
7.98 -8.25148e-05
7.99 -8.20974e-05
8 -8.16827e-05
8.01 -8.12706e-05
8.02 -8.08611e-05
8.03 -8.04541e-05
8.04 -8.00497e-05
8.05 -7.96479e-05
8.06 -7.92486e-05
8.07 -7.88518e-05
8.08 -7.84575e-05
8.09 -7.80656e-05
8.1 -7.76762e-05
8.11 -7.72892e-05
8.12 -7.69046e-05
8.13 -7.65224e-05
8.14 -7.61426e-05
8.15 -7.57651e-05
8.16 -7.539e-05
8.17 -7.50172e-05
8.18 -7.46466e-05
8.19 -7.42784e-05
8.2 -7.39125e-05
8.21 -7.35488e-05
8.22 -7.31873e-05
8.23 -7.28281e-05
8.24 -7.2471e-05
8.25 -7.21162e-05
8.26 -7.17635e-05
8.27 -7.14129e-05
8.28 -7.10645e-05
8.29 -7.07183e-05
8.3 -7.03741e-05
8.31 -7.0032e-05
8.32 -6.9692e-05
8.33 -6.93541e-05
8.34 -6.90182e-05
8.35 -6.86844e-05
8.36 -6.83525e-05
8.37 -6.80227e-05
8.38 -6.76949e-05
8.39 -6.7369e-05
8.4 -6.70451e-05
8.41 -6.67231e-05
8.42 -6.64031e-05
8.43 -6.6085e-05
8.44 -6.57687e-05
8.45 -6.54544e-05
8.46 -6.5142e-05
8.47 -6.48314e-05
8.48 -6.45226e-05
8.49 -6.42157e-05
8.5 -6.39107e-05
8.51 -6.36074e-05
8.52 -6.33059e-05
8.53 -6.30062e-05
8.54 -6.27083e-05
8.55 -6.24122e-05
8.56 -6.21178e-05
8.57 -6.18251e-05
8.58 -6.15341e-05
8.59 -6.12449e-05
8.6 -6.09574e-05
8.61 -6.06715e-05
8.62 -6.03873e-05
8.63 -6.01048e-05
8.64 -5.98239e-05
8.65 -5.95447e-05
8.66 -5.92671e-05
8.67 -5.89911e-05
8.68 -5.87167e-05
8.69 -5.8444e-05
8.7 -5.81728e-05
8.71 -5.79031e-05
8.72 -5.76351e-05
8.73 -5.73685e-05
8.74 -5.71036e-05
8.75 -5.68401e-05
8.76 -5.65782e-05
8.77 -5.63177e-05
8.78 -5.60588e-05
8.79 -5.58014e-05
8.8 -5.55454e-05
8.81 -5.52909e-05
8.82 -5.50379e-05
8.83 -5.47863e-05
8.84 -5.45361e-05
8.85 -5.42874e-05
8.86 -5.404e-05
8.87 -5.37941e-05
8.88 -5.35496e-05
8.89 -5.33065e-05
8.9 -5.30647e-05
8.91 -5.28244e-05
8.92 -5.25853e-05
8.93 -5.23477e-05
8.94 -5.21114e-05
8.95 -5.18764e-05
8.96 -5.16427e-05
8.97 -5.14103e-05
8.98 -5.11793e-05
8.99 -5.09495e-05
9 -5.07211e-05
9.01 -5.04939e-05
9.02 -5.0268e-05
9.03 -5.00433e-05
9.04 -4.98199e-05
9.05 -4.95977e-05
9.06 -4.93768e-05
9.07 -4.91571e-05
9.08 -4.89387e-05
9.09 -4.87214e-05
9.1 -4.85054e-05
9.11 -4.82905e-05
9.12 -4.80768e-05
9.13 -4.78644e-05
9.14 -4.7653e-05
9.15 -4.74429e-05
9.16 -4.72339e-05
9.17 -4.70261e-05
9.18 -4.68194e-05
9.19 -4.66138e-05
9.2 -4.64094e-05
9.21 -4.6206e-05
9.22 -4.60038e-05
9.23 -4.58027e-05
9.24 -4.56027e-05
9.25 -4.54038e-05
9.26 -4.5206e-05
9.27 -4.50092e-05
9.28 -4.48135e-05
9.29 -4.46189e-05
9.3 -4.44254e-05
9.31 -4.42328e-05
9.32 -4.40414e-05
9.33 -4.38509e-05
9.34 -4.36615e-05
9.35 -4.34731e-05
9.36 -4.32857e-05
9.37 -4.30994e-05
9.38 -4.2914e-05
9.39 -4.27296e-05
9.4 -4.25462e-05
9.41 -4.23638e-05
9.42 -4.21824e-05
9.43 -4.2002e-05
9.44 -4.18225e-05
9.45 -4.1644e-05
9.46 -4.14664e-05
9.47 -4.12897e-05
9.48 -4.1114e-05
9.49 -4.09393e-05
9.5 -4.07654e-05
9.51 -4.05925e-05
9.52 -4.04205e-05
9.53 -4.02495e-05
9.54 -4.00793e-05
9.55 -3.991e-05
9.56 -3.97416e-05
9.57 -3.95741e-05
9.58 -3.94075e-05
9.59 -3.92417e-05
9.6 -3.90768e-05
9.61 -3.89128e-05
9.62 -3.87497e-05
9.63 -3.85874e-05
9.64 -3.84259e-05
9.65 -3.82653e-05
9.66 -3.81056e-05
9.67 -3.79466e-05
9.68 -3.77885e-05
9.69 -3.76312e-05
9.7 -3.74748e-05
9.71 -3.73191e-05
9.72 -3.71643e-05
9.73 -3.70102e-05
9.74 -3.6857e-05
9.75 -3.67045e-05
9.76 -3.65528e-05
9.77 -3.64019e-05
9.78 -3.62518e-05
9.79 -3.61025e-05
9.8 -3.59539e-05
9.81 -3.58061e-05
9.82 -3.56591e-05
9.83 -3.55128e-05
9.84 -3.53672e-05
9.85 -3.52224e-05
9.86 -3.50784e-05
9.87 -3.49351e-05
9.88 -3.47925e-05
9.89 -3.46506e-05
9.9 -3.45095e-05
9.91 -3.4369e-05
9.92 -3.42293e-05
9.93 -3.40903e-05
9.94 -3.3952e-05
9.95 -3.38144e-05
9.96 -3.36775e-05
9.97 -3.35413e-05
9.98 -3.34058e-05
9.99 -3.32709e-05
10 -3.31368e-05
10.01 -3.30033e-05
10.02 -3.28705e-05
10.03 -3.27383e-05
10.04 -3.26069e-05
10.05 -3.2476e-05
10.06 -3.23459e-05
10.07 -3.22164e-05
10.08 -3.20875e-05
10.09 -3.19593e-05
10.1 -3.18317e-05
10.11 -3.17047e-05
10.12 -3.15784e-05
10.13 -3.14527e-05
10.14 -3.13276e-05
10.15 -3.12032e-05
10.16 -3.10794e-05
10.17 -3.09562e-05
10.18 -3.08336e-05
10.19 -3.07116e-05
10.2 -3.05902e-05
10.21 -3.04694e-05
10.22 -3.03492e-05
10.23 -3.02296e-05
10.24 -3.01105e-05
10.25 -2.99921e-05
10.26 -2.98742e-05
10.27 -2.9757e-05
10.28 -2.96403e-05
10.29 -2.95241e-05
10.3 -2.94086e-05
10.31 -2.92936e-05
10.32 -2.91791e-05
10.33 -2.90653e-05
10.34 -2.89519e-05
10.35 -2.88392e-05
10.36 -2.87269e-05
10.37 -2.86153e-05
10.38 -2.85041e-05
10.39 -2.83935e-05
10.4 -2.82835e-05
10.41 -2.81739e-05
10.42 -2.80649e-05
10.43 -2.79565e-05
10.44 -2.78485e-05
10.45 -2.77411e-05
10.46 -2.76342e-05
10.47 -2.75278e-05
10.48 -2.74219e-05
10.49 -2.73165e-05
10.5 -2.72116e-05
10.51 -2.71072e-05
10.52 -2.70034e-05
10.53 -2.69e-05
10.54 -2.67971e-05
10.55 -2.66947e-05
10.56 -2.65928e-05
10.57 -2.64914e-05
10.58 -2.63905e-05
10.59 -2.629e-05
10.6 -2.61901e-05
10.61 -2.60906e-05
10.62 -2.59915e-05
10.63 -2.5893e-05
10.64 -2.57949e-05
10.65 -2.56972e-05
10.66 -2.56001e-05
10.67 -2.55034e-05
10.68 -2.54071e-05
10.69 -2.53113e-05
10.7 -2.5216e-05
10.71 -2.51211e-05
10.72 -2.50266e-05
10.73 -2.49326e-05
10.74 -2.4839e-05
10.75 -2.47459e-05
10.76 -2.46532e-05
10.77 -2.45609e-05
10.78 -2.44691e-05
10.79 -2.43777e-05
10.8 -2.42867e-05
10.81 -2.41961e-05
10.82 -2.4106e-05
10.83 -2.40163e-05
10.84 -2.3927e-05
10.85 -2.38381e-05
10.86 -2.37496e-05
10.87 -2.36616e-05
10.88 -2.35739e-05
10.89 -2.34867e-05
10.9 -2.33998e-05
10.91 -2.33134e-05
10.92 -2.32273e-05
10.93 -2.31417e-05
10.94 -2.30564e-05
10.95 -2.29716e-05
10.96 -2.28871e-05
10.97 -2.2803e-05
10.98 -2.27193e-05
10.99 -2.2636e-05
11 -2.25531e-05
11.01 -2.24705e-05
11.02 -2.23883e-05
11.03 -2.23065e-05
11.04 -2.22251e-05
11.05 -2.2144e-05
11.06 -2.20633e-05
11.07 -2.1983e-05
11.08 -2.19031e-05
11.09 -2.18235e-05
11.1 -2.17442e-05
11.11 -2.16653e-05
11.12 -2.15868e-05
11.13 -2.15087e-05
11.14 -2.14309e-05
11.15 -2.13534e-05
11.16 -2.12763e-05
11.17 -2.11995e-05
11.18 -2.11231e-05
11.19 -2.1047e-05
11.2 -2.09713e-05
11.21 -2.08959e-05
11.22 -2.08209e-05
11.23 -2.07461e-05
11.24 -2.06718e-05
11.25 -2.05977e-05
11.26 -2.0524e-05
11.27 -2.04506e-05
11.28 -2.03775e-05
11.29 -2.03048e-05
11.3 -2.02324e-05
11.31 -2.01603e-05
11.32 -2.00885e-05
11.33 -2.00171e-05
11.34 -1.99459e-05
11.35 -1.98751e-05
11.36 -1.98046e-05
11.37 -1.97344e-05
11.38 -1.96646e-05
11.39 -1.9595e-05
11.4 -1.95257e-05
11.41 -1.94568e-05
11.42 -1.93881e-05
11.43 -1.93197e-05
11.44 -1.92517e-05
11.45 -1.91839e-05
11.46 -1.91165e-05
11.47 -1.90493e-05
11.48 -1.89825e-05
11.49 -1.89159e-05
11.5 -1.88496e-05
11.51 -1.87836e-05
11.52 -1.87179e-05
11.53 -1.86525e-05
11.54 -1.85874e-05
11.55 -1.85225e-05
11.56 -1.84579e-05
11.57 -1.83937e-05
11.58 -1.83297e-05
11.59 -1.82659e-05
11.6 -1.82025e-05
11.61 -1.81393e-05
11.62 -1.80764e-05
11.63 -1.80138e-05
11.64 -1.79514e-05
11.65 -1.78893e-05
11.66 -1.78275e-05
11.67 -1.77659e-05
11.68 -1.77047e-05
11.69 -1.76436e-05
11.7 -1.75829e-05
11.71 -1.75224e-05
11.72 -1.74621e-05
11.73 -1.74021e-05
11.74 -1.73424e-05
11.75 -1.72829e-05
11.76 -1.72237e-05
11.77 -1.71648e-05
11.78 -1.7106e-05
11.79 -1.70476e-05
11.8 -1.69894e-05
11.81 -1.69314e-05
11.82 -1.68737e-05
11.83 -1.68162e-05
11.84 -1.6759e-05
11.85 -1.6702e-05
11.86 -1.66453e-05
11.87 -1.65888e-05
11.88 -1.65325e-05
11.89 -1.64765e-05
11.9 -1.64207e-05
11.91 -1.63651e-05
11.92 -1.63098e-05
11.93 -1.62547e-05
11.94 -1.61999e-05
11.95 -1.61453e-05
11.96 -1.60909e-05
11.97 -1.60367e-05
11.98 -1.59828e-05
11.99 -1.59291e-05
12 -1.58756e-05
12.01 -1.58223e-05
12.02 -1.57693e-05
12.03 -1.57165e-05
12.04 -1.56639e-05
12.05 -1.56115e-05
12.06 -1.55593e-05
12.07 -1.55074e-05
12.08 -1.54557e-05
12.09 -1.54042e-05
12.1 -1.53529e-05
12.11 -1.53018e-05
12.12 -1.52509e-05
12.13 -1.52003e-05
12.14 -1.51498e-05
12.15 -1.50996e-05
12.16 -1.50496e-05
12.17 -1.49997e-05
12.18 -1.49501e-05
12.19 -1.49007e-05
12.2 -1.48515e-05
12.21 -1.48025e-05
12.22 -1.47537e-05
12.23 -1.47051e-05
12.24 -1.46567e-05
12.25 -1.46085e-05
12.26 -1.45605e-05
12.27 -1.45127e-05
12.28 -1.4465e-05
12.29 -1.44176e-05
12.3 -1.43704e-05
12.31 -1.43234e-05
12.32 -1.42765e-05
12.33 -1.42299e-05
12.34 -1.41834e-05
12.35 -1.41372e-05
12.36 -1.40911e-05
12.37 -1.40452e-05
12.38 -1.39995e-05
12.39 -1.39539e-05
12.4 -1.39086e-05
12.41 -1.38635e-05
12.42 -1.38185e-05
12.43 -1.37737e-05
12.44 -1.37291e-05
12.45 -1.36847e-05
12.46 -1.36404e-05
12.47 -1.35963e-05
12.48 -1.35524e-05
12.49 -1.35087e-05
12.5 -1.34652e-05
12.51 -1.34218e-05
12.52 -1.33786e-05
12.53 -1.33356e-05
12.54 -1.32928e-05
12.55 -1.32501e-05
12.56 -1.32076e-05
12.57 -1.31653e-05
12.58 -1.31231e-05
12.59 -1.30811e-05
12.6 -1.30393e-05
12.61 -1.29976e-05
12.62 -1.29561e-05
12.63 -1.29148e-05
12.64 -1.28736e-05
12.65 -1.28326e-05
12.66 -1.27918e-05
12.67 -1.27511e-05
12.68 -1.27106e-05
12.69 -1.26703e-05
12.7 -1.26301e-05
12.71 -1.259e-05
12.72 -1.25502e-05
12.73 -1.25104e-05
12.74 -1.24709e-05
12.75 -1.24315e-05
12.76 -1.23922e-05
12.77 -1.23531e-05
12.78 -1.23142e-05
12.79 -1.22754e-05
12.8 -1.22368e-05
12.81 -1.21983e-05
12.82 -1.216e-05
12.83 -1.21218e-05
12.84 -1.20837e-05
12.85 -1.20459e-05
12.86 -1.20081e-05
12.87 -1.19705e-05
12.88 -1.19331e-05
12.89 -1.18958e-05
12.9 -1.18586e-05
12.91 -1.18216e-05
12.92 -1.17848e-05
12.93 -1.17481e-05
12.94 -1.17115e-05
12.95 -1.1675e-05
12.96 -1.16388e-05
12.97 -1.16026e-05
12.98 -1.15666e-05
12.99 -1.15307e-05
13 -1.1495e-05
13.01 -1.14594e-05
13.02 -1.14239e-05
13.03 -1.13886e-05
13.04 -1.13534e-05
13.05 -1.13184e-05
13.06 -1.12835e-05
13.07 -1.12487e-05
13.08 -1.1214e-05
13.09 -1.11795e-05
13.1 -1.11451e-05
13.11 -1.11109e-05
13.12 -1.10768e-05
13.13 -1.10428e-05
13.14 -1.10089e-05
13.15 -1.09752e-05
13.16 -1.09416e-05
13.17 -1.09081e-05
13.18 -1.08748e-05
13.19 -1.08416e-05
13.2 -1.08085e-05
13.21 -1.07755e-05
13.22 -1.07427e-05
13.23 -1.071e-05
13.24 -1.06774e-05
13.25 -1.06449e-05
13.26 -1.06126e-05
13.27 -1.05804e-05
13.28 -1.05483e-05
13.29 -1.05163e-05
13.3 -1.04845e-05
13.31 -1.04527e-05
13.32 -1.04211e-05
13.33 -1.03896e-05
13.34 -1.03582e-05
13.35 -1.0327e-05
13.36 -1.02958e-05
13.37 -1.02648e-05
13.38 -1.02339e-05
13.39 -1.02031e-05
13.4 -1.01724e-05
13.41 -1.01419e-05
13.42 -1.01114e-05
13.43 -1.00811e-05
13.44 -1.00509e-05
13.45 -1.00208e-05
13.46 -9.99079e-06
13.47 -9.96091e-06
13.48 -9.93114e-06
13.49 -9.90149e-06
13.5 -9.87194e-06
13.51 -9.8425e-06
13.52 -9.81317e-06
13.53 -9.78395e-06
13.54 -9.75484e-06
13.55 -9.72584e-06
13.56 -9.69695e-06
13.57 -9.66816e-06
13.58 -9.63948e-06
13.59 -9.6109e-06
13.6 -9.58243e-06
13.61 -9.55407e-06
13.62 -9.52581e-06
13.63 -9.49766e-06
13.64 -9.4696e-06
13.65 -9.44166e-06
13.66 -9.41381e-06
13.67 -9.38607e-06
13.68 -9.35843e-06
13.69 -9.33089e-06
13.7 -9.30345e-06
13.71 -9.27611e-06
13.72 -9.24888e-06
13.73 -9.22174e-06
13.74 -9.1947e-06
13.75 -9.16776e-06
13.76 -9.14092e-06
13.77 -9.11418e-06
13.78 -9.08753e-06
13.79 -9.06099e-06
13.8 -9.03453e-06
13.81 -9.00818e-06
13.82 -8.98192e-06
13.83 -8.95576e-06
13.84 -8.92969e-06
13.85 -8.90371e-06
13.86 -8.87783e-06
13.87 -8.85205e-06
13.88 -8.82636e-06
13.89 -8.80076e-06
13.9 -8.77525e-06
13.91 -8.74983e-06
13.92 -8.72451e-06
13.93 -8.69928e-06
13.94 -8.67414e-06
13.95 -8.64909e-06
13.96 -8.62413e-06
13.97 -8.59926e-06
13.98 -8.57448e-06
13.99 -8.54979e-06
14 -8.52519e-06
14.01 -8.50067e-06
14.02 -8.47625e-06
14.03 -8.45191e-06
14.04 -8.42766e-06
14.05 -8.40349e-06
14.06 -8.37941e-06
14.07 -8.35542e-06
14.08 -8.33151e-06
14.09 -8.30769e-06
14.1 -8.28395e-06
14.11 -8.2603e-06
14.12 -8.23674e-06
14.13 -8.21325e-06
14.14 -8.18985e-06
14.15 -8.16653e-06
14.16 -8.1433e-06
14.17 -8.12015e-06
14.18 -8.09708e-06
14.19 -8.07409e-06
14.2 -8.05118e-06
14.21 -8.02836e-06
14.22 -8.00561e-06
14.23 -7.98295e-06
14.24 -7.96036e-06
14.25 -7.93786e-06
14.26 -7.91543e-06
14.27 -7.89309e-06
14.28 -7.87082e-06
14.29 -7.84863e-06
14.3 -7.82652e-06
14.31 -7.80448e-06
14.32 -7.78253e-06
14.33 -7.76065e-06
14.34 -7.73885e-06
14.35 -7.71712e-06
14.36 -7.69547e-06
14.37 -7.67389e-06
14.38 -7.6524e-06
14.39 -7.63097e-06
14.4 -7.60962e-06
14.41 -7.58835e-06
14.42 -7.56715e-06
14.43 -7.54602e-06
14.44 -7.52497e-06
14.45 -7.50399e-06
14.46 -7.48308e-06
14.47 -7.46225e-06
14.48 -7.44149e-06
14.49 -7.4208e-06
14.5 -7.40018e-06
14.51 -7.37963e-06
14.52 -7.35916e-06
14.53 -7.33875e-06
14.54 -7.31842e-06
14.55 -7.29815e-06
14.56 -7.27796e-06
14.57 -7.25784e-06
14.58 -7.23778e-06
14.59 -7.21779e-06
14.6 -7.19788e-06
14.61 -7.17803e-06
14.62 -7.15825e-06
14.63 -7.13854e-06
14.64 -7.11889e-06
14.65 -7.09932e-06
14.66 -7.07981e-06
14.67 -7.06036e-06
14.68 -7.04099e-06
14.69 -7.02168e-06
14.7 -7.00243e-06
14.71 -6.98325e-06
14.72 -6.96414e-06
14.73 -6.94509e-06
14.74 -6.92611e-06
14.75 -6.90719e-06
14.76 -6.88834e-06
14.77 -6.86955e-06
14.78 -6.85083e-06
14.79 -6.83216e-06
14.8 -6.81357e-06
14.81 -6.79503e-06
14.82 -6.77656e-06
14.83 -6.75815e-06
14.84 -6.7398e-06
14.85 -6.72152e-06
14.86 -6.70329e-06
14.87 -6.68513e-06
14.88 -6.66703e-06
14.89 -6.64899e-06
14.9 -6.63101e-06
14.91 -6.6131e-06
14.92 -6.59524e-06
14.93 -6.57744e-06
14.94 -6.5597e-06
14.95 -6.54203e-06
14.96 -6.52441e-06
14.97 -6.50685e-06
14.98 -6.48935e-06
14.99 -6.47191e-06
15 -6.45452e-06
15.01 -6.4372e-06
15.02 -6.41993e-06
15.03 -6.40272e-06
15.04 -6.38557e-06
15.05 -6.36848e-06
15.06 -6.35144e-06
15.07 -6.33446e-06
15.08 -6.31754e-06
15.09 -6.30067e-06
15.1 -6.28386e-06
15.11 -6.2671e-06
15.12 -6.2504e-06
15.13 -6.23376e-06
15.14 -6.21717e-06
15.15 -6.20064e-06
15.16 -6.18416e-06
15.17 -6.16773e-06
15.18 -6.15136e-06
15.19 -6.13505e-06
15.2 -6.11879e-06
15.21 -6.10258e-06
15.22 -6.08642e-06
15.23 -6.07032e-06
15.24 -6.05427e-06
15.25 -6.03828e-06
15.26 -6.02234e-06
15.27 -6.00645e-06
15.28 -5.99061e-06
15.29 -5.97482e-06
15.3 -5.95909e-06
15.31 -5.94341e-06
15.32 -5.92778e-06
15.33 -5.9122e-06
15.34 -5.89667e-06
15.35 -5.88119e-06
15.36 -5.86576e-06
15.37 -5.85039e-06
15.38 -5.83506e-06
15.39 -5.81979e-06
15.4 -5.80456e-06
15.41 -5.78938e-06
15.42 -5.77426e-06
15.43 -5.75918e-06
15.44 -5.74415e-06
15.45 -5.72917e-06
15.46 -5.71424e-06
15.47 -5.69936e-06
15.48 -5.68452e-06
15.49 -5.66974e-06
15.5 -5.655e-06
15.51 -5.64031e-06
15.52 -5.62566e-06
15.53 -5.61107e-06
15.54 -5.59652e-06
15.55 -5.58202e-06
15.56 -5.56757e-06
15.57 -5.55316e-06
15.58 -5.5388e-06
15.59 -5.52448e-06
15.6 -5.51021e-06
15.61 -5.49599e-06
15.62 -5.48181e-06
15.63 -5.46768e-06
15.64 -5.4536e-06
15.65 -5.43956e-06
15.66 -5.42556e-06
15.67 -5.41161e-06
15.68 -5.3977e-06
15.69 -5.38384e-06
15.7 -5.37002e-06
15.71 -5.35625e-06
15.72 -5.34252e-06
15.73 -5.32884e-06
15.74 -5.3152e-06
15.75 -5.3016e-06
15.76 -5.28804e-06
15.77 -5.27453e-06
15.78 -5.26107e-06
15.79 -5.24764e-06
15.8 -5.23426e-06
15.81 -5.22092e-06
15.82 -5.20762e-06
15.83 -5.19437e-06
15.84 -5.18115e-06
15.85 -5.16798e-06
15.86 -5.15485e-06
15.87 -5.14176e-06
15.88 -5.12872e-06
15.89 -5.11571e-06
15.9 -5.10275e-06
15.91 -5.08982e-06
15.92 -5.07694e-06
15.93 -5.0641e-06
15.94 -5.0513e-06
15.95 -5.03854e-06
15.96 -5.02582e-06
15.97 -5.01314e-06
15.98 -5.0005e-06
15.99 -4.98789e-06
16 -4.97533e-06
16.01 -4.96281e-06
16.02 -4.95033e-06
16.03 -4.93788e-06
16.04 -4.92548e-06
16.05 -4.91311e-06
16.06 -4.90079e-06
16.07 -4.8885e-06
16.08 -4.87625e-06
16.09 -4.86404e-06
16.1 -4.85186e-06
16.11 -4.83973e-06
16.12 -4.82763e-06
16.13 -4.81557e-06
16.14 -4.80355e-06
16.15 -4.79156e-06
16.16 -4.77961e-06
16.17 -4.7677e-06
16.18 -4.75583e-06
16.19 -4.74399e-06
16.2 -4.73219e-06
16.21 -4.72043e-06
16.22 -4.7087e-06
16.23 -4.69701e-06
16.24 -4.68536e-06
16.25 -4.67374e-06
16.26 -4.66216e-06
16.27 -4.65061e-06
16.28 -4.6391e-06
16.29 -4.62762e-06
16.3 -4.61618e-06
16.31 -4.60478e-06
16.32 -4.59341e-06
16.33 -4.58207e-06
16.34 -4.57077e-06
16.35 -4.55951e-06
16.36 -4.54828e-06
16.37 -4.53708e-06
16.38 -4.52592e-06
16.39 -4.51479e-06
16.4 -4.5037e-06
16.41 -4.49264e-06
16.42 -4.48161e-06
16.43 -4.47062e-06
16.44 -4.45966e-06
16.45 -4.44874e-06
16.46 -4.43785e-06
16.47 -4.42699e-06
16.48 -4.41616e-06
16.49 -4.40537e-06
16.5 -4.39461e-06
16.51 -4.38388e-06
16.52 -4.37319e-06
16.53 -4.36253e-06
16.54 -4.3519e-06
16.55 -4.3413e-06
16.56 -4.33074e-06
16.57 -4.32021e-06
16.58 -4.30971e-06
16.59 -4.29924e-06
16.6 -4.2888e-06
16.61 -4.2784e-06
16.62 -4.26802e-06
16.63 -4.25768e-06
16.64 -4.24737e-06
16.65 -4.23709e-06
16.66 -4.22684e-06
16.67 -4.21662e-06
16.68 -4.20643e-06
16.69 -4.19628e-06
16.7 -4.18615e-06
16.71 -4.17606e-06
16.72 -4.16599e-06
16.73 -4.15595e-06
16.74 -4.14595e-06
16.75 -4.13597e-06
16.76 -4.12603e-06
16.77 -4.11611e-06
16.78 -4.10623e-06
16.79 -4.09637e-06
16.8 -4.08655e-06
16.81 -4.07675e-06
16.82 -4.06698e-06
16.83 -4.05724e-06
16.84 -4.04753e-06
16.85 -4.03785e-06
16.86 -4.0282e-06
16.87 -4.01858e-06
16.88 -4.00898e-06
16.89 -3.99942e-06
16.9 -3.98988e-06
16.91 -3.98037e-06
16.92 -3.97089e-06
16.93 -3.96144e-06
16.94 -3.95201e-06
16.95 -3.94262e-06
16.96 -3.93325e-06
16.97 -3.92391e-06
16.98 -3.9146e-06
16.99 -3.90531e-06
17 -3.89605e-06
17.01 -3.88682e-06
17.02 -3.87762e-06
17.03 -3.86844e-06
17.04 -3.85929e-06
17.05 -3.85017e-06
17.06 -3.84107e-06
17.07 -3.832e-06
17.08 -3.82296e-06
17.09 -3.81395e-06
17.1 -3.80496e-06
17.11 -3.796e-06
17.12 -3.78706e-06
17.13 -3.77815e-06
17.14 -3.76927e-06
17.15 -3.76041e-06
17.16 -3.75158e-06
17.17 -3.74277e-06
17.18 -3.73399e-06
17.19 -3.72523e-06
17.2 -3.71651e-06
17.21 -3.7078e-06
17.22 -3.69912e-06
17.23 -3.69047e-06
17.24 -3.68184e-06
17.25 -3.67324e-06
17.26 -3.66466e-06
17.27 -3.65611e-06
17.28 -3.64758e-06
17.29 -3.63908e-06
17.3 -3.6306e-06
17.31 -3.62215e-06
17.32 -3.61372e-06
17.33 -3.60532e-06
17.34 -3.59694e-06
17.35 -3.58858e-06
17.36 -3.58025e-06
17.37 -3.57194e-06
17.38 -3.56366e-06
17.39 -3.5554e-06
17.4 -3.54716e-06
17.41 -3.53895e-06
17.42 -3.53076e-06
17.43 -3.5226e-06
17.44 -3.51446e-06
17.45 -3.50634e-06
17.46 -3.49824e-06
17.47 -3.49017e-06
17.48 -3.48213e-06
17.49 -3.4741e-06
17.5 -3.4661e-06
17.51 -3.45812e-06
17.52 -3.45017e-06
17.53 -3.44223e-06
17.54 -3.43432e-06
17.55 -3.42644e-06
17.56 -3.41857e-06
17.57 -3.41073e-06
17.58 -3.40291e-06
17.59 -3.39511e-06
17.6 -3.38734e-06
17.61 -3.37958e-06
17.62 -3.37185e-06
17.63 -3.36414e-06
17.64 -3.35646e-06
17.65 -3.34879e-06
17.66 -3.34115e-06
17.67 -3.33353e-06
17.68 -3.32593e-06
17.69 -3.31835e-06
17.7 -3.31079e-06
17.71 -3.30325e-06
17.72 -3.29574e-06
17.73 -3.28825e-06
17.74 -3.28078e-06
17.75 -3.27333e-06
17.76 -3.2659e-06
17.77 -3.25849e-06
17.78 -3.2511e-06
17.79 -3.24374e-06
17.8 -3.23639e-06
17.81 -3.22907e-06
17.82 -3.22176e-06
17.83 -3.21448e-06
17.84 -3.20721e-06
17.85 -3.19997e-06
17.86 -3.19275e-06
17.87 -3.18555e-06
17.88 -3.17837e-06
17.89 -3.1712e-06
17.9 -3.16406e-06
17.91 -3.15694e-06
17.92 -3.14984e-06
17.93 -3.14276e-06
17.94 -3.1357e-06
17.95 -3.12866e-06
17.96 -3.12163e-06
17.97 -3.11463e-06
17.98 -3.10765e-06
17.99 -3.10069e-06
18 -3.09374e-06
18.01 -3.08682e-06
18.02 -3.07991e-06
18.03 -3.07303e-06
18.04 -3.06616e-06
18.05 -3.05931e-06
18.06 -3.05248e-06
18.07 -3.04567e-06
18.08 -3.03888e-06
18.09 -3.03211e-06
18.1 -3.02536e-06
18.11 -3.01862e-06
18.12 -3.01191e-06
18.13 -3.00521e-06
18.14 -2.99853e-06
18.15 -2.99187e-06
18.16 -2.98523e-06
18.17 -2.97861e-06
18.18 -2.972e-06
18.19 -2.96542e-06
18.2 -2.95885e-06
18.21 -2.9523e-06
18.22 -2.94577e-06
18.23 -2.93925e-06
18.24 -2.93276e-06
18.25 -2.92628e-06
18.26 -2.91982e-06
18.27 -2.91338e-06
18.28 -2.90695e-06
18.29 -2.90054e-06
18.3 -2.89415e-06
18.31 -2.88778e-06
18.32 -2.88143e-06
18.33 -2.87509e-06
18.34 -2.86877e-06
18.35 -2.86247e-06
18.36 -2.85618e-06
18.37 -2.84991e-06
18.38 -2.84366e-06
18.39 -2.83743e-06
18.4 -2.83121e-06
18.41 -2.82501e-06
18.42 -2.81883e-06
18.43 -2.81266e-06
18.44 -2.80651e-06
18.45 -2.80038e-06
18.46 -2.79427e-06
18.47 -2.78817e-06
18.48 -2.78208e-06
18.49 -2.77602e-06
18.5 -2.76997e-06
18.51 -2.76394e-06
18.52 -2.75792e-06
18.53 -2.75192e-06
18.54 -2.74593e-06
18.55 -2.73997e-06
18.56 -2.73401e-06
18.57 -2.72808e-06
18.58 -2.72216e-06
18.59 -2.71626e-06
18.6 -2.71037e-06
18.61 -2.7045e-06
18.62 -2.69864e-06
18.63 -2.6928e-06
18.64 -2.68698e-06
18.65 -2.68117e-06
18.66 -2.67537e-06
18.67 -2.6696e-06
18.68 -2.66384e-06
18.69 -2.65809e-06
18.7 -2.65236e-06
18.71 -2.64664e-06
18.72 -2.64094e-06
18.73 -2.63526e-06
18.74 -2.62959e-06
18.75 -2.62393e-06
18.76 -2.61829e-06
18.77 -2.61267e-06
18.78 -2.60706e-06
18.79 -2.60147e-06
18.8 -2.59589e-06
18.81 -2.59032e-06
18.82 -2.58477e-06
18.83 -2.57924e-06
18.84 -2.57372e-06
18.85 -2.56822e-06
18.86 -2.56272e-06
18.87 -2.55725e-06
18.88 -2.55179e-06
18.89 -2.54634e-06
18.9 -2.54091e-06
18.91 -2.53549e-06
18.92 -2.53009e-06
18.93 -2.5247e-06
18.94 -2.51932e-06
18.95 -2.51396e-06
18.96 -2.50862e-06
18.97 -2.50329e-06
18.98 -2.49797e-06
18.99 -2.49266e-06
19 -2.48737e-06
19.01 -2.4821e-06
19.02 -2.47684e-06
19.03 -2.47159e-06
19.04 -2.46635e-06
19.05 -2.46113e-06
19.06 -2.45593e-06
19.07 -2.45074e-06
19.08 -2.44556e-06
19.09 -2.44039e-06
19.1 -2.43524e-06
19.11 -2.4301e-06
19.12 -2.42498e-06
19.13 -2.41986e-06
19.14 -2.41477e-06
19.15 -2.40968e-06
19.16 -2.40461e-06
19.17 -2.39955e-06
19.18 -2.39451e-06
19.19 -2.38948e-06
19.2 -2.38446e-06
19.21 -2.37945e-06
19.22 -2.37446e-06
19.23 -2.36948e-06
19.24 -2.36452e-06
19.25 -2.35956e-06
19.26 -2.35462e-06
19.27 -2.3497e-06
19.28 -2.34478e-06
19.29 -2.33988e-06
19.3 -2.33499e-06
19.31 -2.33012e-06
19.32 -2.32525e-06
19.33 -2.3204e-06
19.34 -2.31556e-06
19.35 -2.31074e-06
19.36 -2.30593e-06
19.37 -2.30112e-06
19.38 -2.29634e-06
19.39 -2.29156e-06
19.4 -2.2868e-06
19.41 -2.28205e-06
19.42 -2.27731e-06
19.43 -2.27258e-06
19.44 -2.26787e-06
19.45 -2.26317e-06
19.46 -2.25848e-06
19.47 -2.2538e-06
19.48 -2.24913e-06
19.49 -2.24448e-06
19.5 -2.23984e-06
19.51 -2.23521e-06
19.52 -2.23059e-06
19.53 -2.22598e-06
19.54 -2.22139e-06
19.55 -2.21681e-06
19.56 -2.21224e-06
19.57 -2.20768e-06
19.58 -2.20313e-06
19.59 -2.1986e-06
19.6 -2.19407e-06
19.61 -2.18956e-06
19.62 -2.18506e-06
19.63 -2.18057e-06
19.64 -2.17609e-06
19.65 -2.17163e-06
19.66 -2.16717e-06
19.67 -2.16273e-06
19.68 -2.1583e-06
19.69 -2.15388e-06
19.7 -2.14947e-06
19.71 -2.14507e-06
19.72 -2.14068e-06
19.73 -2.13631e-06
19.74 -2.13194e-06
19.75 -2.12759e-06
19.76 -2.12325e-06
19.77 -2.11892e-06
19.78 -2.1146e-06
19.79 -2.11029e-06
19.8 -2.10599e-06
19.81 -2.1017e-06
19.82 -2.09743e-06
19.83 -2.09316e-06
19.84 -2.08891e-06
19.85 -2.08466e-06
19.86 -2.08043e-06
19.87 -2.07621e-06
19.88 -2.07199e-06
19.89 -2.06779e-06
19.9 -2.0636e-06
19.91 -2.05942e-06
19.92 -2.05525e-06
19.93 -2.05109e-06
19.94 -2.04694e-06
19.95 -2.04281e-06
19.96 -2.03868e-06
19.97 -2.03456e-06
19.98 -2.03045e-06
19.99 -2.02636e-06
