-2 -0.995215
-1.999 -0.995194
-1.998 -0.995173
-1.997 -0.995151
-1.996 -0.99513
-1.995 -0.995109
-1.994 -0.995087
-1.993 -0.995066
-1.992 -0.995044
-1.991 -0.995022
-1.99 -0.995
-1.989 -0.994978
-1.988 -0.994956
-1.987 -0.994934
-1.986 -0.994912
-1.985 -0.99489
-1.984 -0.994867
-1.983 -0.994845
-1.982 -0.994822
-1.981 -0.9948
-1.98 -0.994777
-1.979 -0.994754
-1.978 -0.994731
-1.977 -0.994708
-1.976 -0.994685
-1.975 -0.994662
-1.974 -0.994639
-1.973 -0.994615
-1.972 -0.994592
-1.971 -0.994568
-1.97 -0.994545
-1.969 -0.994521
-1.968 -0.994497
-1.967 -0.994473
-1.966 -0.994449
-1.965 -0.994425
-1.964 -0.994401
-1.963 -0.994377
-1.962 -0.994352
-1.961 -0.994328
-1.96 -0.994303
-1.959 -0.994278
-1.958 -0.994254
-1.957 -0.994229
-1.956 -0.994204
-1.955 -0.994179
-1.954 -0.994154
-1.953 -0.994128
-1.952 -0.994103
-1.951 -0.994078
-1.95 -0.994052
-1.949 -0.994026
-1.948 -0.994001
-1.947 -0.993975
-1.946 -0.993949
-1.945 -0.993923
-1.944 -0.993897
-1.943 -0.99387
-1.942 -0.993844
-1.941 -0.993817
-1.94 -0.993791
-1.939 -0.993764
-1.938 -0.993737
-1.937 -0.993711
-1.936 -0.993684
-1.935 -0.993657
-1.934 -0.993629
-1.933 -0.993602
-1.932 -0.993575
-1.931 -0.993547
-1.93 -0.99352
-1.929 -0.993492
-1.928 -0.993464
-1.927 -0.993436
-1.926 -0.993408
-1.925 -0.99338
-1.924 -0.993352
-1.923 -0.993323
-1.922 -0.993295
-1.921 -0.993266
-1.92 -0.993238
-1.919 -0.993209
-1.918 -0.99318
-1.917 -0.993151
-1.916 -0.993122
-1.915 -0.993092
-1.914 -0.993063
-1.913 -0.993034
-1.912 -0.993004
-1.911 -0.992974
-1.91 -0.992945
-1.909 -0.992915
-1.908 -0.992885
-1.907 -0.992854
-1.906 -0.992824
-1.905 -0.992794
-1.904 -0.992763
-1.903 -0.992733
-1.902 -0.992702
-1.901 -0.992671
-1.9 -0.99264
-1.899 -0.992609
-1.898 -0.992578
-1.897 -0.992547
-1.896 -0.992515
-1.895 -0.992484
-1.894 -0.992452
-1.893 -0.99242
-1.892 -0.992388
-1.891 -0.992356
-1.89 -0.992324
-1.889 -0.992292
-1.888 -0.99226
-1.887 -0.992227
-1.886 -0.992194
-1.885 -0.992162
-1.884 -0.992129
-1.883 -0.992096
-1.882 -0.992063
-1.881 -0.992029
-1.88 -0.991996
-1.879 -0.991963
-1.878 -0.991929
-1.877 -0.991895
-1.876 -0.991861
-1.875 -0.991827
-1.874 -0.991793
-1.873 -0.991759
-1.872 -0.991725
-1.871 -0.99169
-1.87 -0.991655
-1.869 -0.991621
-1.868 -0.991586
-1.867 -0.991551
-1.866 -0.991516
-1.865 -0.99148
-1.864 -0.991445
-1.863 -0.991409
-1.862 -0.991374
-1.861 -0.991338
-1.86 -0.991302
-1.859 -0.991266
-1.858 -0.99123
-1.857 -0.991193
-1.856 -0.991157
-1.855 -0.99112
-1.854 -0.991083
-1.853 -0.991046
-1.852 -0.991009
-1.851 -0.990972
-1.85 -0.990935
-1.849 -0.990898
-1.848 -0.99086
-1.847 -0.990822
-1.846 -0.990784
-1.845 -0.990746
-1.844 -0.990708
-1.843 -0.99067
-1.842 -0.990632
-1.841 -0.990593
-1.84 -0.990554
-1.839 -0.990515
-1.838 -0.990476
-1.837 -0.990437
-1.836 -0.990398
-1.835 -0.990359
-1.834 -0.990319
-1.833 -0.990279
-1.832 -0.99024
-1.831 -0.9902
-1.83 -0.990159
-1.829 -0.990119
-1.828 -0.990079
-1.827 -0.990038
-1.826 -0.989997
-1.825 -0.989957
-1.824 -0.989916
-1.823 -0.989874
-1.822 -0.989833
-1.821 -0.989792
-1.82 -0.98975
-1.819 -0.989708
-1.818 -0.989666
-1.817 -0.989624
-1.816 -0.989582
-1.815 -0.98954
-1.814 -0.989497
-1.813 -0.989454
-1.812 -0.989412
-1.811 -0.989369
-1.81 -0.989325
-1.809 -0.989282
-1.808 -0.989239
-1.807 -0.989195
-1.806 -0.989151
-1.805 -0.989107
-1.804 -0.989063
-1.803 -0.989019
-1.802 -0.988975
-1.801 -0.98893
-1.8 -0.988885
-1.799 -0.98884
-1.798 -0.988795
-1.797 -0.98875
-1.796 -0.988705
-1.795 -0.988659
-1.794 -0.988613
-1.793 -0.988568
-1.792 -0.988522
-1.791 -0.988475
-1.79 -0.988429
-1.789 -0.988383
-1.788 -0.988336
-1.787 -0.988289
-1.786 -0.988242
-1.785 -0.988195
-1.784 -0.988147
-1.783 -0.9881
-1.782 -0.988052
-1.781 -0.988004
-1.78 -0.987956
-1.779 -0.987908
-1.778 -0.98786
-1.777 -0.987811
-1.776 -0.987762
-1.775 -0.987714
-1.774 -0.987665
-1.773 -0.987615
-1.772 -0.987566
-1.771 -0.987516
-1.77 -0.987467
-1.769 -0.987417
-1.768 -0.987366
-1.767 -0.987316
-1.766 -0.987266
-1.765 -0.987215
-1.764 -0.987164
-1.763 -0.987113
-1.762 -0.987062
-1.761 -0.987011
-1.76 -0.986959
-1.759 -0.986907
-1.758 -0.986856
-1.757 -0.986803
-1.756 -0.986751
-1.755 -0.986699
-1.754 -0.986646
-1.753 -0.986593
-1.752 -0.98654
-1.751 -0.986487
-1.75 -0.986434
-1.749 -0.98638
-1.748 -0.986326
-1.747 -0.986273
-1.746 -0.986218
-1.745 -0.986164
-1.744 -0.98611
-1.743 -0.986055
-1.742 -0.986
-1.741 -0.985945
-1.74 -0.98589
-1.739 -0.985834
-1.738 -0.985779
-1.737 -0.985723
-1.736 -0.985667
-1.735 -0.985611
-1.734 -0.985554
-1.733 -0.985498
-1.732 -0.985441
-1.731 -0.985384
-1.73 -0.985327
-1.729 -0.985269
-1.728 -0.985212
-1.727 -0.985154
-1.726 -0.985096
-1.725 -0.985038
-1.724 -0.984979
-1.723 -0.984921
-1.722 -0.984862
-1.721 -0.984803
-1.72 -0.984744
-1.719 -0.984684
-1.718 -0.984625
-1.717 -0.984565
-1.716 -0.984505
-1.715 -0.984445
-1.714 -0.984384
-1.713 -0.984324
-1.712 -0.984263
-1.711 -0.984202
-1.71 -0.98414
-1.709 -0.984079
-1.708 -0.984017
-1.707 -0.983955
-1.706 -0.983893
-1.705 -0.983831
-1.704 -0.983768
-1.703 -0.983706
-1.702 -0.983643
-1.701 -0.98358
-1.7 -0.983516
-1.699 -0.983453
-1.698 -0.983389
-1.697 -0.983325
-1.696 -0.983261
-1.695 -0.983196
-1.694 -0.983132
-1.693 -0.983067
-1.692 -0.983002
-1.691 -0.982936
-1.69 -0.982871
-1.689 -0.982805
-1.688 -0.982739
-1.687 -0.982673
-1.686 -0.982606
-1.685 -0.98254
-1.684 -0.982473
-1.683 -0.982406
-1.682 -0.982338
-1.681 -0.982271
-1.68 -0.982203
-1.679 -0.982135
-1.678 -0.982067
-1.677 -0.981998
-1.676 -0.98193
-1.675 -0.981861
-1.674 -0.981792
-1.673 -0.981722
-1.672 -0.981653
-1.671 -0.981583
-1.67 -0.981513
-1.669 -0.981442
-1.668 -0.981372
-1.667 -0.981301
-1.666 -0.98123
-1.665 -0.981159
-1.664 -0.981087
-1.663 -0.981016
-1.662 -0.980944
-1.661 -0.980872
-1.66 -0.980799
-1.659 -0.980726
-1.658 -0.980654
-1.657 -0.98058
-1.656 -0.980507
-1.655 -0.980433
-1.654 -0.980359
-1.653 -0.980285
-1.652 -0.980211
-1.651 -0.980136
-1.65 -0.980061
-1.649 -0.979986
-1.648 -0.979911
-1.647 -0.979835
-1.646 -0.97976
-1.645 -0.979683
-1.644 -0.979607
-1.643 -0.979531
-1.642 -0.979454
-1.641 -0.979377
-1.64 -0.979299
-1.639 -0.979222
-1.638 -0.979144
-1.637 -0.979066
-1.636 -0.978987
-1.635 -0.978909
-1.634 -0.97883
-1.633 -0.978751
-1.632 -0.978671
-1.631 -0.978592
-1.63 -0.978512
-1.629 -0.978432
-1.628 -0.978351
-1.627 -0.97827
-1.626 -0.978189
-1.625 -0.978108
-1.624 -0.978027
-1.623 -0.977945
-1.622 -0.977863
-1.621 -0.977781
-1.62 -0.977698
-1.619 -0.977615
-1.618 -0.977532
-1.617 -0.977449
-1.616 -0.977365
-1.615 -0.977282
-1.614 -0.977197
-1.613 -0.977113
-1.612 -0.977028
-1.611 -0.976943
-1.61 -0.976858
-1.609 -0.976773
-1.608 -0.976687
-1.607 -0.976601
-1.606 -0.976514
-1.605 -0.976428
-1.604 -0.976341
-1.603 -0.976254
-1.602 -0.976166
-1.601 -0.976079
-1.6 -0.975991
-1.599 -0.975902
-1.598 -0.975814
-1.597 -0.975725
-1.596 -0.975636
-1.595 -0.975546
-1.594 -0.975457
-1.593 -0.975367
-1.592 -0.975276
-1.591 -0.975186
-1.59 -0.975095
-1.589 -0.975004
-1.588 -0.974913
-1.587 -0.974821
-1.586 -0.974729
-1.585 -0.974637
-1.584 -0.974544
-1.583 -0.974451
-1.582 -0.974358
-1.581 -0.974264
-1.58 -0.974171
-1.579 -0.974077
-1.578 -0.973982
-1.577 -0.973888
-1.576 -0.973793
-1.575 -0.973698
-1.574 -0.973602
-1.573 -0.973506
-1.572 -0.97341
-1.571 -0.973314
-1.57 -0.973217
-1.569 -0.97312
-1.568 -0.973022
-1.567 -0.972925
-1.566 -0.972827
-1.565 -0.972729
-1.564 -0.97263
-1.563 -0.972531
-1.562 -0.972432
-1.561 -0.972333
-1.56 -0.972233
-1.559 -0.972133
-1.558 -0.972032
-1.557 -0.971932
-1.556 -0.97183
-1.555 -0.971729
-1.554 -0.971627
-1.553 -0.971525
-1.552 -0.971423
-1.551 -0.971321
-1.55 -0.971218
-1.549 -0.971114
-1.548 -0.971011
-1.547 -0.970907
-1.546 -0.970803
-1.545 -0.970698
-1.544 -0.970593
-1.543 -0.970488
-1.542 -0.970383
-1.541 -0.970277
-1.54 -0.970171
-1.539 -0.970064
-1.538 -0.969957
-1.537 -0.96985
-1.536 -0.969743
-1.535 -0.969635
-1.534 -0.969527
-1.533 -0.969418
-1.532 -0.96931
-1.531 -0.969201
-1.53 -0.969091
-1.529 -0.968981
-1.528 -0.968871
-1.527 -0.968761
-1.526 -0.96865
-1.525 -0.968539
-1.524 -0.968427
-1.523 -0.968316
-1.522 -0.968204
-1.521 -0.968091
-1.52 -0.967978
-1.519 -0.967865
-1.518 -0.967752
-1.517 -0.967638
-1.516 -0.967524
-1.515 -0.967409
-1.514 -0.967294
-1.513 -0.967179
-1.512 -0.967063
-1.511 -0.966947
-1.51 -0.966831
-1.509 -0.966715
-1.508 -0.966598
-1.507 -0.96648
-1.506 -0.966363
-1.505 -0.966245
-1.504 -0.966126
-1.503 -0.966008
-1.502 -0.965888
-1.501 -0.965769
-1.5 -0.965649
-1.499 -0.965529
-1.498 -0.965409
-1.497 -0.965288
-1.496 -0.965166
-1.495 -0.965045
-1.494 -0.964923
-1.493 -0.9648
-1.492 -0.964678
-1.491 -0.964555
-1.49 -0.964431
-1.489 -0.964308
-1.488 -0.964183
-1.487 -0.964059
-1.486 -0.963934
-1.485 -0.963809
-1.484 -0.963683
-1.483 -0.963557
-1.482 -0.963431
-1.481 -0.963304
-1.48 -0.963177
-1.479 -0.963049
-1.478 -0.962921
-1.477 -0.962793
-1.476 -0.962665
-1.475 -0.962536
-1.474 -0.962406
-1.473 -0.962276
-1.472 -0.962146
-1.471 -0.962016
-1.47 -0.961885
-1.469 -0.961754
-1.468 -0.961622
-1.467 -0.96149
-1.466 -0.961357
-1.465 -0.961225
-1.464 -0.961091
-1.463 -0.960958
-1.462 -0.960824
-1.461 -0.960689
-1.46 -0.960554
-1.459 -0.960419
-1.458 -0.960284
-1.457 -0.960148
-1.456 -0.960011
-1.455 -0.959875
-1.454 -0.959738
-1.453 -0.9596
-1.452 -0.959462
-1.451 -0.959324
-1.45 -0.959185
-1.449 -0.959046
-1.448 -0.958906
-1.447 -0.958766
-1.446 -0.958626
-1.445 -0.958485
-1.444 -0.958344
-1.443 -0.958202
-1.442 -0.95806
-1.441 -0.957918
-1.44 -0.957775
-1.439 -0.957632
-1.438 -0.957488
-1.437 -0.957344
-1.436 -0.9572
-1.435 -0.957055
-1.434 -0.95691
-1.433 -0.956764
-1.432 -0.956618
-1.431 -0.956472
-1.43 -0.956325
-1.429 -0.956177
-1.428 -0.95603
-1.427 -0.955881
-1.426 -0.955733
-1.425 -0.955584
-1.424 -0.955434
-1.423 -0.955284
-1.422 -0.955134
-1.421 -0.954983
-1.42 -0.954832
-1.419 -0.954681
-1.418 -0.954529
-1.417 -0.954376
-1.416 -0.954223
-1.415 -0.95407
-1.414 -0.953916
-1.413 -0.953762
-1.412 -0.953607
-1.411 -0.953452
-1.41 -0.953297
-1.409 -0.953141
-1.408 -0.952985
-1.407 -0.952828
-1.406 -0.952671
-1.405 -0.952513
-1.404 -0.952355
-1.403 -0.952196
-1.402 -0.952037
-1.401 -0.951878
-1.4 -0.951718
-1.399 -0.951558
-1.398 -0.951397
-1.397 -0.951236
-1.396 -0.951074
-1.395 -0.950912
-1.394 -0.950749
-1.393 -0.950586
-1.392 -0.950423
-1.391 -0.950259
-1.39 -0.950094
-1.389 -0.94993
-1.388 -0.949764
-1.387 -0.949599
-1.386 -0.949432
-1.385 -0.949266
-1.384 -0.949099
-1.383 -0.948931
-1.382 -0.948763
-1.381 -0.948594
-1.38 -0.948425
-1.379 -0.948256
-1.378 -0.948086
-1.377 -0.947916
-1.376 -0.947745
-1.375 -0.947573
-1.374 -0.947402
-1.373 -0.947229
-1.372 -0.947057
-1.371 -0.946883
-1.37 -0.94671
-1.369 -0.946536
-1.368 -0.946361
-1.367 -0.946186
-1.366 -0.94601
-1.365 -0.945834
-1.364 -0.945658
-1.363 -0.945481
-1.362 -0.945303
-1.361 -0.945125
-1.36 -0.944947
-1.359 -0.944768
-1.358 -0.944588
-1.357 -0.944409
-1.356 -0.944228
-1.355 -0.944047
-1.354 -0.943866
-1.353 -0.943684
-1.352 -0.943502
-1.351 -0.943319
-1.35 -0.943136
-1.349 -0.942952
-1.348 -0.942767
-1.347 -0.942583
-1.346 -0.942397
-1.345 -0.942211
-1.344 -0.942025
-1.343 -0.941838
-1.342 -0.941651
-1.341 -0.941463
-1.34 -0.941275
-1.339 -0.941086
-1.338 -0.940897
-1.337 -0.940707
-1.336 -0.940517
-1.335 -0.940326
-1.334 -0.940134
-1.333 -0.939943
-1.332 -0.93975
-1.331 -0.939557
-1.33 -0.939364
-1.329 -0.93917
-1.328 -0.938976
-1.327 -0.938781
-1.326 -0.938585
-1.325 -0.938389
-1.324 -0.938193
-1.323 -0.937996
-1.322 -0.937798
-1.321 -0.9376
-1.32 -0.937402
-1.319 -0.937203
-1.318 -0.937003
-1.317 -0.936803
-1.316 -0.936602
-1.315 -0.936401
-1.314 -0.9362
-1.313 -0.935997
-1.312 -0.935795
-1.311 -0.935591
-1.31 -0.935387
-1.309 -0.935183
-1.308 -0.934978
-1.307 -0.934773
-1.306 -0.934567
-1.305 -0.93436
-1.304 -0.934153
-1.303 -0.933946
-1.302 -0.933738
-1.301 -0.933529
-1.3 -0.93332
-1.299 -0.93311
-1.298 -0.9329
-1.297 -0.932689
-1.296 -0.932478
-1.295 -0.932266
-1.294 -0.932053
-1.293 -0.93184
-1.292 -0.931627
-1.291 -0.931413
-1.29 -0.931198
-1.289 -0.930983
-1.288 -0.930767
-1.287 -0.930551
-1.286 -0.930334
-1.285 -0.930117
-1.284 -0.929899
-1.283 -0.92968
-1.282 -0.929461
-1.281 -0.929241
-1.28 -0.929021
-1.279 -0.9288
-1.278 -0.928579
-1.277 -0.928357
-1.276 -0.928135
-1.275 -0.927912
-1.274 -0.927688
-1.273 -0.927464
-1.272 -0.927239
-1.271 -0.927014
-1.27 -0.926788
-1.269 -0.926562
-1.268 -0.926335
-1.267 -0.926107
-1.266 -0.925879
-1.265 -0.92565
-1.264 -0.925421
-1.263 -0.925191
-1.262 -0.924961
-1.261 -0.924729
-1.26 -0.924498
-1.259 -0.924266
-1.258 -0.924033
-1.257 -0.9238
-1.256 -0.923566
-1.255 -0.923331
-1.254 -0.923096
-1.253 -0.92286
-1.252 -0.922624
-1.251 -0.922387
-1.25 -0.922149
-1.249 -0.921911
-1.248 -0.921673
-1.247 -0.921433
-1.246 -0.921194
-1.245 -0.920953
-1.244 -0.920712
-1.243 -0.92047
-1.242 -0.920228
-1.241 -0.919985
-1.24 -0.919742
-1.239 -0.919498
-1.238 -0.919253
-1.237 -0.919008
-1.236 -0.918762
-1.235 -0.918516
-1.234 -0.918269
-1.233 -0.918021
-1.232 -0.917773
-1.231 -0.917524
-1.23 -0.917274
-1.229 -0.917024
-1.228 -0.916773
-1.227 -0.916522
-1.226 -0.91627
-1.225 -0.916018
-1.224 -0.915764
-1.223 -0.915511
-1.222 -0.915256
-1.221 -0.915001
-1.22 -0.914745
-1.219 -0.914489
-1.218 -0.914232
-1.217 -0.913975
-1.216 -0.913717
-1.215 -0.913458
-1.214 -0.913198
-1.213 -0.912938
-1.212 -0.912678
-1.211 -0.912416
-1.21 -0.912155
-1.209 -0.911892
-1.208 -0.911629
-1.207 -0.911365
-1.206 -0.911101
-1.205 -0.910835
-1.204 -0.91057
-1.203 -0.910303
-1.202 -0.910036
-1.201 -0.909769
-1.2 -0.9095
-1.199 -0.909232
-1.198 -0.908962
-1.197 -0.908692
-1.196 -0.908421
-1.195 -0.908149
-1.194 -0.907877
-1.193 -0.907604
-1.192 -0.907331
-1.191 -0.907057
-1.19 -0.906782
-1.189 -0.906507
-1.188 -0.906231
-1.187 -0.905954
-1.186 -0.905677
-1.185 -0.905399
-1.184 -0.90512
-1.183 -0.904841
-1.182 -0.904561
-1.181 -0.90428
-1.18 -0.903999
-1.179 -0.903717
-1.178 -0.903434
-1.177 -0.903151
-1.176 -0.902867
-1.175 -0.902582
-1.174 -0.902297
-1.173 -0.902011
-1.172 -0.901725
-1.171 -0.901437
-1.17 -0.901149
-1.169 -0.900861
-1.168 -0.900571
-1.167 -0.900281
-1.166 -0.899991
-1.165 -0.899699
-1.164 -0.899407
-1.163 -0.899115
-1.162 -0.898821
-1.161 -0.898527
-1.16 -0.898233
-1.159 -0.897937
-1.158 -0.897641
-1.157 -0.897344
-1.156 -0.897047
-1.155 -0.896749
-1.154 -0.89645
-1.153 -0.896151
-1.152 -0.89585
-1.151 -0.89555
-1.15 -0.895248
-1.149 -0.894946
-1.148 -0.894643
-1.147 -0.894339
-1.146 -0.894035
-1.145 -0.89373
-1.144 -0.893424
-1.143 -0.893118
-1.142 -0.892811
-1.141 -0.892503
-1.14 -0.892194
-1.139 -0.891885
-1.138 -0.891575
-1.137 -0.891264
-1.136 -0.890953
-1.135 -0.890641
-1.134 -0.890328
-1.133 -0.890015
-1.132 -0.889701
-1.131 -0.889386
-1.13 -0.88907
-1.129 -0.888754
-1.128 -0.888437
-1.127 -0.888119
-1.126 -0.887801
-1.125 -0.887482
-1.124 -0.887162
-1.123 -0.886841
-1.122 -0.88652
-1.121 -0.886198
-1.12 -0.885875
-1.119 -0.885552
-1.118 -0.885228
-1.117 -0.884903
-1.116 -0.884577
-1.115 -0.884251
-1.114 -0.883924
-1.113 -0.883596
-1.112 -0.883268
-1.111 -0.882938
-1.11 -0.882608
-1.109 -0.882278
-1.108 -0.881946
-1.107 -0.881614
-1.106 -0.881281
-1.105 -0.880948
-1.104 -0.880613
-1.103 -0.880278
-1.102 -0.879942
-1.101 -0.879606
-1.1 -0.879269
-1.099 -0.878931
-1.098 -0.878592
-1.097 -0.878252
-1.096 -0.877912
-1.095 -0.877571
-1.094 -0.877229
-1.093 -0.876887
-1.092 -0.876544
-1.091 -0.8762
-1.09 -0.875855
-1.089 -0.875509
-1.088 -0.875163
-1.087 -0.874816
-1.086 -0.874468
-1.085 -0.87412
-1.084 -0.873771
-1.083 -0.873421
-1.082 -0.87307
-1.081 -0.872718
-1.08 -0.872366
-1.079 -0.872013
-1.078 -0.871659
-1.077 -0.871305
-1.076 -0.87095
-1.075 -0.870593
-1.074 -0.870237
-1.073 -0.869879
-1.072 -0.869521
-1.071 -0.869162
-1.07 -0.868802
-1.069 -0.868441
-1.068 -0.86808
-1.067 -0.867717
-1.066 -0.867354
-1.065 -0.866991
-1.064 -0.866626
-1.063 -0.866261
-1.062 -0.865895
-1.061 -0.865528
-1.06 -0.865161
-1.059 -0.864792
-1.058 -0.864423
-1.057 -0.864053
-1.056 -0.863682
-1.055 -0.863311
-1.054 -0.862939
-1.053 -0.862566
-1.052 -0.862192
-1.051 -0.861817
-1.05 -0.861442
-1.049 -0.861066
-1.048 -0.860689
-1.047 -0.860311
-1.046 -0.859932
-1.045 -0.859553
-1.044 -0.859173
-1.043 -0.858792
-1.042 -0.85841
-1.041 -0.858028
-1.04 -0.857645
-1.039 -0.85726
-1.038 -0.856876
-1.037 -0.85649
-1.036 -0.856103
-1.035 -0.855716
-1.034 -0.855328
-1.033 -0.854939
-1.032 -0.85455
-1.031 -0.854159
-1.03 -0.853768
-1.029 -0.853376
-1.028 -0.852983
-1.027 -0.852589
-1.026 -0.852195
-1.025 -0.851799
-1.024 -0.851403
-1.023 -0.851006
-1.022 -0.850609
-1.021 -0.85021
-1.02 -0.849811
-1.019 -0.849411
-1.018 -0.84901
-1.017 -0.848608
-1.016 -0.848205
-1.015 -0.847802
-1.014 -0.847398
-1.013 -0.846993
-1.012 -0.846587
-1.011 -0.84618
-1.01 -0.845773
-1.009 -0.845364
-1.008 -0.844955
-1.007 -0.844545
-1.006 -0.844135
-1.005 -0.843723
-1.004 -0.843311
-1.003 -0.842897
-1.002 -0.842483
-1.001 -0.842068
-1 -0.841653
-0.999 -0.841236
-0.998 -0.840819
-0.997 -0.840401
-0.996 -0.839981
-0.995 -0.839562
-0.994 -0.839141
-0.993 -0.838719
-0.992 -0.838297
-0.991 -0.837874
-0.99 -0.83745
-0.989 -0.837025
-0.988 -0.836599
-0.987 -0.836173
-0.986 -0.835745
-0.985 -0.835317
-0.984 -0.834888
-0.983 -0.834458
-0.982 -0.834027
-0.981 -0.833596
-0.98 -0.833163
-0.979 -0.83273
-0.978 -0.832296
-0.977 -0.831861
-0.976 -0.831425
-0.975 -0.830988
-0.974 -0.830551
-0.973 -0.830113
-0.972 -0.829673
-0.971 -0.829233
-0.97 -0.828792
-0.969 -0.828351
-0.968 -0.827908
-0.967 -0.827464
-0.966 -0.82702
-0.965 -0.826575
-0.964 -0.826129
-0.963 -0.825682
-0.962 -0.825234
-0.961 -0.824786
-0.96 -0.824336
-0.959 -0.823886
-0.958 -0.823435
-0.957 -0.822983
-0.956 -0.82253
-0.955 -0.822076
-0.954 -0.821621
-0.953 -0.821166
-0.952 -0.820709
-0.951 -0.820252
-0.95 -0.819794
-0.949 -0.819335
-0.948 -0.818875
-0.947 -0.818415
-0.946 -0.817953
-0.945 -0.817491
-0.944 -0.817027
-0.943 -0.816563
-0.942 -0.816098
-0.941 -0.815632
-0.94 -0.815165
-0.939 -0.814698
-0.938 -0.814229
-0.937 -0.81376
-0.936 -0.813289
-0.935 -0.812818
-0.934 -0.812346
-0.933 -0.811873
-0.932 -0.8114
-0.931 -0.810925
-0.93 -0.810449
-0.929 -0.809973
-0.928 -0.809496
-0.927 -0.809017
-0.926 -0.808538
-0.925 -0.808058
-0.924 -0.807577
-0.923 -0.807096
-0.922 -0.806613
-0.921 -0.806129
-0.92 -0.805645
-0.919 -0.80516
-0.918 -0.804674
-0.917 -0.804187
-0.916 -0.803699
-0.915 -0.80321
-0.914 -0.80272
-0.913 -0.802229
-0.912 -0.801738
-0.911 -0.801245
-0.91 -0.800752
-0.909 -0.800258
-0.908 -0.799763
-0.907 -0.799267
-0.906 -0.79877
-0.905 -0.798272
-0.904 -0.797773
-0.903 -0.797274
-0.902 -0.796773
-0.901 -0.796272
-0.9 -0.79577
-0.899 -0.795266
-0.898 -0.794762
-0.897 -0.794257
-0.896 -0.793752
-0.895 -0.793245
-0.894 -0.792737
-0.893 -0.792228
-0.892 -0.791719
-0.891 -0.791209
-0.89 -0.790697
-0.889 -0.790185
-0.888 -0.789672
-0.887 -0.789158
-0.886 -0.788643
-0.885 -0.788127
-0.884 -0.78761
-0.883 -0.787093
-0.882 -0.786574
-0.881 -0.786055
-0.88 -0.785534
-0.879 -0.785013
-0.878 -0.784491
-0.877 -0.783967
-0.876 -0.783443
-0.875 -0.782918
-0.874 -0.782393
-0.873 -0.781866
-0.872 -0.781338
-0.871 -0.780809
-0.87 -0.78028
-0.869 -0.779749
-0.868 -0.779218
-0.867 -0.778686
-0.866 -0.778152
-0.865 -0.777618
-0.864 -0.777083
-0.863 -0.776547
-0.862 -0.77601
-0.861 -0.775473
-0.86 -0.774934
-0.859 -0.774394
-0.858 -0.773853
-0.857 -0.773312
-0.856 -0.77277
-0.855 -0.772226
-0.854 -0.771682
-0.853 -0.771137
-0.852 -0.770591
-0.851 -0.770043
-0.85 -0.769495
-0.849 -0.768947
-0.848 -0.768397
-0.847 -0.767846
-0.846 -0.767294
-0.845 -0.766742
-0.844 -0.766188
-0.843 -0.765633
-0.842 -0.765078
-0.841 -0.764522
-0.84 -0.763964
-0.839 -0.763406
-0.838 -0.762847
-0.837 -0.762287
-0.836 -0.761726
-0.835 -0.761164
-0.834 -0.760601
-0.833 -0.760037
-0.832 -0.759472
-0.831 -0.758907
-0.83 -0.75834
-0.829 -0.757772
-0.828 -0.757204
-0.827 -0.756634
-0.826 -0.756064
-0.825 -0.755493
-0.824 -0.75492
-0.823 -0.754347
-0.822 -0.753773
-0.821 -0.753198
-0.82 -0.752622
-0.819 -0.752045
-0.818 -0.751467
-0.817 -0.750888
-0.816 -0.750308
-0.815 -0.749728
-0.814 -0.749146
-0.813 -0.748563
-0.812 -0.74798
-0.811 -0.747395
-0.81 -0.74681
-0.809 -0.746224
-0.808 -0.745636
-0.807 -0.745048
-0.806 -0.744459
-0.805 -0.743868
-0.804 -0.743277
-0.803 -0.742685
-0.802 -0.742092
-0.801 -0.741498
-0.8 -0.740903
-0.799 -0.740308
-0.798 -0.739711
-0.797 -0.739113
-0.796 -0.738514
-0.795 -0.737915
-0.794 -0.737314
-0.793 -0.736712
-0.792 -0.73611
-0.791 -0.735506
-0.79 -0.734902
-0.789 -0.734297
-0.788 -0.73369
-0.787 -0.733083
-0.786 -0.732475
-0.785 -0.731866
-0.784 -0.731256
-0.783 -0.730645
-0.782 -0.730033
-0.781 -0.72942
-0.78 -0.728806
-0.779 -0.728191
-0.778 -0.727575
-0.777 -0.726958
-0.776 -0.72634
-0.775 -0.725722
-0.774 -0.725102
-0.773 -0.724481
-0.772 -0.72386
-0.771 -0.723237
-0.77 -0.722614
-0.769 -0.721989
-0.768 -0.721364
-0.767 -0.720738
-0.766 -0.72011
-0.765 -0.719482
-0.764 -0.718853
-0.763 -0.718223
-0.762 -0.717592
-0.761 -0.71696
-0.76 -0.716327
-0.759 -0.715693
-0.758 -0.715058
-0.757 -0.714422
-0.756 -0.713785
-0.755 -0.713147
-0.754 -0.712508
-0.753 -0.711868
-0.752 -0.711228
-0.751 -0.710586
-0.75 -0.709943
-0.749 -0.7093
-0.748 -0.708655
-0.747 -0.70801
-0.746 -0.707363
-0.745 -0.706716
-0.744 -0.706067
-0.743 -0.705418
-0.742 -0.704768
-0.741 -0.704116
-0.74 -0.703464
-0.739 -0.702811
-0.738 -0.702157
-0.737 -0.701502
-0.736 -0.700846
-0.735 -0.700189
-0.734 -0.699531
-0.733 -0.698872
-0.732 -0.698212
-0.731 -0.697551
-0.73 -0.696889
-0.729 -0.696226
-0.728 -0.695562
-0.727 -0.694898
-0.726 -0.694232
-0.725 -0.693565
-0.724 -0.692898
-0.723 -0.692229
-0.722 -0.691559
-0.721 -0.690889
-0.72 -0.690217
-0.719 -0.689545
-0.718 -0.688872
-0.717 -0.688197
-0.716 -0.687522
-0.715 -0.686846
-0.714 -0.686168
-0.713 -0.68549
-0.712 -0.684811
-0.711 -0.684131
-0.71 -0.68345
-0.709 -0.682768
-0.708 -0.682085
-0.707 -0.681401
-0.706 -0.680716
-0.705 -0.68003
-0.704 -0.679343
-0.703 -0.678655
-0.702 -0.677966
-0.701 -0.677276
-0.7 -0.676586
-0.699 -0.675894
-0.698 -0.675201
-0.697 -0.674508
-0.696 -0.673813
-0.695 -0.673117
-0.694 -0.672421
-0.693 -0.671723
-0.692 -0.671025
-0.691 -0.670326
-0.69 -0.669625
-0.689 -0.668924
-0.688 -0.668222
-0.687 -0.667518
-0.686 -0.666814
-0.685 -0.666109
-0.684 -0.665403
-0.683 -0.664696
-0.682 -0.663988
-0.681 -0.663279
-0.68 -0.662569
-0.679 -0.661858
-0.678 -0.661146
-0.677 -0.660433
-0.676 -0.659719
-0.675 -0.659004
-0.674 -0.658288
-0.673 -0.657572
-0.672 -0.656854
-0.671 -0.656135
-0.67 -0.655416
-0.669 -0.654695
-0.668 -0.653974
-0.667 -0.653251
-0.666 -0.652528
-0.665 -0.651803
-0.664 -0.651078
-0.663 -0.650352
-0.662 -0.649624
-0.661 -0.648896
-0.66 -0.648167
-0.659 -0.647437
-0.658 -0.646706
-0.657 -0.645974
-0.656 -0.645241
-0.655 -0.644507
-0.654 -0.643772
-0.653 -0.643036
-0.652 -0.642299
-0.651 -0.641561
-0.65 -0.640822
-0.649 -0.640083
-0.648 -0.639342
-0.647 -0.6386
-0.646 -0.637858
-0.645 -0.637114
-0.644 -0.63637
-0.643 -0.635624
-0.642 -0.634878
-0.641 -0.634131
-0.64 -0.633382
-0.639 -0.632633
-0.638 -0.631883
-0.637 -0.631132
-0.636 -0.630379
-0.635 -0.629626
-0.634 -0.628872
-0.633 -0.628117
-0.632 -0.627361
-0.631 -0.626605
-0.63 -0.625847
-0.629 -0.625088
-0.628 -0.624328
-0.627 -0.623567
-0.626 -0.622806
-0.625 -0.622043
-0.624 -0.62128
-0.623 -0.620515
-0.622 -0.61975
-0.621 -0.618983
-0.62 -0.618216
-0.619 -0.617448
-0.618 -0.616679
-0.617 -0.615908
-0.616 -0.615137
-0.615 -0.614365
-0.614 -0.613592
-0.613 -0.612818
-0.612 -0.612043
-0.611 -0.611267
-0.61 -0.610491
-0.609 -0.609713
-0.608 -0.608934
-0.607 -0.608155
-0.606 -0.607374
-0.605 -0.606593
-0.604 -0.60581
-0.603 -0.605027
-0.602 -0.604242
-0.601 -0.603457
-0.6 -0.602671
-0.599 -0.601884
-0.598 -0.601096
-0.597 -0.600307
-0.596 -0.599517
-0.595 -0.598726
-0.594 -0.597934
-0.593 -0.597141
-0.592 -0.596348
-0.591 -0.595553
-0.59 -0.594757
-0.589 -0.593961
-0.588 -0.593163
-0.587 -0.592365
-0.586 -0.591566
-0.585 -0.590765
-0.584 -0.589964
-0.583 -0.589162
-0.582 -0.588359
-0.581 -0.587555
-0.58 -0.58675
-0.579 -0.585944
-0.578 -0.585138
-0.577 -0.58433
-0.576 -0.583521
-0.575 -0.582712
-0.574 -0.581901
-0.573 -0.58109
-0.572 -0.580278
-0.571 -0.579464
-0.57 -0.57865
-0.569 -0.577835
-0.568 -0.577019
-0.567 -0.576202
-0.566 -0.575384
-0.565 -0.574565
-0.564 -0.573746
-0.563 -0.572925
-0.562 -0.572104
-0.561 -0.571281
-0.56 -0.570458
-0.559 -0.569633
-0.558 -0.568808
-0.557 -0.567982
-0.556 -0.567155
-0.555 -0.566327
-0.554 -0.565498
-0.553 -0.564668
-0.552 -0.563838
-0.551 -0.563006
-0.55 -0.562173
-0.549 -0.56134
-0.548 -0.560506
-0.547 -0.55967
-0.546 -0.558834
-0.545 -0.557997
-0.544 -0.557159
-0.543 -0.55632
-0.542 -0.55548
-0.541 -0.55464
-0.54 -0.553798
-0.539 -0.552955
-0.538 -0.552112
-0.537 -0.551268
-0.536 -0.550422
-0.535 -0.549576
-0.534 -0.548729
-0.533 -0.547881
-0.532 -0.547032
-0.531 -0.546183
-0.53 -0.545332
-0.529 -0.54448
-0.528 -0.543628
-0.527 -0.542775
-0.526 -0.54192
-0.525 -0.541065
-0.524 -0.540209
-0.523 -0.539352
-0.522 -0.538495
-0.521 -0.537636
-0.52 -0.536776
-0.519 -0.535916
-0.518 -0.535054
-0.517 -0.534192
-0.516 -0.533329
-0.515 -0.532465
-0.514 -0.5316
-0.513 -0.530734
-0.512 -0.529868
-0.511 -0.529
-0.51 -0.528132
-0.509 -0.527262
-0.508 -0.526392
-0.507 -0.525521
-0.506 -0.524649
-0.505 -0.523776
-0.504 -0.522902
-0.503 -0.522028
-0.502 -0.521152
-0.501 -0.520276
-0.5 -0.519399
-0.499 -0.518521
-0.498 -0.517642
-0.497 -0.516762
-0.496 -0.515881
-0.495 -0.514999
-0.494 -0.514117
-0.493 -0.513234
-0.492 -0.512349
-0.491 -0.511464
-0.49 -0.510578
-0.489 -0.509692
-0.488 -0.508804
-0.487 -0.507915
-0.486 -0.507026
-0.485 -0.506136
-0.484 -0.505245
-0.483 -0.504353
-0.482 -0.50346
-0.481 -0.502566
-0.48 -0.501672
-0.479 -0.500776
-0.478 -0.49988
-0.477 -0.498983
-0.476 -0.498085
-0.475 -0.497186
-0.474 -0.496287
-0.473 -0.495386
-0.472 -0.494485
-0.471 -0.493583
-0.47 -0.49268
-0.469 -0.491776
-0.468 -0.490871
-0.467 -0.489965
-0.466 -0.489059
-0.465 -0.488152
-0.464 -0.487244
-0.463 -0.486335
-0.462 -0.485425
-0.461 -0.484514
-0.46 -0.483603
-0.459 -0.482691
-0.458 -0.481778
-0.457 -0.480864
-0.456 -0.479949
-0.455 -0.479033
-0.454 -0.478117
-0.453 -0.4772
-0.452 -0.476282
-0.451 -0.475363
-0.45 -0.474443
-0.449 -0.473522
-0.448 -0.472601
-0.447 -0.471679
-0.446 -0.470756
-0.445 -0.469832
-0.444 -0.468907
-0.443 -0.467982
-0.442 -0.467055
-0.441 -0.466128
-0.44 -0.4652
-0.439 -0.464272
-0.438 -0.463342
-0.437 -0.462412
-0.436 -0.461481
-0.435 -0.460549
-0.434 -0.459616
-0.433 -0.458682
-0.432 -0.457748
-0.431 -0.456813
-0.43 -0.455877
-0.429 -0.45494
-0.428 -0.454002
-0.427 -0.453064
-0.426 -0.452125
-0.425 -0.451185
-0.424 -0.450244
-0.423 -0.449302
-0.422 -0.44836
-0.421 -0.447417
-0.42 -0.446473
-0.419 -0.445528
-0.418 -0.444582
-0.417 -0.443636
-0.416 -0.442689
-0.415 -0.441741
-0.414 -0.440792
-0.413 -0.439843
-0.412 -0.438893
-0.411 -0.437942
-0.41 -0.43699
-0.409 -0.436037
-0.408 -0.435084
-0.407 -0.43413
-0.406 -0.433175
-0.405 -0.432219
-0.404 -0.431263
-0.403 -0.430306
-0.402 -0.429348
-0.401 -0.428389
-0.4 -0.427429
-0.399 -0.426469
-0.398 -0.425508
-0.397 -0.424546
-0.396 -0.423584
-0.395 -0.42262
-0.394 -0.421656
-0.393 -0.420691
-0.392 -0.419726
-0.391 -0.418759
-0.39 -0.417792
-0.389 -0.416824
-0.388 -0.415856
-0.387 -0.414887
-0.386 -0.413916
-0.385 -0.412946
-0.384 -0.411974
-0.383 -0.411002
-0.382 -0.410029
-0.381 -0.409055
-0.38 -0.40808
-0.379 -0.407105
-0.378 -0.406129
-0.377 -0.405152
-0.376 -0.404175
-0.375 -0.403197
-0.374 -0.402218
-0.373 -0.401238
-0.372 -0.400258
-0.371 -0.399276
-0.37 -0.398295
-0.369 -0.397312
-0.368 -0.396329
-0.367 -0.395345
-0.366 -0.39436
-0.365 -0.393374
-0.364 -0.392388
-0.363 -0.391401
-0.362 -0.390414
-0.361 -0.389425
-0.36 -0.388436
-0.359 -0.387447
-0.358 -0.386456
-0.357 -0.385465
-0.356 -0.384473
-0.355 -0.383481
-0.354 -0.382487
-0.353 -0.381494
-0.352 -0.380499
-0.351 -0.379504
-0.35 -0.378507
-0.349 -0.377511
-0.348 -0.376513
-0.347 -0.375515
-0.346 -0.374516
-0.345 -0.373517
-0.344 -0.372517
-0.343 -0.371516
-0.342 -0.370514
-0.341 -0.369512
-0.34 -0.368509
-0.339 -0.367506
-0.338 -0.366501
-0.337 -0.365496
-0.336 -0.364491
-0.335 -0.363484
-0.334 -0.362477
-0.333 -0.36147
-0.332 -0.360461
-0.331 -0.359453
-0.33 -0.358443
-0.329 -0.357433
-0.328 -0.356422
-0.327 -0.35541
-0.326 -0.354398
-0.325 -0.353385
-0.324 -0.352371
-0.323 -0.351357
-0.322 -0.350342
-0.321 -0.349327
-0.32 -0.34831
-0.319 -0.347293
-0.318 -0.346276
-0.317 -0.345258
-0.316 -0.344239
-0.315 -0.34322
-0.314 -0.3422
-0.313 -0.341179
-0.312 -0.340158
-0.311 -0.339136
-0.31 -0.338113
-0.309 -0.33709
-0.308 -0.336066
-0.307 -0.335041
-0.306 -0.334016
-0.305 -0.332991
-0.304 -0.331964
-0.303 -0.330937
-0.302 -0.32991
-0.301 -0.328881
-0.3 -0.327853
-0.299 -0.326823
-0.298 -0.325793
-0.297 -0.324762
-0.296 -0.323731
-0.295 -0.322699
-0.294 -0.321667
-0.293 -0.320634
-0.292 -0.3196
-0.291 -0.318566
-0.29 -0.317531
-0.289 -0.316495
-0.288 -0.315459
-0.287 -0.314422
-0.286 -0.313385
-0.285 -0.312347
-0.284 -0.311309
-0.283 -0.31027
-0.282 -0.30923
-0.281 -0.30819
-0.28 -0.307149
-0.279 -0.306108
-0.278 -0.305066
-0.277 -0.304023
-0.276 -0.30298
-0.275 -0.301937
-0.274 -0.300892
-0.273 -0.299847
-0.272 -0.298802
-0.271 -0.297756
-0.27 -0.29671
-0.269 -0.295663
-0.268 -0.294615
-0.267 -0.293567
-0.266 -0.292518
-0.265 -0.291469
-0.264 -0.290419
-0.263 -0.289368
-0.262 -0.288317
-0.261 -0.287266
-0.26 -0.286214
-0.259 -0.285161
-0.258 -0.284108
-0.257 -0.283054
-0.256 -0.282
-0.255 -0.280945
-0.254 -0.27989
-0.253 -0.278834
-0.252 -0.277778
-0.251 -0.276721
-0.25 -0.275663
-0.249 -0.274606
-0.248 -0.273547
-0.247 -0.272488
-0.246 -0.271429
-0.245 -0.270368
-0.244 -0.269308
-0.243 -0.268247
-0.242 -0.267185
-0.241 -0.266123
-0.24 -0.265061
-0.239 -0.263997
-0.238 -0.262934
-0.237 -0.26187
-0.236 -0.260805
-0.235 -0.25974
-0.234 -0.258674
-0.233 -0.257608
-0.232 -0.256542
-0.231 -0.255474
-0.23 -0.254407
-0.229 -0.253339
-0.228 -0.25227
-0.227 -0.251201
-0.226 -0.250132
-0.225 -0.249062
-0.224 -0.247991
-0.223 -0.24692
-0.222 -0.245849
-0.221 -0.244777
-0.22 -0.243704
-0.219 -0.242631
-0.218 -0.241558
-0.217 -0.240484
-0.216 -0.23941
-0.215 -0.238335
-0.214 -0.23726
-0.213 -0.236184
-0.212 -0.235108
-0.211 -0.234032
-0.21 -0.232955
-0.209 -0.231877
-0.208 -0.230799
-0.207 -0.229721
-0.206 -0.228642
-0.205 -0.227563
-0.204 -0.226483
-0.203 -0.225403
-0.202 -0.224323
-0.201 -0.223242
-0.2 -0.22216
-0.199 -0.221078
-0.198 -0.219996
-0.197 -0.218913
-0.196 -0.21783
-0.195 -0.216747
-0.194 -0.215663
-0.193 -0.214578
-0.192 -0.213494
-0.191 -0.212408
-0.19 -0.211323
-0.189 -0.210237
-0.188 -0.20915
-0.187 -0.208063
-0.186 -0.206976
-0.185 -0.205888
-0.184 -0.2048
-0.183 -0.203712
-0.182 -0.202623
-0.181 -0.201534
-0.18 -0.200444
-0.179 -0.199354
-0.178 -0.198264
-0.177 -0.197173
-0.176 -0.196082
-0.175 -0.19499
-0.174 -0.193898
-0.173 -0.192806
-0.172 -0.191713
-0.171 -0.19062
-0.17 -0.189526
-0.169 -0.188433
-0.168 -0.187338
-0.167 -0.186244
-0.166 -0.185149
-0.165 -0.184054
-0.164 -0.182958
-0.163 -0.181862
-0.162 -0.180766
-0.161 -0.179669
-0.16 -0.178572
-0.159 -0.177474
-0.158 -0.176377
-0.157 -0.175278
-0.156 -0.17418
-0.155 -0.173081
-0.154 -0.171982
-0.153 -0.170883
-0.152 -0.169783
-0.151 -0.168683
-0.15 -0.167582
-0.149 -0.166481
-0.148 -0.16538
-0.147 -0.164279
-0.146 -0.163177
-0.145 -0.162075
-0.144 -0.160972
-0.143 -0.15987
-0.142 -0.158767
-0.141 -0.157663
-0.14 -0.15656
-0.139 -0.155456
-0.138 -0.154351
-0.137 -0.153247
-0.136 -0.152142
-0.135 -0.151037
-0.134 -0.149931
-0.133 -0.148826
-0.132 -0.147719
-0.131 -0.146613
-0.13 -0.145506
-0.129 -0.1444
-0.128 -0.143292
-0.127 -0.142185
-0.126 -0.141077
-0.125 -0.139969
-0.124 -0.138861
-0.123 -0.137752
-0.122 -0.136643
-0.121 -0.135534
-0.12 -0.134425
-0.119 -0.133315
-0.118 -0.132205
-0.117 -0.131095
-0.116 -0.129984
-0.115 -0.128874
-0.114 -0.127763
-0.113 -0.126651
-0.112 -0.12554
-0.111 -0.124428
-0.11 -0.123316
-0.109 -0.122204
-0.108 -0.121092
-0.107 -0.119979
-0.106 -0.118866
-0.105 -0.117753
-0.104 -0.116639
-0.103 -0.115526
-0.102 -0.114412
-0.101 -0.113298
-0.1 -0.112184
-0.099 -0.111069
-0.098 -0.109954
-0.097 -0.108839
-0.096 -0.107724
-0.095 -0.106609
-0.094 -0.105493
-0.093 -0.104377
-0.092 -0.103261
-0.091 -0.102145
-0.09 -0.101029
-0.089 -0.0999121
-0.088 -0.0987953
-0.087 -0.0976783
-0.086 -0.0965611
-0.085 -0.0954437
-0.084 -0.0943261
-0.083 -0.0932083
-0.082 -0.0920903
-0.081 -0.0909722
-0.08 -0.0898539
-0.079 -0.0887354
-0.078 -0.0876167
-0.077 -0.0864978
-0.076 -0.0853788
-0.075 -0.0842596
-0.074 -0.0831403
-0.073 -0.0820207
-0.072 -0.0809011
-0.071 -0.0797812
-0.07 -0.0786612
-0.069 -0.077541
-0.068 -0.0764207
-0.067 -0.0753003
-0.066 -0.0741796
-0.065 -0.0730589
-0.064 -0.071938
-0.063 -0.0708169
-0.062 -0.0696957
-0.061 -0.0685744
-0.06 -0.0674529
-0.059 -0.0663313
-0.058 -0.0652096
-0.057 -0.0640877
-0.056 -0.0629658
-0.055 -0.0618436
-0.054 -0.0607214
-0.053 -0.0595991
-0.052 -0.0584766
-0.051 -0.057354
-0.05 -0.0562313
-0.049 -0.0551085
-0.048 -0.0539855
-0.047 -0.0528625
-0.046 -0.0517394
-0.045 -0.0506161
-0.044 -0.0494928
-0.043 -0.0483693
-0.042 -0.0472458
-0.041 -0.0461222
-0.04 -0.0449984
-0.039 -0.0438746
-0.038 -0.0427507
-0.037 -0.0416268
-0.036 -0.0405027
-0.035 -0.0393785
-0.034 -0.0382543
-0.033 -0.03713
-0.032 -0.0360056
-0.031 -0.0348812
-0.03 -0.0337567
-0.029 -0.0326321
-0.028 -0.0315074
-0.027 -0.0303827
-0.026 -0.029258
-0.025 -0.0281331
-0.024 -0.0270082
-0.023 -0.0258833
-0.022 -0.0247583
-0.021 -0.0236333
-0.02 -0.0225082
-0.019 -0.021383
-0.018 -0.0202579
-0.017 -0.0191327
-0.016 -0.0180074
-0.015 -0.0168821
-0.014 -0.0157568
-0.013 -0.0146314
-0.012 -0.0135061
-0.011 -0.0123806
-0.01 -0.0112552
-0.009 -0.0101298
-0.008 -0.00900427
-0.007 -0.00787878
-0.006 -0.00675327
-0.005 -0.00562774
-0.004 -0.00450221
-0.003 -0.00337666
-0.002 -0.00225111
-0.001 -0.00112556
-1.09253e-13 -1.2297e-13
0.001 0.00112556
0.002 0.00225111
0.003 0.00337666
0.004 0.00450221
0.005 0.00562774
0.006 0.00675327
0.007 0.00787878
0.008 0.00900427
0.009 0.0101298
0.01 0.0112552
0.011 0.0123806
0.012 0.0135061
0.013 0.0146314
0.014 0.0157568
0.015 0.0168821
0.016 0.0180074
0.017 0.0191327
0.018 0.0202579
0.019 0.021383
0.02 0.0225082
0.021 0.0236333
0.022 0.0247583
0.023 0.0258833
0.024 0.0270082
0.025 0.0281331
0.026 0.029258
0.027 0.0303827
0.028 0.0315074
0.029 0.0326321
0.03 0.0337567
0.031 0.0348812
0.032 0.0360056
0.033 0.03713
0.034 0.0382543
0.035 0.0393785
0.036 0.0405027
0.037 0.0416268
0.038 0.0427507
0.039 0.0438746
0.04 0.0449984
0.041 0.0461222
0.042 0.0472458
0.043 0.0483693
0.044 0.0494928
0.045 0.0506161
0.046 0.0517394
0.047 0.0528625
0.048 0.0539855
0.049 0.0551085
0.05 0.0562313
0.051 0.057354
0.052 0.0584766
0.053 0.0595991
0.054 0.0607214
0.055 0.0618436
0.056 0.0629658
0.057 0.0640877
0.058 0.0652096
0.059 0.0663313
0.06 0.0674529
0.061 0.0685744
0.062 0.0696957
0.063 0.0708169
0.064 0.071938
0.065 0.0730589
0.066 0.0741796
0.067 0.0753003
0.068 0.0764207
0.069 0.077541
0.07 0.0786612
0.071 0.0797812
0.072 0.0809011
0.073 0.0820207
0.074 0.0831403
0.075 0.0842596
0.076 0.0853788
0.077 0.0864978
0.078 0.0876167
0.079 0.0887354
0.08 0.0898539
0.081 0.0909722
0.082 0.0920903
0.083 0.0932083
0.084 0.0943261
0.085 0.0954437
0.086 0.0965611
0.087 0.0976783
0.088 0.0987953
0.089 0.0999121
0.09 0.101029
0.091 0.102145
0.092 0.103261
0.093 0.104377
0.094 0.105493
0.095 0.106609
0.096 0.107724
0.097 0.108839
0.098 0.109954
0.099 0.111069
0.1 0.112184
0.101 0.113298
0.102 0.114412
0.103 0.115526
0.104 0.116639
0.105 0.117753
0.106 0.118866
0.107 0.119979
0.108 0.121092
0.109 0.122204
0.11 0.123316
0.111 0.124428
0.112 0.12554
0.113 0.126651
0.114 0.127763
0.115 0.128874
0.116 0.129984
0.117 0.131095
0.118 0.132205
0.119 0.133315
0.12 0.134425
0.121 0.135534
0.122 0.136643
0.123 0.137752
0.124 0.138861
0.125 0.139969
0.126 0.141077
0.127 0.142185
0.128 0.143292
0.129 0.1444
0.13 0.145506
0.131 0.146613
0.132 0.147719
0.133 0.148826
0.134 0.149931
0.135 0.151037
0.136 0.152142
0.137 0.153247
0.138 0.154351
0.139 0.155456
0.14 0.15656
0.141 0.157663
0.142 0.158767
0.143 0.15987
0.144 0.160972
0.145 0.162075
0.146 0.163177
0.147 0.164279
0.148 0.16538
0.149 0.166481
0.15 0.167582
0.151 0.168683
0.152 0.169783
0.153 0.170883
0.154 0.171982
0.155 0.173081
0.156 0.17418
0.157 0.175278
0.158 0.176377
0.159 0.177474
0.16 0.178572
0.161 0.179669
0.162 0.180766
0.163 0.181862
0.164 0.182958
0.165 0.184054
0.166 0.185149
0.167 0.186244
0.168 0.187338
0.169 0.188433
0.17 0.189526
0.171 0.19062
0.172 0.191713
0.173 0.192806
0.174 0.193898
0.175 0.19499
0.176 0.196082
0.177 0.197173
0.178 0.198264
0.179 0.199354
0.18 0.200444
0.181 0.201534
0.182 0.202623
0.183 0.203712
0.184 0.2048
0.185 0.205888
0.186 0.206976
0.187 0.208063
0.188 0.20915
0.189 0.210237
0.19 0.211323
0.191 0.212408
0.192 0.213494
0.193 0.214578
0.194 0.215663
0.195 0.216747
0.196 0.21783
0.197 0.218913
0.198 0.219996
0.199 0.221078
0.2 0.22216
0.201 0.223242
0.202 0.224323
0.203 0.225403
0.204 0.226483
0.205 0.227563
0.206 0.228642
0.207 0.229721
0.208 0.230799
0.209 0.231877
0.21 0.232955
0.211 0.234032
0.212 0.235108
0.213 0.236184
0.214 0.23726
0.215 0.238335
0.216 0.23941
0.217 0.240484
0.218 0.241558
0.219 0.242631
0.22 0.243704
0.221 0.244777
0.222 0.245849
0.223 0.24692
0.224 0.247991
0.225 0.249062
0.226 0.250132
0.227 0.251201
0.228 0.25227
0.229 0.253339
0.23 0.254407
0.231 0.255474
0.232 0.256542
0.233 0.257608
0.234 0.258674
0.235 0.25974
0.236 0.260805
0.237 0.26187
0.238 0.262934
0.239 0.263997
0.24 0.265061
0.241 0.266123
0.242 0.267185
0.243 0.268247
0.244 0.269308
0.245 0.270368
0.246 0.271429
0.247 0.272488
0.248 0.273547
0.249 0.274606
0.25 0.275663
0.251 0.276721
0.252 0.277778
0.253 0.278834
0.254 0.27989
0.255 0.280945
0.256 0.282
0.257 0.283054
0.258 0.284108
0.259 0.285161
0.26 0.286214
0.261 0.287266
0.262 0.288317
0.263 0.289368
0.264 0.290419
0.265 0.291469
0.266 0.292518
0.267 0.293567
0.268 0.294615
0.269 0.295663
0.27 0.29671
0.271 0.297756
0.272 0.298802
0.273 0.299847
0.274 0.300892
0.275 0.301937
0.276 0.30298
0.277 0.304023
0.278 0.305066
0.279 0.306108
0.28 0.307149
0.281 0.30819
0.282 0.30923
0.283 0.31027
0.284 0.311309
0.285 0.312347
0.286 0.313385
0.287 0.314422
0.288 0.315459
0.289 0.316495
0.29 0.317531
0.291 0.318566
0.292 0.3196
0.293 0.320634
0.294 0.321667
0.295 0.322699
0.296 0.323731
0.297 0.324762
0.298 0.325793
0.299 0.326823
0.3 0.327853
0.301 0.328881
0.302 0.32991
0.303 0.330937
0.304 0.331964
0.305 0.332991
0.306 0.334016
0.307 0.335041
0.308 0.336066
0.309 0.33709
0.31 0.338113
0.311 0.339136
0.312 0.340158
0.313 0.341179
0.314 0.3422
0.315 0.34322
0.316 0.344239
0.317 0.345258
0.318 0.346276
0.319 0.347293
0.32 0.34831
0.321 0.349327
0.322 0.350342
0.323 0.351357
0.324 0.352371
0.325 0.353385
0.326 0.354398
0.327 0.35541
0.328 0.356422
0.329 0.357433
0.33 0.358443
0.331 0.359453
0.332 0.360461
0.333 0.36147
0.334 0.362477
0.335 0.363484
0.336 0.364491
0.337 0.365496
0.338 0.366501
0.339 0.367506
0.34 0.368509
0.341 0.369512
0.342 0.370514
0.343 0.371516
0.344 0.372517
0.345 0.373517
0.346 0.374516
0.347 0.375515
0.348 0.376513
0.349 0.377511
0.35 0.378507
0.351 0.379504
0.352 0.380499
0.353 0.381494
0.354 0.382487
0.355 0.383481
0.356 0.384473
0.357 0.385465
0.358 0.386456
0.359 0.387447
0.36 0.388436
0.361 0.389425
0.362 0.390414
0.363 0.391401
0.364 0.392388
0.365 0.393374
0.366 0.39436
0.367 0.395345
0.368 0.396329
0.369 0.397312
0.37 0.398295
0.371 0.399276
0.372 0.400258
0.373 0.401238
0.374 0.402218
0.375 0.403197
0.376 0.404175
0.377 0.405152
0.378 0.406129
0.379 0.407105
0.38 0.40808
0.381 0.409055
0.382 0.410029
0.383 0.411002
0.384 0.411974
0.385 0.412946
0.386 0.413916
0.387 0.414887
0.388 0.415856
0.389 0.416824
0.39 0.417792
0.391 0.418759
0.392 0.419726
0.393 0.420691
0.394 0.421656
0.395 0.42262
0.396 0.423584
0.397 0.424546
0.398 0.425508
0.399 0.426469
0.4 0.427429
0.401 0.428389
0.402 0.429348
0.403 0.430306
0.404 0.431263
0.405 0.432219
0.406 0.433175
0.407 0.43413
0.408 0.435084
0.409 0.436037
0.41 0.43699
0.411 0.437942
0.412 0.438893
0.413 0.439843
0.414 0.440792
0.415 0.441741
0.416 0.442689
0.417 0.443636
0.418 0.444582
0.419 0.445528
0.42 0.446473
0.421 0.447417
0.422 0.44836
0.423 0.449302
0.424 0.450244
0.425 0.451185
0.426 0.452125
0.427 0.453064
0.428 0.454002
0.429 0.45494
0.43 0.455877
0.431 0.456813
0.432 0.457748
0.433 0.458682
0.434 0.459616
0.435 0.460549
0.436 0.461481
0.437 0.462412
0.438 0.463342
0.439 0.464272
0.44 0.4652
0.441 0.466128
0.442 0.467055
0.443 0.467982
0.444 0.468907
0.445 0.469832
0.446 0.470756
0.447 0.471679
0.448 0.472601
0.449 0.473522
0.45 0.474443
0.451 0.475363
0.452 0.476282
0.453 0.4772
0.454 0.478117
0.455 0.479033
0.456 0.479949
0.457 0.480864
0.458 0.481778
0.459 0.482691
0.46 0.483603
0.461 0.484514
0.462 0.485425
0.463 0.486335
0.464 0.487244
0.465 0.488152
0.466 0.489059
0.467 0.489965
0.468 0.490871
0.469 0.491776
0.47 0.49268
0.471 0.493583
0.472 0.494485
0.473 0.495386
0.474 0.496287
0.475 0.497186
0.476 0.498085
0.477 0.498983
0.478 0.49988
0.479 0.500776
0.48 0.501672
0.481 0.502566
0.482 0.50346
0.483 0.504353
0.484 0.505245
0.485 0.506136
0.486 0.507026
0.487 0.507915
0.488 0.508804
0.489 0.509692
0.49 0.510578
0.491 0.511464
0.492 0.512349
0.493 0.513234
0.494 0.514117
0.495 0.514999
0.496 0.515881
0.497 0.516762
0.498 0.517642
0.499 0.518521
0.5 0.519399
0.501 0.520276
0.502 0.521152
0.503 0.522028
0.504 0.522902
0.505 0.523776
0.506 0.524649
0.507 0.525521
0.508 0.526392
0.509 0.527262
0.51 0.528132
0.511 0.529
0.512 0.529868
0.513 0.530734
0.514 0.5316
0.515 0.532465
0.516 0.533329
0.517 0.534192
0.518 0.535054
0.519 0.535916
0.52 0.536776
0.521 0.537636
0.522 0.538495
0.523 0.539352
0.524 0.540209
0.525 0.541065
0.526 0.54192
0.527 0.542775
0.528 0.543628
0.529 0.54448
0.53 0.545332
0.531 0.546183
0.532 0.547032
0.533 0.547881
0.534 0.548729
0.535 0.549576
0.536 0.550422
0.537 0.551268
0.538 0.552112
0.539 0.552955
0.54 0.553798
0.541 0.55464
0.542 0.55548
0.543 0.55632
0.544 0.557159
0.545 0.557997
0.546 0.558834
0.547 0.55967
0.548 0.560506
0.549 0.56134
0.55 0.562173
0.551 0.563006
0.552 0.563838
0.553 0.564668
0.554 0.565498
0.555 0.566327
0.556 0.567155
0.557 0.567982
0.558 0.568808
0.559 0.569633
0.56 0.570458
0.561 0.571281
0.562 0.572104
0.563 0.572925
0.564 0.573746
0.565 0.574565
0.566 0.575384
0.567 0.576202
0.568 0.577019
0.569 0.577835
0.57 0.57865
0.571 0.579464
0.572 0.580278
0.573 0.58109
0.574 0.581901
0.575 0.582712
0.576 0.583521
0.577 0.58433
0.578 0.585138
0.579 0.585944
0.58 0.58675
0.581 0.587555
0.582 0.588359
0.583 0.589162
0.584 0.589964
0.585 0.590765
0.586 0.591566
0.587 0.592365
0.588 0.593163
0.589 0.593961
0.59 0.594757
0.591 0.595553
0.592 0.596348
0.593 0.597141
0.594 0.597934
0.595 0.598726
0.596 0.599517
0.597 0.600307
0.598 0.601096
0.599 0.601884
0.6 0.602671
0.601 0.603457
0.602 0.604242
0.603 0.605027
0.604 0.60581
0.605 0.606593
0.606 0.607374
0.607 0.608155
0.608 0.608934
0.609 0.609713
0.61 0.610491
0.611 0.611267
0.612 0.612043
0.613 0.612818
0.614 0.613592
0.615 0.614365
0.616 0.615137
0.617 0.615908
0.618 0.616679
0.619 0.617448
0.62 0.618216
0.621 0.618983
0.622 0.61975
0.623 0.620515
0.624 0.62128
0.625 0.622043
0.626 0.622806
0.627 0.623567
0.628 0.624328
0.629 0.625088
0.63 0.625847
0.631 0.626605
0.632 0.627361
0.633 0.628117
0.634 0.628872
0.635 0.629626
0.636 0.630379
0.637 0.631132
0.638 0.631883
0.639 0.632633
0.64 0.633382
0.641 0.634131
0.642 0.634878
0.643 0.635624
0.644 0.63637
0.645 0.637114
0.646 0.637858
0.647 0.6386
0.648 0.639342
0.649 0.640083
0.65 0.640822
0.651 0.641561
0.652 0.642299
0.653 0.643036
0.654 0.643772
0.655 0.644507
0.656 0.645241
0.657 0.645974
0.658 0.646706
0.659 0.647437
0.66 0.648167
0.661 0.648896
0.662 0.649624
0.663 0.650352
0.664 0.651078
0.665 0.651803
0.666 0.652528
0.667 0.653251
0.668 0.653974
0.669 0.654695
0.67 0.655416
0.671 0.656135
0.672 0.656854
0.673 0.657572
0.674 0.658288
0.675 0.659004
0.676 0.659719
0.677 0.660433
0.678 0.661146
0.679 0.661858
0.68 0.662569
0.681 0.663279
0.682 0.663988
0.683 0.664696
0.684 0.665403
0.685 0.666109
0.686 0.666814
0.687 0.667518
0.688 0.668222
0.689 0.668924
0.69 0.669625
0.691 0.670326
0.692 0.671025
0.693 0.671723
0.694 0.672421
0.695 0.673117
0.696 0.673813
0.697 0.674508
0.698 0.675201
0.699 0.675894
0.7 0.676586
0.701 0.677276
0.702 0.677966
0.703 0.678655
0.704 0.679343
0.705 0.68003
0.706 0.680716
0.707 0.681401
0.708 0.682085
0.709 0.682768
0.71 0.68345
0.711 0.684131
0.712 0.684811
0.713 0.68549
0.714 0.686168
0.715 0.686846
0.716 0.687522
0.717 0.688197
0.718 0.688872
0.719 0.689545
0.72 0.690217
0.721 0.690889
0.722 0.691559
0.723 0.692229
0.724 0.692898
0.725 0.693565
0.726 0.694232
0.727 0.694898
0.728 0.695562
0.729 0.696226
0.73 0.696889
0.731 0.697551
0.732 0.698212
0.733 0.698872
0.734 0.699531
0.735 0.700189
0.736 0.700846
0.737 0.701502
0.738 0.702157
0.739 0.702811
0.74 0.703464
0.741 0.704116
0.742 0.704768
0.743 0.705418
0.744 0.706067
0.745 0.706716
0.746 0.707363
0.747 0.70801
0.748 0.708655
0.749 0.7093
0.75 0.709943
0.751 0.710586
0.752 0.711228
0.753 0.711868
0.754 0.712508
0.755 0.713147
0.756 0.713785
0.757 0.714422
0.758 0.715058
0.759 0.715693
0.76 0.716327
0.761 0.71696
0.762 0.717592
0.763 0.718223
0.764 0.718853
0.765 0.719482
0.766 0.72011
0.767 0.720738
0.768 0.721364
0.769 0.721989
0.77 0.722614
0.771 0.723237
0.772 0.72386
0.773 0.724481
0.774 0.725102
0.775 0.725722
0.776 0.72634
0.777 0.726958
0.778 0.727575
0.779 0.728191
0.78 0.728806
0.781 0.72942
0.782 0.730033
0.783 0.730645
0.784 0.731256
0.785 0.731866
0.786 0.732475
0.787 0.733083
0.788 0.73369
0.789 0.734297
0.79 0.734902
0.791 0.735506
0.792 0.73611
0.793 0.736712
0.794 0.737314
0.795 0.737915
0.796 0.738514
0.797 0.739113
0.798 0.739711
0.799 0.740308
0.8 0.740903
0.801 0.741498
0.802 0.742092
0.803 0.742685
0.804 0.743277
0.805 0.743868
0.806 0.744459
0.807 0.745048
0.808 0.745636
0.809 0.746224
0.81 0.74681
0.811 0.747395
0.812 0.74798
0.813 0.748563
0.814 0.749146
0.815 0.749728
0.816 0.750308
0.817 0.750888
0.818 0.751467
0.819 0.752045
0.82 0.752622
0.821 0.753198
0.822 0.753773
0.823 0.754347
0.824 0.75492
0.825 0.755493
0.826 0.756064
0.827 0.756634
0.828 0.757204
0.829 0.757772
0.83 0.75834
0.831 0.758907
0.832 0.759472
0.833 0.760037
0.834 0.760601
0.835 0.761164
0.836 0.761726
0.837 0.762287
0.838 0.762847
0.839 0.763406
0.84 0.763964
0.841 0.764522
0.842 0.765078
0.843 0.765633
0.844 0.766188
0.845 0.766742
0.846 0.767294
0.847 0.767846
0.848 0.768397
0.849 0.768947
0.85 0.769495
0.851 0.770043
0.852 0.770591
0.853 0.771137
0.854 0.771682
0.855 0.772226
0.856 0.77277
0.857 0.773312
0.858 0.773853
0.859 0.774394
0.86 0.774934
0.861 0.775473
0.862 0.77601
0.863 0.776547
0.864 0.777083
0.865 0.777618
0.866 0.778152
0.867 0.778686
0.868 0.779218
0.869 0.779749
0.87 0.78028
0.871 0.780809
0.872 0.781338
0.873 0.781866
0.874 0.782393
0.875 0.782918
0.876 0.783443
0.877 0.783967
0.878 0.784491
0.879 0.785013
0.88 0.785534
0.881 0.786055
0.882 0.786574
0.883 0.787093
0.884 0.78761
0.885 0.788127
0.886 0.788643
0.887 0.789158
0.888 0.789672
0.889 0.790185
0.89 0.790697
0.891 0.791209
0.892 0.791719
0.893 0.792228
0.894 0.792737
0.895 0.793245
0.896 0.793752
0.897 0.794257
0.898 0.794762
0.899 0.795266
0.9 0.79577
0.901 0.796272
0.902 0.796773
0.903 0.797274
0.904 0.797773
0.905 0.798272
0.906 0.79877
0.907 0.799267
0.908 0.799763
0.909 0.800258
0.91 0.800752
0.911 0.801245
0.912 0.801738
0.913 0.802229
0.914 0.80272
0.915 0.80321
0.916 0.803699
0.917 0.804187
0.918 0.804674
0.919 0.80516
0.92 0.805645
0.921 0.806129
0.922 0.806613
0.923 0.807096
0.924 0.807577
0.925 0.808058
0.926 0.808538
0.927 0.809017
0.928 0.809496
0.929 0.809973
0.93 0.810449
0.931 0.810925
0.932 0.8114
0.933 0.811873
0.934 0.812346
0.935 0.812818
0.936 0.813289
0.937 0.81376
0.938 0.814229
0.939 0.814698
0.94 0.815165
0.941 0.815632
0.942 0.816098
0.943 0.816563
0.944 0.817027
0.945 0.817491
0.946 0.817953
0.947 0.818415
0.948 0.818875
0.949 0.819335
0.95 0.819794
0.951 0.820252
0.952 0.820709
0.953 0.821166
0.954 0.821621
0.955 0.822076
0.956 0.82253
0.957 0.822983
0.958 0.823435
0.959 0.823886
0.96 0.824336
0.961 0.824786
0.962 0.825234
0.963 0.825682
0.964 0.826129
0.965 0.826575
0.966 0.82702
0.967 0.827464
0.968 0.827908
0.969 0.828351
0.97 0.828792
0.971 0.829233
0.972 0.829673
0.973 0.830113
0.974 0.830551
0.975 0.830988
0.976 0.831425
0.977 0.831861
0.978 0.832296
0.979 0.83273
0.98 0.833163
0.981 0.833596
0.982 0.834027
0.983 0.834458
0.984 0.834888
0.985 0.835317
0.986 0.835745
0.987 0.836173
0.988 0.836599
0.989 0.837025
0.99 0.83745
0.991 0.837874
0.992 0.838297
0.993 0.838719
0.994 0.839141
0.995 0.839562
0.996 0.839981
0.997 0.840401
0.998 0.840819
0.999 0.841236
1 0.841653
1.001 0.842068
1.002 0.842483
1.003 0.842897
1.004 0.843311
1.005 0.843723
1.006 0.844135
1.007 0.844545
1.008 0.844955
1.009 0.845364
1.01 0.845773
1.011 0.84618
1.012 0.846587
1.013 0.846993
1.014 0.847398
1.015 0.847802
1.016 0.848205
1.017 0.848608
1.018 0.84901
1.019 0.849411
1.02 0.849811
1.021 0.85021
1.022 0.850609
1.023 0.851006
1.024 0.851403
1.025 0.851799
1.026 0.852195
1.027 0.852589
1.028 0.852983
1.029 0.853376
1.03 0.853768
1.031 0.854159
1.032 0.85455
1.033 0.854939
1.034 0.855328
1.035 0.855716
1.036 0.856103
1.037 0.85649
1.038 0.856876
1.039 0.85726
1.04 0.857645
1.041 0.858028
1.042 0.85841
1.043 0.858792
1.044 0.859173
1.045 0.859553
1.046 0.859932
1.047 0.860311
1.048 0.860689
1.049 0.861066
1.05 0.861442
1.051 0.861817
1.052 0.862192
1.053 0.862566
1.054 0.862939
1.055 0.863311
1.056 0.863682
1.057 0.864053
1.058 0.864423
1.059 0.864792
1.06 0.865161
1.061 0.865528
1.062 0.865895
1.063 0.866261
1.064 0.866626
1.065 0.866991
1.066 0.867354
1.067 0.867717
1.068 0.86808
1.069 0.868441
1.07 0.868802
1.071 0.869162
1.072 0.869521
1.073 0.869879
1.074 0.870237
1.075 0.870593
1.076 0.87095
1.077 0.871305
1.078 0.871659
1.079 0.872013
1.08 0.872366
1.081 0.872718
1.082 0.87307
1.083 0.873421
1.084 0.873771
1.085 0.87412
1.086 0.874468
1.087 0.874816
1.088 0.875163
1.089 0.875509
1.09 0.875855
1.091 0.8762
1.092 0.876544
1.093 0.876887
1.094 0.877229
1.095 0.877571
1.096 0.877912
1.097 0.878252
1.098 0.878592
1.099 0.878931
1.1 0.879269
1.101 0.879606
1.102 0.879942
1.103 0.880278
1.104 0.880613
1.105 0.880948
1.106 0.881281
1.107 0.881614
1.108 0.881946
1.109 0.882278
1.11 0.882608
1.111 0.882938
1.112 0.883268
1.113 0.883596
1.114 0.883924
1.115 0.884251
1.116 0.884577
1.117 0.884903
1.118 0.885228
1.119 0.885552
1.12 0.885875
1.121 0.886198
1.122 0.88652
1.123 0.886841
1.124 0.887162
1.125 0.887482
1.126 0.887801
1.127 0.888119
1.128 0.888437
1.129 0.888754
1.13 0.88907
1.131 0.889386
1.132 0.889701
1.133 0.890015
1.134 0.890328
1.135 0.890641
1.136 0.890953
1.137 0.891264
1.138 0.891575
1.139 0.891885
1.14 0.892194
1.141 0.892503
1.142 0.892811
1.143 0.893118
1.144 0.893424
1.145 0.89373
1.146 0.894035
1.147 0.894339
1.148 0.894643
1.149 0.894946
1.15 0.895248
1.151 0.89555
1.152 0.89585
1.153 0.896151
1.154 0.89645
1.155 0.896749
1.156 0.897047
1.157 0.897344
1.158 0.897641
1.159 0.897937
1.16 0.898233
1.161 0.898527
1.162 0.898821
1.163 0.899115
1.164 0.899407
1.165 0.899699
1.166 0.899991
1.167 0.900281
1.168 0.900571
1.169 0.900861
1.17 0.901149
1.171 0.901437
1.172 0.901725
1.173 0.902011
1.174 0.902297
1.175 0.902582
1.176 0.902867
1.177 0.903151
1.178 0.903434
1.179 0.903717
1.18 0.903999
1.181 0.90428
1.182 0.904561
1.183 0.904841
1.184 0.90512
1.185 0.905399
1.186 0.905677
1.187 0.905954
1.188 0.906231
1.189 0.906507
1.19 0.906782
1.191 0.907057
1.192 0.907331
1.193 0.907604
1.194 0.907877
1.195 0.908149
1.196 0.908421
1.197 0.908692
1.198 0.908962
1.199 0.909232
1.2 0.9095
1.201 0.909769
1.202 0.910036
1.203 0.910303
1.204 0.91057
1.205 0.910835
1.206 0.911101
1.207 0.911365
1.208 0.911629
1.209 0.911892
1.21 0.912155
1.211 0.912416
1.212 0.912678
1.213 0.912938
1.214 0.913198
1.215 0.913458
1.216 0.913717
1.217 0.913975
1.218 0.914232
1.219 0.914489
1.22 0.914745
1.221 0.915001
1.222 0.915256
1.223 0.915511
1.224 0.915764
1.225 0.916018
1.226 0.91627
1.227 0.916522
1.228 0.916773
1.229 0.917024
1.23 0.917274
1.231 0.917524
1.232 0.917773
1.233 0.918021
1.234 0.918269
1.235 0.918516
1.236 0.918762
1.237 0.919008
1.238 0.919253
1.239 0.919498
1.24 0.919742
1.241 0.919985
1.242 0.920228
1.243 0.92047
1.244 0.920712
1.245 0.920953
1.246 0.921194
1.247 0.921433
1.248 0.921673
1.249 0.921911
1.25 0.922149
1.251 0.922387
1.252 0.922624
1.253 0.92286
1.254 0.923096
1.255 0.923331
1.256 0.923566
1.257 0.9238
1.258 0.924033
1.259 0.924266
1.26 0.924498
1.261 0.924729
1.262 0.924961
1.263 0.925191
1.264 0.925421
1.265 0.92565
1.266 0.925879
1.267 0.926107
1.268 0.926335
1.269 0.926562
1.27 0.926788
1.271 0.927014
1.272 0.927239
1.273 0.927464
1.274 0.927688
1.275 0.927912
1.276 0.928135
1.277 0.928357
1.278 0.928579
1.279 0.9288
1.28 0.929021
1.281 0.929241
1.282 0.929461
1.283 0.92968
1.284 0.929899
1.285 0.930117
1.286 0.930334
1.287 0.930551
1.288 0.930767
1.289 0.930983
1.29 0.931198
1.291 0.931413
1.292 0.931627
1.293 0.93184
1.294 0.932053
1.295 0.932266
1.296 0.932478
1.297 0.932689
1.298 0.9329
1.299 0.93311
1.3 0.93332
1.301 0.933529
1.302 0.933738
1.303 0.933946
1.304 0.934153
1.305 0.93436
1.306 0.934567
1.307 0.934773
1.308 0.934978
1.309 0.935183
1.31 0.935387
1.311 0.935591
1.312 0.935795
1.313 0.935997
1.314 0.9362
1.315 0.936401
1.316 0.936602
1.317 0.936803
1.318 0.937003
1.319 0.937203
1.32 0.937402
1.321 0.9376
1.322 0.937798
1.323 0.937996
1.324 0.938193
1.325 0.938389
1.326 0.938585
1.327 0.938781
1.328 0.938976
1.329 0.93917
1.33 0.939364
1.331 0.939557
1.332 0.93975
1.333 0.939943
1.334 0.940134
1.335 0.940326
1.336 0.940517
1.337 0.940707
1.338 0.940897
1.339 0.941086
1.34 0.941275
1.341 0.941463
1.342 0.941651
1.343 0.941838
1.344 0.942025
1.345 0.942211
1.346 0.942397
1.347 0.942583
1.348 0.942767
1.349 0.942952
1.35 0.943136
1.351 0.943319
1.352 0.943502
1.353 0.943684
1.354 0.943866
1.355 0.944047
1.356 0.944228
1.357 0.944409
1.358 0.944588
1.359 0.944768
1.36 0.944947
1.361 0.945125
1.362 0.945303
1.363 0.945481
1.364 0.945658
1.365 0.945834
1.366 0.94601
1.367 0.946186
1.368 0.946361
1.369 0.946536
1.37 0.94671
1.371 0.946883
1.372 0.947057
1.373 0.947229
1.374 0.947402
1.375 0.947573
1.376 0.947745
1.377 0.947916
1.378 0.948086
1.379 0.948256
1.38 0.948425
1.381 0.948594
1.382 0.948763
1.383 0.948931
1.384 0.949099
1.385 0.949266
1.386 0.949432
1.387 0.949599
1.388 0.949764
1.389 0.94993
1.39 0.950094
1.391 0.950259
1.392 0.950423
1.393 0.950586
1.394 0.950749
1.395 0.950912
1.396 0.951074
1.397 0.951236
1.398 0.951397
1.399 0.951558
1.4 0.951718
1.401 0.951878
1.402 0.952037
1.403 0.952196
1.404 0.952355
1.405 0.952513
1.406 0.952671
1.407 0.952828
1.408 0.952985
1.409 0.953141
1.41 0.953297
1.411 0.953452
1.412 0.953607
1.413 0.953762
1.414 0.953916
1.415 0.95407
1.416 0.954223
1.417 0.954376
1.418 0.954529
1.419 0.954681
1.42 0.954832
1.421 0.954983
1.422 0.955134
1.423 0.955284
1.424 0.955434
1.425 0.955584
1.426 0.955733
1.427 0.955881
1.428 0.95603
1.429 0.956177
1.43 0.956325
1.431 0.956472
1.432 0.956618
1.433 0.956764
1.434 0.95691
1.435 0.957055
1.436 0.9572
1.437 0.957344
1.438 0.957488
1.439 0.957632
1.44 0.957775
1.441 0.957918
1.442 0.95806
1.443 0.958202
1.444 0.958344
1.445 0.958485
1.446 0.958626
1.447 0.958766
1.448 0.958906
1.449 0.959046
1.45 0.959185
1.451 0.959324
1.452 0.959462
1.453 0.9596
1.454 0.959738
1.455 0.959875
1.456 0.960011
1.457 0.960148
1.458 0.960284
1.459 0.960419
1.46 0.960554
1.461 0.960689
1.462 0.960824
1.463 0.960958
1.464 0.961091
1.465 0.961225
1.466 0.961357
1.467 0.96149
1.468 0.961622
1.469 0.961754
1.47 0.961885
1.471 0.962016
1.472 0.962146
1.473 0.962276
1.474 0.962406
1.475 0.962536
1.476 0.962665
1.477 0.962793
1.478 0.962921
1.479 0.963049
1.48 0.963177
1.481 0.963304
1.482 0.963431
1.483 0.963557
1.484 0.963683
1.485 0.963809
1.486 0.963934
1.487 0.964059
1.488 0.964183
1.489 0.964308
1.49 0.964431
1.491 0.964555
1.492 0.964678
1.493 0.9648
1.494 0.964923
1.495 0.965045
1.496 0.965166
1.497 0.965288
1.498 0.965409
1.499 0.965529
1.5 0.965649
1.501 0.965769
1.502 0.965888
1.503 0.966008
1.504 0.966126
1.505 0.966245
1.506 0.966363
1.507 0.96648
1.508 0.966598
1.509 0.966715
1.51 0.966831
1.511 0.966947
1.512 0.967063
1.513 0.967179
1.514 0.967294
1.515 0.967409
1.516 0.967524
1.517 0.967638
1.518 0.967752
1.519 0.967865
1.52 0.967978
1.521 0.968091
1.522 0.968204
1.523 0.968316
1.524 0.968427
1.525 0.968539
1.526 0.96865
1.527 0.968761
1.528 0.968871
1.529 0.968981
1.53 0.969091
1.531 0.969201
1.532 0.96931
1.533 0.969418
1.534 0.969527
1.535 0.969635
1.536 0.969743
1.537 0.96985
1.538 0.969957
1.539 0.970064
1.54 0.970171
1.541 0.970277
1.542 0.970383
1.543 0.970488
1.544 0.970593
1.545 0.970698
1.546 0.970803
1.547 0.970907
1.548 0.971011
1.549 0.971114
1.55 0.971218
1.551 0.971321
1.552 0.971423
1.553 0.971525
1.554 0.971627
1.555 0.971729
1.556 0.97183
1.557 0.971932
1.558 0.972032
1.559 0.972133
1.56 0.972233
1.561 0.972333
1.562 0.972432
1.563 0.972531
1.564 0.97263
1.565 0.972729
1.566 0.972827
1.567 0.972925
1.568 0.973022
1.569 0.97312
1.57 0.973217
1.571 0.973314
1.572 0.97341
1.573 0.973506
1.574 0.973602
1.575 0.973698
1.576 0.973793
1.577 0.973888
1.578 0.973982
1.579 0.974077
1.58 0.974171
1.581 0.974264
1.582 0.974358
1.583 0.974451
1.584 0.974544
1.585 0.974637
1.586 0.974729
1.587 0.974821
1.588 0.974913
1.589 0.975004
1.59 0.975095
1.591 0.975186
1.592 0.975276
1.593 0.975367
1.594 0.975457
1.595 0.975546
1.596 0.975636
1.597 0.975725
1.598 0.975814
1.599 0.975902
1.6 0.975991
1.601 0.976079
1.602 0.976166
1.603 0.976254
1.604 0.976341
1.605 0.976428
1.606 0.976514
1.607 0.976601
1.608 0.976687
1.609 0.976773
1.61 0.976858
1.611 0.976943
1.612 0.977028
1.613 0.977113
1.614 0.977197
1.615 0.977282
1.616 0.977365
1.617 0.977449
1.618 0.977532
1.619 0.977615
1.62 0.977698
1.621 0.977781
1.622 0.977863
1.623 0.977945
1.624 0.978027
1.625 0.978108
1.626 0.978189
1.627 0.97827
1.628 0.978351
1.629 0.978432
1.63 0.978512
1.631 0.978592
1.632 0.978671
1.633 0.978751
1.634 0.97883
1.635 0.978909
1.636 0.978987
1.637 0.979066
1.638 0.979144
1.639 0.979222
1.64 0.979299
1.641 0.979377
1.642 0.979454
1.643 0.979531
1.644 0.979607
1.645 0.979683
1.646 0.97976
1.647 0.979835
1.648 0.979911
1.649 0.979986
1.65 0.980061
1.651 0.980136
1.652 0.980211
1.653 0.980285
1.654 0.980359
1.655 0.980433
1.656 0.980507
1.657 0.98058
1.658 0.980654
1.659 0.980726
1.66 0.980799
1.661 0.980872
1.662 0.980944
1.663 0.981016
1.664 0.981087
1.665 0.981159
1.666 0.98123
1.667 0.981301
1.668 0.981372
1.669 0.981442
1.67 0.981513
1.671 0.981583
1.672 0.981653
1.673 0.981722
1.674 0.981792
1.675 0.981861
1.676 0.98193
1.677 0.981998
1.678 0.982067
1.679 0.982135
1.68 0.982203
1.681 0.982271
1.682 0.982338
1.683 0.982406
1.684 0.982473
1.685 0.98254
1.686 0.982606
1.687 0.982673
1.688 0.982739
1.689 0.982805
1.69 0.982871
1.691 0.982936
1.692 0.983002
1.693 0.983067
1.694 0.983132
1.695 0.983196
1.696 0.983261
1.697 0.983325
1.698 0.983389
1.699 0.983453
1.7 0.983516
1.701 0.98358
1.702 0.983643
1.703 0.983706
1.704 0.983768
1.705 0.983831
1.706 0.983893
1.707 0.983955
1.708 0.984017
1.709 0.984079
1.71 0.98414
1.711 0.984202
1.712 0.984263
1.713 0.984324
1.714 0.984384
1.715 0.984445
1.716 0.984505
1.717 0.984565
1.718 0.984625
1.719 0.984684
1.72 0.984744
1.721 0.984803
1.722 0.984862
1.723 0.984921
1.724 0.984979
1.725 0.985038
1.726 0.985096
1.727 0.985154
1.728 0.985212
1.729 0.985269
1.73 0.985327
1.731 0.985384
1.732 0.985441
1.733 0.985498
1.734 0.985554
1.735 0.985611
1.736 0.985667
1.737 0.985723
1.738 0.985779
1.739 0.985834
1.74 0.98589
1.741 0.985945
1.742 0.986
1.743 0.986055
1.744 0.98611
1.745 0.986164
1.746 0.986218
1.747 0.986273
1.748 0.986326
1.749 0.98638
1.75 0.986434
1.751 0.986487
1.752 0.98654
1.753 0.986593
1.754 0.986646
1.755 0.986699
1.756 0.986751
1.757 0.986803
1.758 0.986856
1.759 0.986907
1.76 0.986959
1.761 0.987011
1.762 0.987062
1.763 0.987113
1.764 0.987164
1.765 0.987215
1.766 0.987266
1.767 0.987316
1.768 0.987366
1.769 0.987417
1.77 0.987467
1.771 0.987516
1.772 0.987566
1.773 0.987615
1.774 0.987665
1.775 0.987714
1.776 0.987762
1.777 0.987811
1.778 0.98786
1.779 0.987908
1.78 0.987956
1.781 0.988004
1.782 0.988052
1.783 0.9881
1.784 0.988147
1.785 0.988195
1.786 0.988242
1.787 0.988289
1.788 0.988336
1.789 0.988383
1.79 0.988429
1.791 0.988475
1.792 0.988522
1.793 0.988568
1.794 0.988613
1.795 0.988659
1.796 0.988705
1.797 0.98875
1.798 0.988795
1.799 0.98884
1.8 0.988885
1.801 0.98893
1.802 0.988975
1.803 0.989019
1.804 0.989063
1.805 0.989107
1.806 0.989151
1.807 0.989195
1.808 0.989239
1.809 0.989282
1.81 0.989325
1.811 0.989369
1.812 0.989412
1.813 0.989454
1.814 0.989497
1.815 0.98954
1.816 0.989582
1.817 0.989624
1.818 0.989666
1.819 0.989708
1.82 0.98975
1.821 0.989792
1.822 0.989833
1.823 0.989874
1.824 0.989916
1.825 0.989957
1.826 0.989997
1.827 0.990038
1.828 0.990079
1.829 0.990119
1.83 0.990159
1.831 0.9902
1.832 0.99024
1.833 0.990279
1.834 0.990319
1.835 0.990359
1.836 0.990398
1.837 0.990437
1.838 0.990476
1.839 0.990515
1.84 0.990554
1.841 0.990593
1.842 0.990632
1.843 0.99067
1.844 0.990708
1.845 0.990746
1.846 0.990784
1.847 0.990822
1.848 0.99086
1.849 0.990898
1.85 0.990935
1.851 0.990972
1.852 0.991009
1.853 0.991046
1.854 0.991083
1.855 0.99112
1.856 0.991157
1.857 0.991193
1.858 0.99123
1.859 0.991266
1.86 0.991302
1.861 0.991338
1.862 0.991374
1.863 0.991409
1.864 0.991445
1.865 0.99148
1.866 0.991516
1.867 0.991551
1.868 0.991586
1.869 0.991621
1.87 0.991655
1.871 0.99169
1.872 0.991725
1.873 0.991759
1.874 0.991793
1.875 0.991827
1.876 0.991861
1.877 0.991895
1.878 0.991929
1.879 0.991963
1.88 0.991996
1.881 0.992029
1.882 0.992063
1.883 0.992096
1.884 0.992129
1.885 0.992162
1.886 0.992194
1.887 0.992227
1.888 0.99226
1.889 0.992292
1.89 0.992324
1.891 0.992356
1.892 0.992388
1.893 0.99242
1.894 0.992452
1.895 0.992484
1.896 0.992515
1.897 0.992547
1.898 0.992578
1.899 0.992609
1.9 0.99264
1.901 0.992671
1.902 0.992702
1.903 0.992733
1.904 0.992763
1.905 0.992794
1.906 0.992824
1.907 0.992854
1.908 0.992885
1.909 0.992915
1.91 0.992945
1.911 0.992974
1.912 0.993004
1.913 0.993034
1.914 0.993063
1.915 0.993092
1.916 0.993122
1.917 0.993151
1.918 0.99318
1.919 0.993209
1.92 0.993238
1.921 0.993266
1.922 0.993295
1.923 0.993323
1.924 0.993352
1.925 0.99338
1.926 0.993408
1.927 0.993436
1.928 0.993464
1.929 0.993492
1.93 0.99352
1.931 0.993547
1.932 0.993575
1.933 0.993602
1.934 0.993629
1.935 0.993657
1.936 0.993684
1.937 0.993711
1.938 0.993737
1.939 0.993764
1.94 0.993791
1.941 0.993817
1.942 0.993844
1.943 0.99387
1.944 0.993897
1.945 0.993923
1.946 0.993949
1.947 0.993975
1.948 0.994001
1.949 0.994026
1.95 0.994052
1.951 0.994078
1.952 0.994103
1.953 0.994128
1.954 0.994154
1.955 0.994179
1.956 0.994204
1.957 0.994229
1.958 0.994254
1.959 0.994278
1.96 0.994303
1.961 0.994328
1.962 0.994352
1.963 0.994377
1.964 0.994401
1.965 0.994425
1.966 0.994449
1.967 0.994473
1.968 0.994497
1.969 0.994521
1.97 0.994545
1.971 0.994568
1.972 0.994592
1.973 0.994615
1.974 0.994639
1.975 0.994662
1.976 0.994685
1.977 0.994708
1.978 0.994731
1.979 0.994754
1.98 0.994777
1.981 0.9948
1.982 0.994822
1.983 0.994845
1.984 0.994867
1.985 0.99489
1.986 0.994912
1.987 0.994934
1.988 0.994956
1.989 0.994978
1.99 0.995
1.991 0.995022
1.992 0.995044
1.993 0.995066
1.994 0.995087
1.995 0.995109
1.996 0.99513
1.997 0.995151
1.998 0.995173
1.999 0.995194
2 0.995215
