0 0 0
0.001 5.19711e-10 0.0009975
0.002 4.15769e-09 0.001995
0.003 1.40322e-08 0.0029925
0.004 3.32615e-08 0.00399
0.005 6.49639e-08 0.0049875
0.006 1.12258e-07 0.005985
0.007 1.78261e-07 0.0069825
0.008 2.66092e-07 0.00798
0.009 3.78869e-07 0.0089775
0.01 5.19711e-07 0.009975
0.011 6.91735e-07 0.0109725
0.012 8.98061e-07 0.01197
0.013 1.14181e-06 0.0129675
0.014 1.42609e-06 0.013965
0.015 1.75403e-06 0.0149625
0.016 2.12874e-06 0.01596
0.017 2.55334e-06 0.0169575
0.018 3.03096e-06 0.017955
0.019 3.5647e-06 0.0189525
0.02 4.15769e-06 0.01995
0.021 4.81304e-06 0.0209475
0.022 5.53388e-06 0.021945
0.023 6.32332e-06 0.0229425
0.024 7.18449e-06 0.02394
0.025 8.12049e-06 0.0249375
0.026 9.13444e-06 0.025935
0.027 1.02295e-05 0.0269325
0.028 1.14087e-05 0.02793
0.029 1.26752e-05 0.0289275
0.03 1.40322e-05 0.029925
0.031 1.54827e-05 0.0309225
0.032 1.70299e-05 0.03192
0.033 1.86769e-05 0.0329175
0.034 2.04267e-05 0.033915
0.035 2.22826e-05 0.0349125
0.036 2.42476e-05 0.03591
0.037 2.63249e-05 0.0369075
0.038 2.85176e-05 0.037905
0.039 3.08287e-05 0.0389025
0.04 3.32615e-05 0.0399
0.041 3.5819e-05 0.0408975
0.042 3.85043e-05 0.041895
0.043 4.13206e-05 0.0428925
0.044 4.4271e-05 0.04389
0.045 4.73586e-05 0.0448875
0.046 5.05866e-05 0.0458849
0.047 5.39579e-05 0.0468824
0.048 5.74758e-05 0.0478799
0.049 6.11434e-05 0.0488774
0.05 6.49638e-05 0.0498749
0.051 6.89401e-05 0.0508724
0.052 7.30754e-05 0.0518699
0.053 7.73729e-05 0.0528674
0.054 8.18357e-05 0.0538649
0.055 8.64668e-05 0.0548624
0.056 9.12694e-05 0.0558599
0.057 9.62467e-05 0.0568574
0.058 0.000101402 0.0578548
0.059 0.000106738 0.0588523
0.06 0.000112257 0.0598498
0.061 0.000117964 0.0608473
0.062 0.000123861 0.0618448
0.063 0.000129952 0.0628423
0.064 0.000136239 0.0638397
0.065 0.000142725 0.0648372
0.066 0.000149414 0.0658347
0.067 0.000156309 0.0668322
0.068 0.000163413 0.0678296
0.069 0.000170729 0.0688271
0.07 0.00017826 0.0698246
0.071 0.00018601 0.0708221
0.072 0.00019398 0.0718195
0.073 0.000202175 0.072817
0.074 0.000210598 0.0738145
0.075 0.000219252 0.0748119
0.076 0.000228139 0.0758094
0.077 0.000237264 0.0768068
0.078 0.000246628 0.0778043
0.079 0.000256236 0.0788018
0.08 0.00026609 0.0797992
0.081 0.000276194 0.0807967
0.082 0.00028655 0.0817941
0.083 0.000297162 0.0827915
0.084 0.000308032 0.083789
0.085 0.000319165 0.0847864
0.086 0.000330562 0.0857839
0.087 0.000342228 0.0867813
0.088 0.000354165 0.0877787
0.089 0.000366376 0.0887761
0.09 0.000378865 0.0897736
0.091 0.000391635 0.090771
0.092 0.000404688 0.0917684
0.093 0.000418028 0.0927658
0.094 0.000431658 0.0937632
0.095 0.000445581 0.0947606
0.096 0.0004598 0.095758
0.097 0.000474319 0.0967554
0.098 0.00048914 0.0977528
0.099 0.000504267 0.0987502
0.1 0.000519702 0.0997476
0.101 0.000535449 0.100745
0.102 0.000551511 0.101742
0.103 0.000567891 0.10274
0.104 0.000584592 0.103737
0.105 0.000601618 0.104734
0.106 0.000618971 0.105732
0.107 0.000636654 0.106729
0.108 0.000654671 0.107726
0.109 0.000673024 0.108724
0.11 0.000691718 0.109721
0.111 0.000710754 0.110718
0.112 0.000730137 0.111716
0.113 0.000749868 0.112713
0.114 0.000769952 0.11371
0.115 0.000790392 0.114708
0.116 0.000811189 0.115705
0.117 0.000832349 0.116702
0.118 0.000853873 0.117699
0.119 0.000875765 0.118697
0.12 0.000898028 0.119694
0.121 0.000920666 0.120691
0.122 0.00094368 0.121688
0.123 0.000967075 0.122686
0.124 0.000990853 0.123683
0.125 0.00101502 0.12468
0.126 0.00103957 0.125677
0.127 0.00106452 0.126674
0.128 0.00108986 0.127672
0.129 0.0011156 0.128669
0.13 0.00114175 0.129666
0.131 0.0011683 0.130663
0.132 0.00119526 0.13166
0.133 0.00122262 0.132657
0.134 0.00125041 0.133654
0.135 0.00127861 0.134652
0.136 0.00130723 0.135649
0.137 0.00133628 0.136646
0.138 0.00136575 0.137643
0.139 0.00139566 0.13864
0.14 0.00142599 0.139637
0.141 0.00145676 0.140634
0.142 0.00148798 0.141631
0.143 0.00151963 0.142628
0.144 0.00155173 0.143625
0.145 0.00158428 0.144622
0.146 0.00161728 0.145619
0.147 0.00165074 0.146616
0.148 0.00168465 0.147613
0.149 0.00171903 0.14861
0.15 0.00175387 0.149606
0.151 0.00178918 0.150603
0.152 0.00182496 0.1516
0.153 0.00186121 0.152597
0.154 0.00189794 0.153594
0.155 0.00193514 0.154591
0.156 0.00197284 0.155587
0.157 0.00201101 0.156584
0.158 0.00204968 0.157581
0.159 0.00208884 0.158578
0.16 0.00212849 0.159574
0.161 0.00216865 0.160571
0.162 0.0022093 0.161568
0.163 0.00225046 0.162564
0.164 0.00229213 0.163561
0.165 0.00233431 0.164558
0.166 0.002377 0.165554
0.167 0.00242021 0.166551
0.168 0.00246394 0.167547
0.169 0.00250819 0.168544
0.17 0.00255297 0.16954
0.171 0.00259828 0.170537
0.172 0.00264412 0.171533
0.173 0.0026905 0.17253
0.174 0.00273741 0.173526
0.175 0.00278487 0.174523
0.176 0.00283287 0.175519
0.177 0.00288143 0.176515
0.178 0.00293053 0.177511
0.179 0.00298019 0.178508
0.18 0.0030304 0.179504
0.181 0.00308118 0.1805
0.182 0.00313251 0.181496
0.183 0.00318442 0.182492
0.184 0.00323689 0.183489
0.185 0.00328994 0.184485
0.186 0.00334357 0.185481
0.187 0.00339777 0.186477
0.188 0.00345256 0.187473
0.189 0.00350793 0.188469
0.19 0.00356389 0.189465
0.191 0.00362044 0.190461
0.192 0.00367758 0.191456
0.193 0.00373533 0.192452
0.194 0.00379367 0.193448
0.195 0.00385262 0.194444
0.196 0.00391218 0.19544
0.197 0.00397234 0.196435
0.198 0.00403312 0.197431
0.199 0.00409451 0.198426
0.2 0.00415653 0.199422
0.201 0.00421916 0.200418
0.202 0.00428243 0.201413
0.203 0.00434632 0.202408
0.204 0.00441084 0.203404
0.205 0.004476 0.204399
0.206 0.00454179 0.205395
0.207 0.00460823 0.20639
0.208 0.00467531 0.207385
0.209 0.00474303 0.20838
0.21 0.00481141 0.209375
0.211 0.00488044 0.210371
0.212 0.00495013 0.211366
0.213 0.00502047 0.212361
0.214 0.00509148 0.213356
0.215 0.00516316 0.214351
0.216 0.0052355 0.215345
0.217 0.00530852 0.21634
0.218 0.00538221 0.217335
0.219 0.00545657 0.21833
0.22 0.00553162 0.219324
0.221 0.00560735 0.220319
0.222 0.00568377 0.221314
0.223 0.00576088 0.222308
0.224 0.00583869 0.223303
0.225 0.00591719 0.224297
0.226 0.00599639 0.225291
0.227 0.00607629 0.226286
0.228 0.00615689 0.22728
0.229 0.00623821 0.228274
0.23 0.00632024 0.229268
0.231 0.00640298 0.230262
0.232 0.00648644 0.231256
0.233 0.00657062 0.23225
0.234 0.00665552 0.233244
0.235 0.00674116 0.234238
0.236 0.00682752 0.235232
0.237 0.00691461 0.236225
0.238 0.00700244 0.237219
0.239 0.00709101 0.238213
0.24 0.00718033 0.239206
0.241 0.00727038 0.240199
0.242 0.00736119 0.241193
0.243 0.00745275 0.242186
0.244 0.00754506 0.243179
0.245 0.00763813 0.244172
0.246 0.00773196 0.245166
0.247 0.00782656 0.246159
0.248 0.00792192 0.247151
0.249 0.00801805 0.248144
0.25 0.00811495 0.249137
0.251 0.00821263 0.25013
0.252 0.00831109 0.251122
0.253 0.00841033 0.252115
0.254 0.00851035 0.253107
0.255 0.00861117 0.2541
0.256 0.00871277 0.255092
0.257 0.00881517 0.256084
0.258 0.00891836 0.257077
0.259 0.00902236 0.258069
0.26 0.00912716 0.259061
0.261 0.00923276 0.260052
0.262 0.00933918 0.261044
0.263 0.0094464 0.262036
0.264 0.00955445 0.263028
0.265 0.00966331 0.264019
0.266 0.00977299 0.265011
0.267 0.00988349 0.266002
0.268 0.00999483 0.266993
0.269 0.010107 0.267984
0.27 0.01022 0.268976
0.271 0.0103338 0.269966
0.272 0.0104485 0.270957
0.273 0.010564 0.271948
0.274 0.0106804 0.272939
0.275 0.0107976 0.273929
0.276 0.0109156 0.27492
0.277 0.0110346 0.27591
0.278 0.0111543 0.276901
0.279 0.011275 0.277891
0.28 0.0113965 0.278881
0.281 0.0115188 0.279871
0.282 0.0116421 0.280861
0.283 0.0117662 0.28185
0.284 0.0118911 0.28284
0.285 0.012017 0.28383
0.286 0.0121438 0.284819
0.287 0.0122714 0.285808
0.288 0.0123999 0.286797
0.289 0.0125293 0.287787
0.29 0.0126596 0.288776
0.291 0.0127908 0.289764
0.292 0.0129229 0.290753
0.293 0.0130559 0.291742
0.294 0.0131898 0.29273
0.295 0.0133246 0.293718
0.296 0.0134603 0.294707
0.297 0.0135969 0.295695
0.298 0.0137345 0.296683
0.299 0.013873 0.297671
0.3 0.0140124 0.298658
0.301 0.0141527 0.299646
0.302 0.0142939 0.300633
0.303 0.0144361 0.301621
0.304 0.0145793 0.302608
0.305 0.0147233 0.303595
0.306 0.0148683 0.304582
0.307 0.0150143 0.305569
0.308 0.0151611 0.306555
0.309 0.015309 0.307542
0.31 0.0154578 0.308528
0.311 0.0156075 0.309514
0.312 0.0157582 0.3105
0.313 0.0159099 0.311486
0.314 0.0160625 0.312472
0.315 0.0162161 0.313457
0.316 0.0163707 0.314443
0.317 0.0165262 0.315428
0.318 0.0166828 0.316413
0.319 0.0168403 0.317398
0.32 0.0169988 0.318383
0.321 0.0171582 0.319368
0.322 0.0173187 0.320352
0.323 0.0174801 0.321337
0.324 0.0176426 0.322321
0.325 0.017806 0.323305
0.326 0.0179704 0.324289
0.327 0.0181359 0.325272
0.328 0.0183023 0.326256
0.329 0.0184698 0.327239
0.33 0.0186382 0.328222
0.331 0.0188077 0.329205
0.332 0.0189782 0.330188
0.333 0.0191497 0.331171
0.334 0.0193223 0.332153
0.335 0.0194958 0.333136
0.336 0.0196704 0.334118
0.337 0.019846 0.3351
0.338 0.0200227 0.336081
0.339 0.0202004 0.337063
0.34 0.0203791 0.338044
0.341 0.0205589 0.339025
0.342 0.0207397 0.340006
0.343 0.0209216 0.340987
0.344 0.0211045 0.341968
0.345 0.0212885 0.342948
0.346 0.0214735 0.343928
0.347 0.0216596 0.344908
0.348 0.0218468 0.345888
0.349 0.022035 0.346868
0.35 0.0222243 0.347847
0.351 0.0224147 0.348826
0.352 0.0226061 0.349805
0.353 0.0227986 0.350784
0.354 0.0229922 0.351763
0.355 0.0231869 0.352741
0.356 0.0233827 0.353719
0.357 0.0235795 0.354697
0.358 0.0237775 0.355674
0.359 0.0239765 0.356652
0.36 0.0241766 0.357629
0.361 0.0243779 0.358606
0.362 0.0245802 0.359583
0.363 0.0247837 0.360559
0.364 0.0249882 0.361536
0.365 0.0251939 0.362512
0.366 0.0254006 0.363488
0.367 0.0256085 0.364463
0.368 0.0258175 0.365439
0.369 0.0260277 0.366414
0.37 0.0262389 0.367389
0.371 0.0264513 0.368363
0.372 0.0266648 0.369338
0.373 0.0268795 0.370312
0.374 0.0270953 0.371286
0.375 0.0273122 0.372259
0.376 0.0275302 0.373233
0.377 0.0277495 0.374206
0.378 0.0279698 0.375179
0.379 0.0281913 0.376151
0.38 0.028414 0.377123
0.381 0.0286378 0.378096
0.382 0.0288627 0.379067
0.383 0.0290889 0.380039
0.384 0.0293162 0.38101
0.385 0.0295446 0.381981
0.386 0.0297742 0.382952
0.387 0.030005 0.383922
0.388 0.030237 0.384892
0.389 0.0304702 0.385862
0.39 0.0307045 0.386832
0.391 0.03094 0.387801
0.392 0.0311767 0.38877
0.393 0.0314146 0.389739
0.394 0.0316536 0.390707
0.395 0.0318939 0.391675
0.396 0.0321353 0.392643
0.397 0.032378 0.393611
0.398 0.0326219 0.394578
0.399 0.0328669 0.395545
0.4 0.0331132 0.396512
0.401 0.0333607 0.397478
0.402 0.0336093 0.398444
0.403 0.0338592 0.39941
0.404 0.0341104 0.400375
0.405 0.0343627 0.40134
0.406 0.0346162 0.402305
0.407 0.034871 0.403269
0.408 0.035127 0.404233
0.409 0.0353843 0.405197
0.41 0.0356427 0.40616
0.411 0.0359024 0.407123
0.412 0.0361634 0.408086
0.413 0.0364255 0.409049
0.414 0.036689 0.410011
0.415 0.0369536 0.410973
0.416 0.0372195 0.411934
0.417 0.0374867 0.412895
0.418 0.0377551 0.413856
0.419 0.0380248 0.414816
0.42 0.0382957 0.415776
0.421 0.0385679 0.416736
0.422 0.0388414 0.417695
0.423 0.0391161 0.418654
0.424 0.0393921 0.419612
0.425 0.0396693 0.420571
0.426 0.0399479 0.421528
0.427 0.0402277 0.422486
0.428 0.0405087 0.423443
0.429 0.0407911 0.4244
0.43 0.0410747 0.425356
0.431 0.0413597 0.426312
0.432 0.0416459 0.427267
0.433 0.0419334 0.428223
0.434 0.0422222 0.429177
0.435 0.0425123 0.430132
0.436 0.0428037 0.431086
0.437 0.0430964 0.432039
0.438 0.0433904 0.432993
0.439 0.0436857 0.433945
0.44 0.0439823 0.434898
0.441 0.0442802 0.43585
0.442 0.0445794 0.436801
0.443 0.04488 0.437752
0.444 0.0451818 0.438703
0.445 0.045485 0.439653
0.446 0.0457895 0.440603
0.447 0.0460953 0.441553
0.448 0.0464025 0.442502
0.449 0.046711 0.44345
0.45 0.0470208 0.444399
0.451 0.0473319 0.445346
0.452 0.0476444 0.446294
0.453 0.0479582 0.44724
0.454 0.0482734 0.448187
0.455 0.0485899 0.449133
0.456 0.0489077 0.450078
0.457 0.0492269 0.451023
0.458 0.0495475 0.451968
0.459 0.0498694 0.452912
0.46 0.0501926 0.453856
0.461 0.0505172 0.454799
0.462 0.0508432 0.455742
0.463 0.0511705 0.456684
0.464 0.0514992 0.457626
0.465 0.0518293 0.458567
0.466 0.0521607 0.459508
0.467 0.0524935 0.460448
0.468 0.0528277 0.461388
0.469 0.0531632 0.462327
0.47 0.0535001 0.463266
0.471 0.0538384 0.464205
0.472 0.0541781 0.465142
0.473 0.0545192 0.46608
0.474 0.0548616 0.467017
0.475 0.0552055 0.467953
0.476 0.0555507 0.468889
0.477 0.0558973 0.469824
0.478 0.0562453 0.470759
0.479 0.0565947 0.471693
0.48 0.0569455 0.472627
0.481 0.0572977 0.47356
0.482 0.0576514 0.474493
0.483 0.0580064 0.475425
0.484 0.0583628 0.476357
0.485 0.0587206 0.477288
0.486 0.0590799 0.478219
0.487 0.0594405 0.479149
0.488 0.0598026 0.480078
0.489 0.0601661 0.481007
0.49 0.060531 0.481935
0.491 0.0608973 0.482863
0.492 0.0612651 0.48379
0.493 0.0616343 0.484717
0.494 0.0620049 0.485643
0.495 0.0623769 0.486569
0.496 0.0627504 0.487494
0.497 0.0631253 0.488418
0.498 0.0635016 0.489342
0.499 0.0638794 0.490265
0.5 0.0642586 0.491187
0.501 0.0646393 0.492109
0.502 0.0650214 0.493031
0.503 0.0654049 0.493952
0.504 0.0657899 0.494872
0.505 0.0661764 0.495792
0.506 0.0665643 0.49671
0.507 0.0669536 0.497629
0.508 0.0673444 0.498547
0.509 0.0677367 0.499464
0.51 0.0681304 0.50038
0.511 0.0685256 0.501296
0.512 0.0689222 0.502211
0.513 0.0693203 0.503126
0.514 0.0697199 0.50404
0.515 0.0701209 0.504953
0.516 0.0705234 0.505866
0.517 0.0709274 0.506778
0.518 0.0713329 0.507689
0.519 0.0717398 0.5086
0.52 0.0721482 0.50951
0.521 0.0725581 0.510419
0.522 0.0729695 0.511328
0.523 0.0733823 0.512236
0.524 0.0737967 0.513144
0.525 0.0742125 0.51405
0.526 0.0746298 0.514956
0.527 0.0750486 0.515862
0.528 0.0754689 0.516766
0.529 0.0758906 0.51767
0.53 0.0763139 0.518573
0.531 0.0767387 0.519476
0.532 0.077165 0.520378
0.533 0.0775927 0.521279
0.534 0.078022 0.522179
0.535 0.0784528 0.523079
0.536 0.078885 0.523978
0.537 0.0793188 0.524876
0.538 0.0797541 0.525774
0.539 0.0801909 0.52667
0.54 0.0806292 0.527566
0.541 0.081069 0.528462
0.542 0.0815103 0.529356
0.543 0.0819532 0.53025
0.544 0.0823976 0.531143
0.545 0.0828434 0.532035
0.546 0.0832908 0.532927
0.547 0.0837398 0.533818
0.548 0.0841902 0.534708
0.549 0.0846422 0.535597
0.55 0.0850957 0.536485
0.551 0.0855507 0.537373
0.552 0.0860072 0.53826
0.553 0.0864653 0.539146
0.554 0.0869249 0.540031
0.555 0.0873861 0.540916
0.556 0.0878487 0.5418
0.557 0.0883129 0.542682
0.558 0.0887787 0.543565
0.559 0.089246 0.544446
0.56 0.0897148 0.545326
0.561 0.0901852 0.546206
0.562 0.0906571 0.547085
0.563 0.0911305 0.547963
0.564 0.0916055 0.54884
0.565 0.0920821 0.549716
0.566 0.0925601 0.550592
0.567 0.0930398 0.551466
0.568 0.093521 0.55234
0.569 0.0940037 0.553213
0.57 0.094488 0.554085
0.571 0.0949738 0.554956
0.572 0.0954612 0.555826
0.573 0.0959502 0.556696
0.574 0.0964407 0.557564
0.575 0.0969327 0.558432
0.576 0.0974264 0.559299
0.577 0.0979215 0.560165
0.578 0.0984183 0.56103
0.579 0.0989166 0.561894
0.58 0.0994165 0.562757
0.581 0.0999179 0.563619
0.582 0.100421 0.564481
0.583 0.100925 0.565341
0.584 0.101432 0.566201
0.585 0.101939 0.567059
0.586 0.102449 0.567917
0.587 0.102959 0.568774
0.588 0.103472 0.569629
0.589 0.103986 0.570484
0.59 0.104501 0.571338
0.591 0.105018 0.572191
0.592 0.105537 0.573043
0.593 0.106057 0.573894
0.594 0.106579 0.574744
0.595 0.107103 0.575594
0.596 0.107628 0.576442
0.597 0.108154 0.577289
0.598 0.108683 0.578135
0.599 0.109212 0.57898
0.6 0.109744 0.579824
0.601 0.110277 0.580668
0.602 0.110811 0.58151
0.603 0.111347 0.582351
0.604 0.111885 0.583191
0.605 0.112424 0.58403
0.606 0.112965 0.584868
0.607 0.113507 0.585706
0.608 0.114051 0.586542
0.609 0.114597 0.587377
0.61 0.115144 0.588211
0.611 0.115693 0.589044
0.612 0.116243 0.589876
0.613 0.116795 0.590706
0.614 0.117349 0.591536
0.615 0.117904 0.592365
0.616 0.118461 0.593193
0.617 0.119019 0.594019
0.618 0.119579 0.594845
0.619 0.12014 0.595669
0.62 0.120704 0.596492
0.621 0.121268 0.597315
0.622 0.121835 0.598136
0.623 0.122402 0.598956
0.624 0.122972 0.599775
0.625 0.123543 0.600593
0.626 0.124116 0.601409
0.627 0.12469 0.602225
0.628 0.125266 0.603039
0.629 0.125843 0.603853
0.63 0.126422 0.604665
0.631 0.127003 0.605476
0.632 0.127585 0.606286
0.633 0.128169 0.607095
0.634 0.128755 0.607902
0.635 0.129342 0.608709
0.636 0.12993 0.609514
0.637 0.130521 0.610318
0.638 0.131113 0.611121
0.639 0.131706 0.611923
0.64 0.132301 0.612723
0.641 0.132898 0.613522
0.642 0.133496 0.614321
0.643 0.134096 0.615118
0.644 0.134697 0.615913
0.645 0.135301 0.616708
0.646 0.135905 0.617501
0.647 0.136511 0.618293
0.648 0.137119 0.619084
0.649 0.137729 0.619874
0.65 0.13834 0.620662
0.651 0.138953 0.621449
0.652 0.139567 0.622235
0.653 0.140183 0.62302
0.654 0.1408 0.623803
0.655 0.141419 0.624585
0.656 0.14204 0.625366
0.657 0.142662 0.626146
0.658 0.143286 0.626924
0.659 0.143912 0.627701
0.66 0.144539 0.628477
0.661 0.145167 0.629251
0.662 0.145798 0.630024
0.663 0.14643 0.630796
0.664 0.147063 0.631567
0.665 0.147698 0.632336
0.666 0.148335 0.633104
0.667 0.148973 0.63387
0.668 0.149613 0.634635
0.669 0.150254 0.635399
0.67 0.150897 0.636162
0.671 0.151542 0.636923
0.672 0.152188 0.637683
0.673 0.152836 0.638441
0.674 0.153486 0.639198
0.675 0.154137 0.639954
0.676 0.154789 0.640709
0.677 0.155443 0.641461
0.678 0.156099 0.642213
0.679 0.156757 0.642963
0.68 0.157416 0.643712
0.681 0.158076 0.644459
0.682 0.158738 0.645205
0.683 0.159402 0.64595
0.684 0.160067 0.646693
0.685 0.160734 0.647435
0.686 0.161403 0.648175
0.687 0.162073 0.648914
0.688 0.162745 0.649652
0.689 0.163418 0.650387
0.69 0.164093 0.651122
0.691 0.164769 0.651855
0.692 0.165447 0.652587
0.693 0.166127 0.653317
0.694 0.166808 0.654045
0.695 0.167491 0.654773
0.696 0.168175 0.655498
0.697 0.168861 0.656223
0.698 0.169549 0.656945
0.699 0.170238 0.657667
0.7 0.170928 0.658386
0.701 0.17162 0.659104
0.702 0.172314 0.659821
0.703 0.17301 0.660536
0.704 0.173707 0.66125
0.705 0.174405 0.661962
0.706 0.175105 0.662672
0.707 0.175807 0.663381
0.708 0.17651 0.664089
0.709 0.177215 0.664795
0.71 0.177921 0.665499
0.711 0.178629 0.666202
0.712 0.179338 0.666903
0.713 0.180049 0.667603
0.714 0.180762 0.668301
0.715 0.181476 0.668997
0.716 0.182192 0.669692
0.717 0.182909 0.670385
0.718 0.183628 0.671077
0.719 0.184348 0.671767
0.72 0.18507 0.672455
0.721 0.185793 0.673142
0.722 0.186518 0.673827
0.723 0.187245 0.67451
0.724 0.187973 0.675192
0.725 0.188703 0.675872
0.726 0.189434 0.676551
0.727 0.190166 0.677228
0.728 0.190901 0.677903
0.729 0.191636 0.678576
0.73 0.192374 0.679248
0.731 0.193112 0.679918
0.732 0.193853 0.680587
0.733 0.194595 0.681254
0.734 0.195338 0.681919
0.735 0.196083 0.682582
0.736 0.196829 0.683244
0.737 0.197577 0.683904
0.738 0.198327 0.684562
0.739 0.199078 0.685218
0.74 0.19983 0.685873
0.741 0.200584 0.686526
0.742 0.20134 0.687177
0.743 0.202097 0.687827
0.744 0.202855 0.688475
0.745 0.203615 0.689121
0.746 0.204377 0.689765
0.747 0.20514 0.690407
0.748 0.205905 0.691048
0.749 0.206671 0.691687
0.75 0.207438 0.692324
0.751 0.208207 0.692959
0.752 0.208978 0.693592
0.753 0.20975 0.694224
0.754 0.210523 0.694854
0.755 0.211298 0.695482
0.756 0.212075 0.696108
0.757 0.212853 0.696732
0.758 0.213632 0.697355
0.759 0.214413 0.697975
0.76 0.215195 0.698594
0.761 0.215979 0.699211
0.762 0.216764 0.699826
0.763 0.217551 0.700439
0.764 0.218339 0.70105
0.765 0.219129 0.70166
0.766 0.21992 0.702267
0.767 0.220713 0.702873
0.768 0.221507 0.703477
0.769 0.222302 0.704079
0.77 0.223099 0.704678
0.771 0.223897 0.705276
0.772 0.224697 0.705872
0.773 0.225498 0.706467
0.774 0.226301 0.707059
0.775 0.227105 0.707649
0.776 0.227911 0.708237
0.777 0.228718 0.708824
0.778 0.229526 0.709408
0.779 0.230336 0.70999
0.78 0.231147 0.710571
0.781 0.23196 0.711149
0.782 0.232774 0.711726
0.783 0.233589 0.7123
0.784 0.234406 0.712873
0.785 0.235224 0.713443
0.786 0.236044 0.714011
0.787 0.236865 0.714578
0.788 0.237687 0.715142
0.789 0.238511 0.715705
0.79 0.239336 0.716265
0.791 0.240163 0.716823
0.792 0.240991 0.71738
0.793 0.24182 0.717934
0.794 0.242651 0.718486
0.795 0.243483 0.719036
0.796 0.244316 0.719584
0.797 0.245151 0.72013
0.798 0.245987 0.720674
0.799 0.246825 0.721216
0.8 0.247663 0.721755
0.801 0.248504 0.722293
0.802 0.249345 0.722829
0.803 0.250188 0.723362
0.804 0.251032 0.723893
0.805 0.251878 0.724422
0.806 0.252725 0.724949
0.807 0.253573 0.725474
0.808 0.254422 0.725997
0.809 0.255273 0.726517
0.81 0.256125 0.727036
0.811 0.256979 0.727552
0.812 0.257834 0.728066
0.813 0.25869 0.728578
0.814 0.259547 0.729088
0.815 0.260406 0.729596
0.816 0.261266 0.730101
0.817 0.262127 0.730604
0.818 0.262989 0.731105
0.819 0.263853 0.731604
0.82 0.264718 0.7321
0.821 0.265585 0.732595
0.822 0.266452 0.733087
0.823 0.267321 0.733577
0.824 0.268191 0.734064
0.825 0.269063 0.73455
0.826 0.269935 0.735033
0.827 0.270809 0.735514
0.828 0.271684 0.735992
0.829 0.272561 0.736469
0.83 0.273438 0.736943
0.831 0.274317 0.737415
0.832 0.275197 0.737884
0.833 0.276078 0.738352
0.834 0.276961 0.738816
0.835 0.277844 0.739279
0.836 0.278729 0.739739
0.837 0.279615 0.740197
0.838 0.280503 0.740653
0.839 0.281391 0.741107
0.84 0.282281 0.741558
0.841 0.283172 0.742006
0.842 0.284064 0.742453
0.843 0.284957 0.742897
0.844 0.285851 0.743338
0.845 0.286747 0.743778
0.846 0.287643 0.744215
0.847 0.288541 0.744649
0.848 0.28944 0.745081
0.849 0.29034 0.745511
0.85 0.291241 0.745939
0.851 0.292144 0.746364
0.852 0.293047 0.746786
0.853 0.293952 0.747206
0.854 0.294858 0.747624
0.855 0.295764 0.748039
0.856 0.296672 0.748452
0.857 0.297581 0.748863
0.858 0.298492 0.749271
0.859 0.299403 0.749677
0.86 0.300315 0.75008
0.861 0.301229 0.750481
0.862 0.302143 0.750879
0.863 0.303059 0.751275
0.864 0.303975 0.751668
0.865 0.304893 0.752059
0.866 0.305812 0.752447
0.867 0.306731 0.752833
0.868 0.307652 0.753216
0.869 0.308574 0.753597
0.87 0.309497 0.753976
0.871 0.310421 0.754352
0.872 0.311346 0.754725
0.873 0.312272 0.755096
0.874 0.313199 0.755464
0.875 0.314127 0.75583
0.876 0.315056 0.756193
0.877 0.315986 0.756554
0.878 0.316917 0.756912
0.879 0.317849 0.757267
0.88 0.318781 0.75762
0.881 0.319715 0.757971
0.882 0.32065 0.758319
0.883 0.321586 0.758664
0.884 0.322523 0.759007
0.885 0.32346 0.759347
0.886 0.324399 0.759684
0.887 0.325338 0.760019
0.888 0.326279 0.760352
0.889 0.32722 0.760681
0.89 0.328162 0.761008
0.891 0.329106 0.761333
0.892 0.33005 0.761655
0.893 0.330995 0.761974
0.894 0.331941 0.76229
0.895 0.332887 0.762604
0.896 0.333835 0.762916
0.897 0.334783 0.763224
0.898 0.335733 0.76353
0.899 0.336683 0.763833
0.9 0.337634 0.764134
0.901 0.338586 0.764432
0.902 0.339539 0.764727
0.903 0.340492 0.76502
0.904 0.341447 0.76531
0.905 0.342402 0.765597
0.906 0.343358 0.765881
0.907 0.344315 0.766163
0.908 0.345272 0.766442
0.909 0.346231 0.766718
0.91 0.34719 0.766992
0.911 0.34815 0.767263
0.912 0.349111 0.767531
0.913 0.350072 0.767796
0.914 0.351034 0.768059
0.915 0.351997 0.768319
0.916 0.352961 0.768576
0.917 0.353925 0.76883
0.918 0.354891 0.769082
0.919 0.355857 0.769331
0.92 0.356823 0.769577
0.921 0.35779 0.76982
0.922 0.358758 0.770061
0.923 0.359727 0.770298
0.924 0.360696 0.770533
0.925 0.361667 0.770765
0.926 0.362637 0.770995
0.927 0.363609 0.771221
0.928 0.364581 0.771445
0.929 0.365553 0.771666
0.93 0.366527 0.771884
0.931 0.367501 0.772099
0.932 0.368475 0.772311
0.933 0.36945 0.772521
0.934 0.370426 0.772728
0.935 0.371402 0.772931
0.936 0.372379 0.773132
0.937 0.373357 0.773331
0.938 0.374335 0.773526
0.939 0.375314 0.773718
0.94 0.376293 0.773908
0.941 0.377273 0.774094
0.942 0.378253 0.774278
0.943 0.379234 0.774459
0.944 0.380216 0.774637
0.945 0.381197 0.774812
0.946 0.38218 0.774984
0.947 0.383163 0.775153
0.948 0.384146 0.77532
0.949 0.38513 0.775483
0.95 0.386115 0.775644
0.951 0.3871 0.775801
0.952 0.388085 0.775956
0.953 0.389071 0.776108
0.954 0.390057 0.776257
0.955 0.391044 0.776402
0.956 0.392031 0.776545
0.957 0.393018 0.776685
0.958 0.394006 0.776822
0.959 0.394995 0.776956
0.96 0.395983 0.777087
0.961 0.396973 0.777216
0.962 0.397962 0.777341
0.963 0.398952 0.777463
0.964 0.399942 0.777582
0.965 0.400933 0.777698
0.966 0.401924 0.777811
0.967 0.402915 0.777922
0.968 0.403907 0.778029
0.969 0.404899 0.778133
0.97 0.405891 0.778234
0.971 0.406884 0.778332
0.972 0.407877 0.778428
0.973 0.40887 0.77852
0.974 0.409863 0.778609
0.975 0.410857 0.778695
0.976 0.411851 0.778778
0.977 0.412845 0.778858
0.978 0.413839 0.778935
0.979 0.414834 0.779009
0.98 0.415829 0.77908
0.981 0.416824 0.779148
0.982 0.417819 0.779213
0.983 0.418815 0.779275
0.984 0.419811 0.779333
0.985 0.420806 0.779389
0.986 0.421802 0.779442
0.987 0.422799 0.779491
0.988 0.423795 0.779538
0.989 0.424791 0.779581
0.99 0.425788 0.779621
0.991 0.426785 0.779659
0.992 0.427782 0.779693
0.993 0.428778 0.779724
0.994 0.429775 0.779752
0.995 0.430773 0.779776
0.996 0.43177 0.779798
0.997 0.432767 0.779817
0.998 0.433764 0.779832
0.999 0.434762 0.779845
1 0.435759 0.779854
1.001 0.436756 0.77986
1.002 0.437754 0.779863
1.003 0.438751 0.779863
1.004 0.439749 0.77986
1.005 0.440746 0.779854
1.006 0.441743 0.779844
1.007 0.442741 0.779832
1.008 0.443738 0.779816
1.009 0.444735 0.779797
1.01 0.445732 0.779775
1.011 0.446729 0.77975
1.012 0.447726 0.779722
1.013 0.448723 0.77969
1.014 0.44972 0.779655
1.015 0.450717 0.779618
1.016 0.451713 0.779577
1.017 0.45271 0.779533
1.018 0.453706 0.779485
1.019 0.454702 0.779435
1.02 0.455698 0.779381
1.021 0.456694 0.779324
1.022 0.457689 0.779264
1.023 0.458685 0.779201
1.024 0.45968 0.779135
1.025 0.460675 0.779065
1.026 0.46167 0.778993
1.027 0.462664 0.778917
1.028 0.463658 0.778838
1.029 0.464652 0.778755
1.03 0.465646 0.77867
1.031 0.46664 0.778581
1.032 0.467633 0.778489
1.033 0.468626 0.778394
1.034 0.469618 0.778296
1.035 0.47061 0.778194
1.036 0.471602 0.77809
1.037 0.472594 0.777982
1.038 0.473585 0.777871
1.039 0.474576 0.777756
1.04 0.475566 0.777639
1.041 0.476556 0.777518
1.042 0.477546 0.777394
1.043 0.478535 0.777267
1.044 0.479524 0.777136
1.045 0.480512 0.777002
1.046 0.4815 0.776865
1.047 0.482488 0.776725
1.048 0.483475 0.776582
1.049 0.484461 0.776435
1.05 0.485447 0.776285
1.051 0.486433 0.776132
1.052 0.487418 0.775976
1.053 0.488403 0.775816
1.054 0.489387 0.775654
1.055 0.49037 0.775488
1.056 0.491353 0.775318
1.057 0.492335 0.775146
1.058 0.493317 0.77497
1.059 0.494298 0.774791
1.06 0.495279 0.774609
1.061 0.496259 0.774423
1.062 0.497238 0.774234
1.063 0.498217 0.774042
1.064 0.499195 0.773847
1.065 0.500172 0.773649
1.066 0.501149 0.773447
1.067 0.502125 0.773242
1.068 0.503101 0.773034
1.069 0.504075 0.772822
1.07 0.505049 0.772607
1.071 0.506023 0.772389
1.072 0.506995 0.772168
1.073 0.507967 0.771943
1.074 0.508938 0.771716
1.075 0.509908 0.771484
1.076 0.510877 0.77125
1.077 0.511846 0.771013
1.078 0.512814 0.770772
1.079 0.513781 0.770528
1.08 0.514747 0.77028
1.081 0.515713 0.77003
1.082 0.516677 0.769776
1.083 0.517641 0.769518
1.084 0.518604 0.769258
1.085 0.519565 0.768994
1.086 0.520526 0.768727
1.087 0.521486 0.768457
1.088 0.522446 0.768184
1.089 0.523404 0.767907
1.09 0.524361 0.767627
1.091 0.525317 0.767344
1.092 0.526273 0.767057
1.093 0.527227 0.766768
1.094 0.52818 0.766475
1.095 0.529133 0.766178
1.096 0.530084 0.765879
1.097 0.531034 0.765576
1.098 0.531984 0.76527
1.099 0.532932 0.764961
1.1 0.533879 0.764648
1.101 0.534825 0.764332
1.102 0.53577 0.764013
1.103 0.536714 0.763691
1.104 0.537656 0.763365
1.105 0.538598 0.763036
1.106 0.539538 0.762704
1.107 0.540478 0.762369
1.108 0.541416 0.76203
1.109 0.542353 0.761689
1.11 0.543289 0.761343
1.111 0.544223 0.760995
1.112 0.545157 0.760644
1.113 0.546089 0.760289
1.114 0.54702 0.759931
1.115 0.547949 0.759569
1.116 0.548877 0.759205
1.117 0.549805 0.758837
1.118 0.55073 0.758466
1.119 0.551655 0.758092
1.12 0.552578 0.757715
1.121 0.5535 0.757334
1.122 0.55442 0.75695
1.123 0.555339 0.756563
1.124 0.556257 0.756172
1.125 0.557174 0.755779
1.126 0.558089 0.755382
1.127 0.559002 0.754982
1.128 0.559914 0.754579
1.129 0.560825 0.754172
1.13 0.561735 0.753763
1.131 0.562642 0.75335
1.132 0.563549 0.752934
1.133 0.564454 0.752514
1.134 0.565357 0.752092
1.135 0.566259 0.751666
1.136 0.56716 0.751237
1.137 0.568058 0.750805
1.138 0.568956 0.75037
1.139 0.569852 0.749932
1.14 0.570746 0.74949
1.141 0.571638 0.749045
1.142 0.572529 0.748597
1.143 0.573419 0.748146
1.144 0.574307 0.747692
1.145 0.575193 0.747234
1.146 0.576078 0.746773
1.147 0.57696 0.746309
1.148 0.577842 0.745842
1.149 0.578721 0.745372
1.15 0.579599 0.744899
1.151 0.580475 0.744422
1.152 0.58135 0.743943
1.153 0.582222 0.74346
1.154 0.583093 0.742974
1.155 0.583962 0.742485
1.156 0.58483 0.741993
1.157 0.585695 0.741497
1.158 0.586559 0.740999
1.159 0.587421 0.740497
1.16 0.588281 0.739993
1.161 0.58914 0.739485
1.162 0.589996 0.738974
1.163 0.590851 0.73846
1.164 0.591704 0.737943
1.165 0.592555 0.737422
1.166 0.593404 0.736899
1.167 0.594251 0.736373
1.168 0.595096 0.735843
1.169 0.595939 0.73531
1.17 0.59678 0.734775
1.171 0.59762 0.734236
1.172 0.598457 0.733694
1.173 0.599292 0.733149
1.174 0.600125 0.732601
1.175 0.600957 0.73205
1.176 0.601786 0.731496
1.177 0.602613 0.730939
1.178 0.603438 0.730379
1.179 0.604261 0.729816
1.18 0.605082 0.72925
1.181 0.605901 0.72868
1.182 0.606718 0.728108
1.183 0.607533 0.727533
1.184 0.608345 0.726955
1.185 0.609156 0.726373
1.186 0.609964 0.725789
1.187 0.61077 0.725202
1.188 0.611574 0.724612
1.189 0.612376 0.724018
1.19 0.613175 0.723422
1.191 0.613973 0.722823
1.192 0.614768 0.722221
1.193 0.61556 0.721616
1.194 0.616351 0.721008
1.195 0.617139 0.720397
1.196 0.617925 0.719783
1.197 0.618709 0.719166
1.198 0.61949 0.718546
1.199 0.620269 0.717924
1.2 0.621046 0.717298
1.201 0.62182 0.716669
1.202 0.622592 0.716038
1.203 0.623361 0.715404
1.204 0.624129 0.714766
1.205 0.624893 0.714126
1.206 0.625656 0.713483
1.207 0.626416 0.712837
1.208 0.627173 0.712189
1.209 0.627928 0.711537
1.21 0.628681 0.710883
1.211 0.629431 0.710226
1.212 0.630178 0.709565
1.213 0.630924 0.708903
1.214 0.631666 0.708237
1.215 0.632406 0.707568
1.216 0.633144 0.706897
1.217 0.633878 0.706223
1.218 0.634611 0.705546
1.219 0.635341 0.704866
1.22 0.636068 0.704184
1.221 0.636792 0.703498
1.222 0.637514 0.70281
1.223 0.638234 0.702119
1.224 0.63895 0.701426
1.225 0.639664 0.70073
1.226 0.640376 0.700031
1.227 0.641084 0.699329
1.228 0.64179 0.698625
1.229 0.642493 0.697917
1.23 0.643194 0.697208
1.231 0.643892 0.696495
1.232 0.644587 0.69578
1.233 0.645279 0.695062
1.234 0.645968 0.694341
1.235 0.646655 0.693618
1.236 0.647339 0.692892
1.237 0.64802 0.692164
1.238 0.648699 0.691433
1.239 0.649374 0.690699
1.24 0.650047 0.689963
1.241 0.650716 0.689224
1.242 0.651383 0.688482
1.243 0.652047 0.687738
1.244 0.652708 0.686992
1.245 0.653366 0.686242
1.246 0.654022 0.685491
1.247 0.654674 0.684736
1.248 0.655323 0.683979
1.249 0.65597 0.68322
1.25 0.656613 0.682458
1.251 0.657254 0.681694
1.252 0.657891 0.680927
1.253 0.658526 0.680157
1.254 0.659157 0.679385
1.255 0.659786 0.678611
1.256 0.660411 0.677834
1.257 0.661033 0.677055
1.258 0.661652 0.676273
1.259 0.662269 0.675489
1.26 0.662882 0.674703
1.261 0.663492 0.673914
1.262 0.664099 0.673122
1.263 0.664702 0.672329
1.264 0.665303 0.671532
1.265 0.6659 0.670734
1.266 0.666495 0.669933
1.267 0.667086 0.66913
1.268 0.667674 0.668324
1.269 0.668258 0.667517
1.27 0.66884 0.666706
1.271 0.669418 0.665894
1.272 0.669993 0.665079
1.273 0.670565 0.664262
1.274 0.671134 0.663443
1.275 0.671699 0.662621
1.276 0.672261 0.661797
1.277 0.67282 0.660971
1.278 0.673375 0.660143
1.279 0.673927 0.659313
1.28 0.674476 0.65848
1.281 0.675021 0.657645
1.282 0.675563 0.656808
1.283 0.676102 0.655969
1.284 0.676637 0.655128
1.285 0.677169 0.654284
1.286 0.677698 0.653438
1.287 0.678223 0.652591
1.288 0.678745 0.651741
1.289 0.679263 0.650889
1.29 0.679778 0.650035
1.291 0.68029 0.649179
1.292 0.680798 0.648321
1.293 0.681302 0.64746
1.294 0.681803 0.646598
1.295 0.682301 0.645734
1.296 0.682795 0.644868
1.297 0.683285 0.643999
1.298 0.683772 0.643129
1.299 0.684256 0.642257
1.3 0.684736 0.641383
1.301 0.685212 0.640507
1.302 0.685685 0.639629
1.303 0.686154 0.638749
1.304 0.68662 0.637867
1.305 0.687082 0.636983
1.306 0.68754 0.636098
1.307 0.687995 0.63521
1.308 0.688446 0.634321
1.309 0.688894 0.63343
1.31 0.689338 0.632537
1.311 0.689778 0.631642
1.312 0.690214 0.630745
1.313 0.690647 0.629847
1.314 0.691077 0.628947
1.315 0.691502 0.628045
1.316 0.691924 0.627141
1.317 0.692342 0.626236
1.318 0.692756 0.625329
1.319 0.693167 0.62442
1.32 0.693574 0.62351
1.321 0.693977 0.622598
1.322 0.694376 0.621684
1.323 0.694771 0.620768
1.324 0.695163 0.619851
1.325 0.695551 0.618933
1.326 0.695935 0.618012
1.327 0.696315 0.617091
1.328 0.696692 0.616167
1.329 0.697065 0.615242
1.33 0.697433 0.614316
1.331 0.697798 0.613388
1.332 0.698159 0.612458
1.333 0.698517 0.611527
1.334 0.69887 0.610595
1.335 0.699219 0.609661
1.336 0.699565 0.608725
1.337 0.699906 0.607788
1.338 0.700244 0.60685
1.339 0.700578 0.60591
1.34 0.700908 0.604969
1.341 0.701234 0.604027
1.342 0.701555 0.603083
1.343 0.701873 0.602138
1.344 0.702187 0.601191
1.345 0.702497 0.600244
1.346 0.702803 0.599295
1.347 0.703105 0.598344
1.348 0.703403 0.597393
1.349 0.703697 0.59644
1.35 0.703987 0.595486
1.351 0.704273 0.59453
1.352 0.704555 0.593574
1.353 0.704833 0.592616
1.354 0.705107 0.591657
1.355 0.705377 0.590697
1.356 0.705643 0.589736
1.357 0.705904 0.588774
1.358 0.706162 0.587811
1.359 0.706415 0.586846
1.36 0.706664 0.585881
1.361 0.70691 0.584914
1.362 0.707151 0.583947
1.363 0.707388 0.582978
1.364 0.707621 0.582008
1.365 0.707849 0.581038
1.366 0.708074 0.580066
1.367 0.708294 0.579094
1.368 0.708511 0.57812
1.369 0.708723 0.577146
1.37 0.708931 0.576171
1.371 0.709134 0.575195
1.372 0.709334 0.574218
1.373 0.709529 0.57324
1.374 0.709721 0.572261
1.375 0.709908 0.571282
1.376 0.71009 0.570301
1.377 0.710269 0.56932
1.378 0.710443 0.568338
1.379 0.710613 0.567356
1.38 0.710779 0.566373
1.381 0.710941 0.565389
1.382 0.711098 0.564404
1.383 0.711251 0.563419
1.384 0.7114 0.562433
1.385 0.711545 0.561446
1.386 0.711685 0.560459
1.387 0.711821 0.559471
1.388 0.711953 0.558483
1.389 0.71208 0.557494
1.39 0.712203 0.556504
1.391 0.712322 0.555514
1.392 0.712437 0.554524
1.393 0.712547 0.553533
1.394 0.712653 0.552541
1.395 0.712755 0.551549
1.396 0.712852 0.550557
1.397 0.712945 0.549564
1.398 0.713033 0.548571
1.399 0.713118 0.547577
1.4 0.713197 0.546583
1.401 0.713273 0.545589
1.402 0.713344 0.544594
1.403 0.713411 0.543599
1.404 0.713474 0.542604
1.405 0.713532 0.541609
1.406 0.713585 0.540613
1.407 0.713635 0.539617
1.408 0.71368 0.538621
1.409 0.71372 0.537625
1.41 0.713757 0.536628
1.411 0.713788 0.535632
1.412 0.713816 0.534635
1.413 0.713839 0.533638
1.414 0.713858 0.532641
1.415 0.713872 0.531644
1.416 0.713882 0.530647
1.417 0.713887 0.52965
1.418 0.713888 0.528653
1.419 0.713884 0.527656
1.42 0.713877 0.526659
1.421 0.713864 0.525662
1.422 0.713848 0.524665
1.423 0.713826 0.523668
1.424 0.713801 0.522671
1.425 0.713771 0.521674
1.426 0.713736 0.520678
1.427 0.713697 0.519681
1.428 0.713654 0.518685
1.429 0.713606 0.517689
1.43 0.713554 0.516694
1.431 0.713497 0.515698
1.432 0.713436 0.514703
1.433 0.713371 0.513708
1.434 0.713301 0.512713
1.435 0.713226 0.511719
1.436 0.713147 0.510725
1.437 0.713064 0.509731
1.438 0.712976 0.508738
1.439 0.712883 0.507745
1.44 0.712786 0.506753
1.441 0.712685 0.505761
1.442 0.712579 0.50477
1.443 0.712469 0.503779
1.444 0.712354 0.502788
1.445 0.712235 0.501798
1.446 0.712112 0.500809
1.447 0.711984 0.49982
1.448 0.711851 0.498832
1.449 0.711714 0.497844
1.45 0.711572 0.496857
1.451 0.711426 0.495871
1.452 0.711276 0.494885
1.453 0.711121 0.4939
1.454 0.710962 0.492916
1.455 0.710798 0.491933
1.456 0.710629 0.49095
1.457 0.710456 0.489968
1.458 0.710279 0.488987
1.459 0.710097 0.488006
1.46 0.709911 0.487027
1.461 0.70972 0.486048
1.462 0.709525 0.48507
1.463 0.709326 0.484093
1.464 0.709122 0.483117
1.465 0.708913 0.482142
1.466 0.7087 0.481168
1.467 0.708482 0.480195
1.468 0.70826 0.479223
1.469 0.708034 0.478252
1.47 0.707803 0.477282
1.471 0.707568 0.476313
1.472 0.707328 0.475346
1.473 0.707084 0.474379
1.474 0.706835 0.473413
1.475 0.706582 0.472449
1.476 0.706325 0.471486
1.477 0.706063 0.470524
1.478 0.705796 0.469563
1.479 0.705525 0.468603
1.48 0.70525 0.467645
1.481 0.70497 0.466688
1.482 0.704686 0.465733
1.483 0.704397 0.464778
1.484 0.704104 0.463825
1.485 0.703807 0.462874
1.486 0.703505 0.461923
1.487 0.703199 0.460974
1.488 0.702888 0.460027
1.489 0.702573 0.459081
1.49 0.702254 0.458137
1.491 0.70193 0.457194
1.492 0.701602 0.456252
1.493 0.701269 0.455312
1.494 0.700932 0.454374
1.495 0.70059 0.453437
1.496 0.700245 0.452502
1.497 0.699895 0.451569
1.498 0.69954 0.450637
1.499 0.699181 0.449706
1.5 0.698818 0.448778
1.501 0.69845 0.447851
1.502 0.698078 0.446926
1.503 0.697702 0.446003
1.504 0.697322 0.445081
1.505 0.696937 0.444162
1.506 0.696547 0.443244
1.507 0.696154 0.442328
1.508 0.695756 0.441413
1.509 0.695354 0.440501
1.51 0.694947 0.439591
1.511 0.694537 0.438682
1.512 0.694122 0.437776
1.513 0.693702 0.436871
1.514 0.693279 0.435969
1.515 0.692851 0.435068
1.516 0.692419 0.43417
1.517 0.691982 0.433273
1.518 0.691542 0.432379
1.519 0.691097 0.431487
1.52 0.690648 0.430597
1.521 0.690194 0.429709
1.522 0.689737 0.428823
1.523 0.689275 0.427939
1.524 0.688809 0.427058
1.525 0.688339 0.426179
1.526 0.687865 0.425302
1.527 0.687386 0.424427
1.528 0.686904 0.423555
1.529 0.686417 0.422685
1.53 0.685926 0.421817
1.531 0.685431 0.420952
1.532 0.684931 0.420089
1.533 0.684428 0.419228
1.534 0.68392 0.41837
1.535 0.683409 0.417514
1.536 0.682893 0.416661
1.537 0.682373 0.41581
1.538 0.681849 0.414962
1.539 0.681322 0.414116
1.54 0.68079 0.413273
1.541 0.680253 0.412433
1.542 0.679713 0.411595
1.543 0.679169 0.410759
1.544 0.678621 0.409926
1.545 0.678069 0.409096
1.546 0.677513 0.408269
1.547 0.676953 0.407444
1.548 0.676388 0.406622
1.549 0.67582 0.405803
1.55 0.675248 0.404987
1.551 0.674672 0.404173
1.552 0.674092 0.403362
1.553 0.673508 0.402554
1.554 0.67292 0.401749
1.555 0.672329 0.400946
1.556 0.671733 0.400147
1.557 0.671134 0.39935
1.558 0.67053 0.398557
1.559 0.669923 0.397766
1.56 0.669312 0.396978
1.561 0.668697 0.396194
1.562 0.668078 0.395412
1.563 0.667456 0.394633
1.564 0.66683 0.393857
1.565 0.6662 0.393085
1.566 0.665566 0.392315
1.567 0.664928 0.391549
1.568 0.664287 0.390786
1.569 0.663642 0.390026
1.57 0.662993 0.389269
1.571 0.66234 0.388515
1.572 0.661684 0.387765
1.573 0.661024 0.387017
1.574 0.660361 0.386273
1.575 0.659693 0.385533
1.576 0.659022 0.384795
1.577 0.658348 0.384061
1.578 0.65767 0.38333
1.579 0.656988 0.382603
1.58 0.656303 0.381879
1.581 0.655614 0.381158
1.582 0.654922 0.380441
1.583 0.654226 0.379727
1.584 0.653526 0.379017
1.585 0.652823 0.37831
1.586 0.652117 0.377607
1.587 0.651407 0.376907
1.588 0.650694 0.376211
1.589 0.649977 0.375518
1.59 0.649257 0.374829
1.591 0.648533 0.374143
1.592 0.647806 0.373461
1.593 0.647075 0.372782
1.594 0.646341 0.372108
1.595 0.645604 0.371437
1.596 0.644864 0.370769
1.597 0.64412 0.370106
1.598 0.643373 0.369446
1.599 0.642622 0.368789
1.6 0.641869 0.368137
1.601 0.641112 0.367488
1.602 0.640351 0.366843
1.603 0.639588 0.366202
1.604 0.638821 0.365565
1.605 0.638052 0.364932
1.606 0.637279 0.364302
1.607 0.636503 0.363677
1.608 0.635723 0.363055
1.609 0.634941 0.362437
1.61 0.634156 0.361823
1.611 0.633367 0.361213
1.612 0.632575 0.360607
1.613 0.631781 0.360005
1.614 0.630983 0.359408
1.615 0.630183 0.358814
1.616 0.629379 0.358224
1.617 0.628572 0.357638
1.618 0.627763 0.357057
1.619 0.62695 0.356479
1.62 0.626135 0.355906
1.621 0.625317 0.355336
1.622 0.624495 0.354771
1.623 0.623671 0.35421
1.624 0.622844 0.353653
1.625 0.622015 0.353101
1.626 0.621182 0.352552
1.627 0.620347 0.352008
1.628 0.619509 0.351469
1.629 0.618668 0.350933
1.63 0.617825 0.350402
1.631 0.616979 0.349875
1.632 0.61613 0.349352
1.633 0.615278 0.348834
1.634 0.614424 0.34832
1.635 0.613568 0.34781
1.636 0.612708 0.347305
1.637 0.611846 0.346804
1.638 0.610982 0.346308
1.639 0.610115 0.345816
1.64 0.609246 0.345328
1.641 0.608374 0.344845
1.642 0.607499 0.344367
1.643 0.606622 0.343892
1.644 0.605743 0.343423
1.645 0.604861 0.342958
1.646 0.603977 0.342497
1.647 0.603091 0.342041
1.648 0.602202 0.34159
1.649 0.601311 0.341143
1.65 0.600418 0.340701
1.651 0.599522 0.340264
1.652 0.598624 0.339831
1.653 0.597724 0.339402
1.654 0.596822 0.338979
1.655 0.595917 0.33856
1.656 0.595011 0.338145
1.657 0.594102 0.337736
1.658 0.593191 0.337331
1.659 0.592278 0.336931
1.66 0.591363 0.336535
1.661 0.590446 0.336145
1.662 0.589527 0.335759
1.663 0.588606 0.335378
1.664 0.587683 0.335001
1.665 0.586758 0.33463
1.666 0.585831 0.334263
1.667 0.584903 0.333901
1.668 0.583972 0.333544
1.669 0.583039 0.333192
1.67 0.582105 0.332845
1.671 0.581169 0.332503
1.672 0.580231 0.332165
1.673 0.579291 0.331833
1.674 0.57835 0.331505
1.675 0.577407 0.331182
1.676 0.576462 0.330864
1.677 0.575516 0.330551
1.678 0.574568 0.330244
1.679 0.573618 0.329941
1.68 0.572667 0.329643
1.681 0.571714 0.32935
1.682 0.57076 0.329062
1.683 0.569804 0.328779
1.684 0.568847 0.328501
1.685 0.567888 0.328228
1.686 0.566928 0.327961
1.687 0.565967 0.327698
1.688 0.565004 0.32744
1.689 0.56404 0.327188
1.69 0.563074 0.32694
1.691 0.562107 0.326698
1.692 0.561139 0.326461
1.693 0.56017 0.326229
1.694 0.559199 0.326002
1.695 0.558228 0.32578
1.696 0.557255 0.325563
1.697 0.556281 0.325352
1.698 0.555306 0.325146
1.699 0.55433 0.324945
1.7 0.553352 0.324749
1.701 0.552374 0.324558
1.702 0.551395 0.324372
1.703 0.550414 0.324192
1.704 0.549433 0.324017
1.705 0.548451 0.323847
1.706 0.547468 0.323682
1.707 0.546484 0.323523
1.708 0.5455 0.323369
1.709 0.544514 0.32322
1.71 0.543528 0.323076
1.711 0.542541 0.322938
1.712 0.541553 0.322805
1.713 0.540564 0.322677
1.714 0.539575 0.322554
1.715 0.538586 0.322437
1.716 0.537595 0.322325
1.717 0.536604 0.322219
1.718 0.535613 0.322118
1.719 0.534621 0.322022
1.72 0.533628 0.321931
1.721 0.532635 0.321846
1.722 0.531642 0.321766
1.723 0.530648 0.321691
1.724 0.529654 0.321622
1.725 0.528659 0.321558
1.726 0.527664 0.3215
1.727 0.526669 0.321447
1.728 0.525673 0.321399
1.729 0.524677 0.321357
1.73 0.523681 0.32132
1.731 0.522685 0.321288
1.732 0.521689 0.321262
1.733 0.520693 0.321241
1.734 0.519696 0.321226
1.735 0.518699 0.321216
1.736 0.517703 0.321211
1.737 0.516706 0.321212
1.738 0.51571 0.321218
1.739 0.514713 0.32123
1.74 0.513717 0.321247
1.741 0.51272 0.321269
1.742 0.511724 0.321297
1.743 0.510728 0.321331
1.744 0.509732 0.321369
1.745 0.508736 0.321413
1.746 0.507741 0.321463
1.747 0.506746 0.321518
1.748 0.505751 0.321579
1.749 0.504757 0.321644
1.75 0.503763 0.321716
1.751 0.502769 0.321793
1.752 0.501776 0.321875
1.753 0.500783 0.321962
1.754 0.499791 0.322056
1.755 0.498799 0.322154
1.756 0.497808 0.322258
1.757 0.496817 0.322367
1.758 0.495827 0.322482
1.759 0.494838 0.322603
1.76 0.493849 0.322728
1.761 0.492861 0.32286
1.762 0.491874 0.322996
1.763 0.490888 0.323138
1.764 0.489902 0.323286
1.765 0.488917 0.323439
1.766 0.487934 0.323597
1.767 0.486951 0.323761
1.768 0.485968 0.32393
1.769 0.484987 0.324104
1.77 0.484007 0.324284
1.771 0.483028 0.32447
1.772 0.48205 0.324661
1.773 0.481073 0.324857
1.774 0.480097 0.325059
1.775 0.479122 0.325266
1.776 0.478148 0.325478
1.777 0.477176 0.325696
1.778 0.476205 0.32592
1.779 0.475235 0.326148
1.78 0.474266 0.326382
1.781 0.473299 0.326622
1.782 0.472333 0.326867
1.783 0.471368 0.327117
1.784 0.470405 0.327373
1.785 0.469443 0.327634
1.786 0.468483 0.3279
1.787 0.467524 0.328172
1.788 0.466567 0.328449
1.789 0.465611 0.328731
1.79 0.464657 0.329019
1.791 0.463705 0.329312
1.792 0.462754 0.32961
1.793 0.461805 0.329914
1.794 0.460857 0.330223
1.795 0.459912 0.330537
1.796 0.458968 0.330857
1.797 0.458026 0.331182
1.798 0.457086 0.331512
1.799 0.456147 0.331848
1.8 0.455211 0.332188
1.801 0.454276 0.332534
1.802 0.453344 0.332886
1.803 0.452413 0.333242
1.804 0.451485 0.333604
1.805 0.450558 0.333971
1.806 0.449634 0.334343
1.807 0.448712 0.334721
1.808 0.447792 0.335103
1.809 0.446874 0.335491
1.81 0.445958 0.335884
1.811 0.445045 0.336282
1.812 0.444133 0.336686
1.813 0.443224 0.337094
1.814 0.442318 0.337508
1.815 0.441414 0.337927
1.816 0.440512 0.33835
1.817 0.439612 0.338779
1.818 0.438716 0.339214
1.819 0.437821 0.339653
1.82 0.436929 0.340097
1.821 0.43604 0.340546
1.822 0.435153 0.341001
1.823 0.434269 0.34146
1.824 0.433387 0.341925
1.825 0.432508 0.342394
1.826 0.431632 0.342869
1.827 0.430758 0.343348
1.828 0.429888 0.343833
1.829 0.42902 0.344322
1.83 0.428155 0.344817
1.831 0.427292 0.345316
1.832 0.426433 0.34582
1.833 0.425576 0.346329
1.834 0.424723 0.346843
1.835 0.423872 0.347362
1.836 0.423025 0.347886
1.837 0.42218 0.348415
1.838 0.421338 0.348948
1.839 0.4205 0.349487
1.84 0.419665 0.35003
1.841 0.418832 0.350578
1.842 0.418003 0.35113
1.843 0.417177 0.351688
1.844 0.416355 0.35225
1.845 0.415535 0.352817
1.846 0.414719 0.353389
1.847 0.413907 0.353965
1.848 0.413097 0.354546
1.849 0.412291 0.355132
1.85 0.411488 0.355722
1.851 0.410689 0.356317
1.852 0.409893 0.356917
1.853 0.409101 0.357521
1.854 0.408312 0.35813
1.855 0.407527 0.358743
1.856 0.406745 0.359361
1.857 0.405967 0.359984
1.858 0.405193 0.360611
1.859 0.404422 0.361242
1.86 0.403655 0.361878
1.861 0.402892 0.362518
1.862 0.402132 0.363163
1.863 0.401376 0.363812
1.864 0.400624 0.364466
1.865 0.399876 0.365123
1.866 0.399132 0.365786
1.867 0.398391 0.366452
1.868 0.397654 0.367123
1.869 0.396922 0.367798
1.87 0.396193 0.368478
1.871 0.395468 0.369162
1.872 0.394748 0.369849
1.873 0.394031 0.370542
1.874 0.393318 0.371238
1.875 0.39261 0.371938
1.876 0.391905 0.372643
1.877 0.391205 0.373352
1.878 0.390509 0.374065
1.879 0.389817 0.374781
1.88 0.389129 0.375502
1.881 0.388446 0.376227
1.882 0.387767 0.376956
1.883 0.387092 0.377689
1.884 0.386422 0.378426
1.885 0.385755 0.379167
1.886 0.385094 0.379912
1.887 0.384436 0.380661
1.888 0.383783 0.381413
1.889 0.383135 0.382169
1.89 0.382491 0.38293
1.891 0.381851 0.383693
1.892 0.381216 0.384461
1.893 0.380586 0.385233
1.894 0.37996 0.386008
1.895 0.379339 0.386787
1.896 0.378722 0.387569
1.897 0.37811 0.388355
1.898 0.377503 0.389145
1.899 0.3769 0.389939
1.9 0.376302 0.390735
1.901 0.375709 0.391536
1.902 0.375121 0.39234
1.903 0.374537 0.393147
1.904 0.373959 0.393958
1.905 0.373385 0.394773
1.906 0.372816 0.39559
1.907 0.372251 0.396411
1.908 0.371692 0.397236
1.909 0.371138 0.398064
1.91 0.370588 0.398895
1.911 0.370044 0.399729
1.912 0.369505 0.400567
1.913 0.36897 0.401407
1.914 0.368441 0.402251
1.915 0.367917 0.403098
1.916 0.367397 0.403949
1.917 0.366883 0.404802
1.918 0.366374 0.405658
1.919 0.36587 0.406518
1.92 0.365372 0.40738
1.921 0.364878 0.408246
1.922 0.36439 0.409114
1.923 0.363907 0.409985
1.924 0.363429 0.410859
1.925 0.362957 0.411736
1.926 0.362489 0.412616
1.927 0.362027 0.413499
1.928 0.361571 0.414384
1.929 0.361119 0.415272
1.93 0.360674 0.416163
1.931 0.360233 0.417057
1.932 0.359798 0.417953
1.933 0.359368 0.418851
1.934 0.358944 0.419753
1.935 0.358525 0.420657
1.936 0.358112 0.421563
1.937 0.357704 0.422472
1.938 0.357302 0.423383
1.939 0.356905 0.424297
1.94 0.356514 0.425213
1.941 0.356128 0.426131
1.942 0.355748 0.427052
1.943 0.355373 0.427975
1.944 0.355004 0.428901
1.945 0.354641 0.429828
1.946 0.354283 0.430758
1.947 0.353931 0.43169
1.948 0.353585 0.432624
1.949 0.353245 0.43356
1.95 0.35291 0.434498
1.951 0.352581 0.435438
1.952 0.352257 0.43638
1.953 0.35194 0.437324
1.954 0.351628 0.438271
1.955 0.351322 0.439218
1.956 0.351021 0.440168
1.957 0.350727 0.44112
1.958 0.350438 0.442073
1.959 0.350155 0.443028
1.96 0.349878 0.443985
1.961 0.349607 0.444944
1.962 0.349342 0.445904
1.963 0.349083 0.446866
1.964 0.348829 0.447829
1.965 0.348582 0.448794
1.966 0.34834 0.44976
1.967 0.348105 0.450728
1.968 0.347875 0.451697
1.969 0.347651 0.452668
1.97 0.347434 0.45364
1.971 0.347222 0.454613
1.972 0.347016 0.455588
1.973 0.346817 0.456563
1.974 0.346623 0.457541
1.975 0.346435 0.458519
1.976 0.346254 0.459498
1.977 0.346078 0.460479
1.978 0.345909 0.46146
1.979 0.345745 0.462443
1.98 0.345588 0.463426
1.981 0.345437 0.464411
1.982 0.345291 0.465396
1.983 0.345152 0.466382
1.984 0.34502 0.46737
1.985 0.344893 0.468357
1.986 0.344772 0.469346
1.987 0.344658 0.470336
1.988 0.344549 0.471326
1.989 0.344447 0.472316
1.99 0.344351 0.473308
1.991 0.344261 0.4743
1.992 0.344177 0.475292
1.993 0.3441 0.476285
1.994 0.344028 0.477279
1.995 0.343963 0.478273
1.996 0.343904 0.479267
1.997 0.343852 0.480261
1.998 0.343805 0.481256
1.999 0.343765 0.482251
2 0.343731 0.483247
2.001 0.343703 0.484242
2.002 0.343681 0.485238
2.003 0.343666 0.486234
2.004 0.343657 0.48723
2.005 0.343654 0.488226
2.006 0.343657 0.489222
2.007 0.343667 0.490218
2.008 0.343682 0.491214
2.009 0.343704 0.492209
2.01 0.343733 0.493205
2.011 0.343767 0.4942
2.012 0.343808 0.495195
2.013 0.343855 0.49619
2.014 0.343908 0.497185
2.015 0.343968 0.498179
2.016 0.344034 0.499173
2.017 0.344106 0.500166
2.018 0.344184 0.501159
2.019 0.344269 0.502151
2.02 0.34436 0.503143
2.021 0.344457 0.504134
2.022 0.34456 0.505125
2.023 0.34467 0.506115
2.024 0.344786 0.507104
2.025 0.344908 0.508092
2.026 0.345037 0.50908
2.027 0.345171 0.510066
2.028 0.345312 0.511052
2.029 0.345459 0.512037
2.03 0.345613 0.513021
2.031 0.345773 0.514004
2.032 0.345938 0.514986
2.033 0.346111 0.515967
2.034 0.346289 0.516947
2.035 0.346474 0.517925
2.036 0.346664 0.518903
2.037 0.346861 0.519879
2.038 0.347065 0.520854
2.039 0.347274 0.521828
2.04 0.34749 0.5228
2.041 0.347712 0.523771
2.042 0.34794 0.52474
2.043 0.348174 0.525708
2.044 0.348414 0.526674
2.045 0.348661 0.527639
2.046 0.348914 0.528602
2.047 0.349172 0.529564
2.048 0.349437 0.530524
2.049 0.349709 0.531482
2.05 0.349986 0.532439
2.051 0.350269 0.533393
2.052 0.350559 0.534346
2.053 0.350854 0.535297
2.054 0.351156 0.536246
2.055 0.351464 0.537193
2.056 0.351778 0.538138
2.057 0.352098 0.539081
2.058 0.352424 0.540022
2.059 0.352756 0.540961
2.06 0.353094 0.541897
2.061 0.353438 0.542832
2.062 0.353788 0.543764
2.063 0.354144 0.544694
2.064 0.354507 0.545622
2.065 0.354875 0.546547
2.066 0.355249 0.54747
2.067 0.355629 0.54839
2.068 0.356015 0.549308
2.069 0.356406 0.550224
2.07 0.356804 0.551136
2.071 0.357208 0.552047
2.072 0.357617 0.552954
2.073 0.358033 0.553859
2.074 0.358454 0.554761
2.075 0.358881 0.555661
2.076 0.359314 0.556558
2.077 0.359753 0.557452
2.078 0.360198 0.558343
2.079 0.360648 0.559231
2.08 0.361104 0.560116
2.081 0.361566 0.560998
2.082 0.362033 0.561877
2.083 0.362507 0.562753
2.084 0.362986 0.563626
2.085 0.36347 0.564496
2.086 0.36396 0.565362
2.087 0.364456 0.566226
2.088 0.364958 0.567086
2.089 0.365465 0.567943
2.09 0.365978 0.568796
2.091 0.366496 0.569647
2.092 0.36702 0.570493
2.093 0.367549 0.571337
2.094 0.368084 0.572176
2.095 0.368625 0.573013
2.096 0.36917 0.573845
2.097 0.369722 0.574675
2.098 0.370278 0.5755
2.099 0.37084 0.576322
2.1 0.371408 0.57714
2.101 0.371981 0.577954
2.102 0.372559 0.578765
2.103 0.373142 0.579572
2.104 0.373731 0.580375
2.105 0.374325 0.581174
2.106 0.374924 0.581969
2.107 0.375529 0.58276
2.108 0.376138 0.583547
2.109 0.376753 0.58433
2.11 0.377373 0.585109
2.111 0.377998 0.585884
2.112 0.378629 0.586655
2.113 0.379264 0.587422
2.114 0.379904 0.588184
2.115 0.38055 0.588942
2.116 0.3812 0.589696
2.117 0.381855 0.590445
2.118 0.382515 0.591191
2.119 0.383181 0.591931
2.12 0.383851 0.592668
2.121 0.384526 0.5934
2.122 0.385205 0.594127
2.123 0.38589 0.59485
2.124 0.386579 0.595568
2.125 0.387273 0.596282
2.126 0.387972 0.596991
2.127 0.388676 0.597695
2.128 0.389384 0.598395
2.129 0.390097 0.59909
2.13 0.390814 0.59978
2.131 0.391536 0.600466
2.132 0.392263 0.601146
2.133 0.392994 0.601822
2.134 0.393729 0.602493
2.135 0.394469 0.603159
2.136 0.395214 0.60382
2.137 0.395963 0.604476
2.138 0.396716 0.605127
2.139 0.397473 0.605773
2.14 0.398235 0.606414
2.141 0.399001 0.607049
2.142 0.399772 0.60768
2.143 0.400546 0.608305
2.144 0.401325 0.608926
2.145 0.402108 0.609541
2.146 0.402895 0.61015
2.147 0.403686 0.610755
2.148 0.404481 0.611354
2.149 0.40528 0.611948
2.15 0.406083 0.612536
2.151 0.40689 0.613119
2.152 0.4077 0.613696
2.153 0.408515 0.614268
2.154 0.409334 0.614835
2.155 0.410156 0.615396
2.156 0.410982 0.615951
2.157 0.411812 0.616501
2.158 0.412645 0.617046
2.159 0.413482 0.617584
2.16 0.414323 0.618117
2.161 0.415168 0.618644
2.162 0.416015 0.619166
2.163 0.416867 0.619682
2.164 0.417722 0.620192
2.165 0.41858 0.620696
2.166 0.419442 0.621194
2.167 0.420307 0.621687
2.168 0.421175 0.622174
2.169 0.422046 0.622654
2.17 0.422921 0.623129
2.171 0.423799 0.623598
2.172 0.42468 0.624061
2.173 0.425565 0.624518
2.174 0.426452 0.624969
2.175 0.427343 0.625414
2.176 0.428236 0.625853
2.177 0.429132 0.626286
2.178 0.430032 0.626712
2.179 0.430934 0.627133
2.18 0.431839 0.627547
2.181 0.432747 0.627955
2.182 0.433657 0.628357
2.183 0.434571 0.628753
2.184 0.435487 0.629143
2.185 0.436405 0.629526
2.186 0.437326 0.629903
2.187 0.43825 0.630273
2.188 0.439176 0.630638
2.189 0.440105 0.630996
2.19 0.441036 0.631347
2.191 0.44197 0.631693
2.192 0.442906 0.632031
2.193 0.443844 0.632364
2.194 0.444784 0.63269
2.195 0.445727 0.633009
2.196 0.446672 0.633322
2.197 0.447618 0.633629
2.198 0.448567 0.633929
2.199 0.449519 0.634222
2.2 0.450472 0.634509
2.201 0.451427 0.63479
2.202 0.452383 0.635064
2.203 0.453342 0.635331
2.204 0.454303 0.635591
2.205 0.455265 0.635845
2.206 0.456229 0.636093
2.207 0.457195 0.636333
2.208 0.458162 0.636567
2.209 0.459131 0.636795
2.21 0.460101 0.637015
2.211 0.461073 0.637229
2.212 0.462047 0.637437
2.213 0.463022 0.637637
2.214 0.463998 0.637831
2.215 0.464975 0.638018
2.216 0.465954 0.638198
2.217 0.466934 0.638371
2.218 0.467915 0.638538
2.219 0.468898 0.638698
2.22 0.469881 0.638851
2.221 0.470865 0.638997
2.222 0.471851 0.639136
2.223 0.472837 0.639269
2.224 0.473824 0.639394
2.225 0.474812 0.639513
2.226 0.475801 0.639625
2.227 0.476791 0.63973
2.228 0.477781 0.639828
2.229 0.478772 0.639919
2.23 0.479764 0.640003
2.231 0.480756 0.640081
2.232 0.481749 0.640151
2.233 0.482742 0.640215
2.234 0.483735 0.640271
2.235 0.484729 0.640321
2.236 0.485723 0.640364
2.237 0.486718 0.640399
2.238 0.487713 0.640428
2.239 0.488707 0.64045
2.24 0.489702 0.640465
2.241 0.490698 0.640473
2.242 0.491693 0.640474
2.243 0.492688 0.640468
2.244 0.493683 0.640455
2.245 0.494678 0.640435
2.246 0.495672 0.640408
2.247 0.496667 0.640374
2.248 0.497661 0.640333
2.249 0.498655 0.640285
2.25 0.499649 0.64023
2.251 0.500642 0.640168
2.252 0.501634 0.640099
2.253 0.502627 0.640023
2.254 0.503618 0.639941
2.255 0.504609 0.639851
2.256 0.505599 0.639754
2.257 0.506589 0.63965
2.258 0.507578 0.639539
2.259 0.508566 0.639422
2.26 0.509553 0.639297
2.261 0.510539 0.639165
2.262 0.511525 0.639026
2.263 0.512509 0.638881
2.264 0.513492 0.638728
2.265 0.514474 0.638569
2.266 0.515455 0.638402
2.267 0.516435 0.638229
2.268 0.517414 0.638048
2.269 0.518391 0.637861
2.27 0.519367 0.637667
2.271 0.520341 0.637466
2.272 0.521314 0.637258
2.273 0.522286 0.637043
2.274 0.523256 0.636821
2.275 0.524224 0.636592
2.276 0.525191 0.636356
2.277 0.526156 0.636114
2.278 0.527119 0.635865
2.279 0.52808 0.635608
2.28 0.52904 0.635345
2.281 0.529997 0.635075
2.282 0.530953 0.634799
2.283 0.531907 0.634515
2.284 0.532858 0.634225
2.285 0.533808 0.633928
2.286 0.534755 0.633624
2.287 0.5357 0.633313
2.288 0.536643 0.632996
2.289 0.537584 0.632672
2.29 0.538522 0.632341
2.291 0.539458 0.632004
2.292 0.540392 0.631659
2.293 0.541323 0.631308
2.294 0.542251 0.630951
2.295 0.543177 0.630587
2.296 0.5441 0.630216
2.297 0.54502 0.629838
2.298 0.545938 0.629454
2.299 0.546853 0.629064
2.3 0.547765 0.628667
2.301 0.548674 0.628263
2.302 0.549581 0.627853
2.303 0.550484 0.627436
2.304 0.551384 0.627012
2.305 0.552282 0.626583
2.306 0.553176 0.626147
2.307 0.554067 0.625704
2.308 0.554954 0.625255
2.309 0.555839 0.624799
2.31 0.55672 0.624338
2.311 0.557598 0.62387
2.312 0.558472 0.623395
2.313 0.559343 0.622914
2.314 0.56021 0.622427
2.315 0.561074 0.621934
2.316 0.561934 0.621434
2.317 0.562791 0.620929
2.318 0.563644 0.620417
2.319 0.564493 0.619899
2.32 0.565339 0.619374
2.321 0.56618 0.618844
2.322 0.567018 0.618308
2.323 0.567852 0.617765
2.324 0.568681 0.617216
2.325 0.569507 0.616662
2.326 0.570329 0.616101
2.327 0.571147 0.615535
2.328 0.57196 0.614962
2.329 0.572769 0.614384
2.33 0.573575 0.6138
2.331 0.574375 0.61321
2.332 0.575172 0.612614
2.333 0.575964 0.612012
2.334 0.576752 0.611405
2.335 0.577535 0.610792
2.336 0.578314 0.610173
2.337 0.579088 0.609548
2.338 0.579857 0.608918
2.339 0.580622 0.608282
2.34 0.581383 0.607641
2.341 0.582138 0.606994
2.342 0.582889 0.606342
2.343 0.583635 0.605684
2.344 0.584376 0.605021
2.345 0.585113 0.604352
2.346 0.585844 0.603678
2.347 0.58657 0.602999
2.348 0.587292 0.602314
2.349 0.588008 0.601624
2.35 0.588719 0.600929
2.351 0.589426 0.600228
2.352 0.590127 0.599523
2.353 0.590822 0.598812
2.354 0.591513 0.598096
2.355 0.592198 0.597375
2.356 0.592878 0.596649
2.357 0.593553 0.595918
2.358 0.594222 0.595183
2.359 0.594885 0.594442
2.36 0.595543 0.593696
2.361 0.596196 0.592946
2.362 0.596843 0.59219
2.363 0.597485 0.59143
2.364 0.598121 0.590666
2.365 0.598751 0.589896
2.366 0.599375 0.589122
2.367 0.599994 0.588344
2.368 0.600607 0.587561
2.369 0.601214 0.586773
2.37 0.601816 0.585981
2.371 0.602411 0.585184
2.372 0.603001 0.584383
2.373 0.603584 0.583578
2.374 0.604162 0.582768
2.375 0.604733 0.581955
2.376 0.605299 0.581136
2.377 0.605858 0.580314
2.378 0.606411 0.579488
2.379 0.606958 0.578657
2.38 0.607499 0.577823
2.381 0.608034 0.576984
2.382 0.608562 0.576142
2.383 0.609084 0.575295
2.384 0.6096 0.574445
2.385 0.61011 0.573591
2.386 0.610613 0.572733
2.387 0.611109 0.571872
2.388 0.611599 0.571007
2.389 0.612083 0.570138
2.39 0.61256 0.569265
2.391 0.613031 0.568389
2.392 0.613495 0.56751
2.393 0.613953 0.566627
2.394 0.614404 0.565741
2.395 0.614848 0.564851
2.396 0.615285 0.563958
2.397 0.615716 0.563062
2.398 0.61614 0.562163
2.399 0.616558 0.56126
2.4 0.616968 0.560355
2.401 0.617372 0.559446
2.402 0.617769 0.558534
2.403 0.618159 0.55762
2.404 0.618543 0.556702
2.405 0.618919 0.555782
2.406 0.619288 0.554859
2.407 0.619651 0.553933
2.408 0.620006 0.553004
2.409 0.620355 0.552073
2.41 0.620696 0.551139
2.411 0.621031 0.550203
2.412 0.621358 0.549264
2.413 0.621678 0.548322
2.414 0.621991 0.547379
2.415 0.622297 0.546433
2.416 0.622596 0.545484
2.417 0.622888 0.544534
2.418 0.623172 0.543581
2.419 0.62345 0.542626
2.42 0.62372 0.541669
2.421 0.623982 0.540711
2.422 0.624238 0.53975
2.423 0.624486 0.538787
2.424 0.624727 0.537822
2.425 0.624961 0.536856
2.426 0.625187 0.535888
2.427 0.625406 0.534918
2.428 0.625618 0.533947
2.429 0.625822 0.532974
2.43 0.626019 0.531999
2.431 0.626208 0.531023
2.432 0.62639 0.530046
2.433 0.626564 0.529067
2.434 0.626732 0.528087
2.435 0.626891 0.527106
2.436 0.627043 0.526123
2.437 0.627188 0.52514
2.438 0.627325 0.524155
2.439 0.627455 0.523169
2.44 0.627577 0.522183
2.441 0.627692 0.521195
2.442 0.627799 0.520207
2.443 0.627898 0.519218
2.444 0.62799 0.518228
2.445 0.628075 0.517237
2.446 0.628151 0.516246
2.447 0.628221 0.515254
2.448 0.628282 0.514262
2.449 0.628336 0.51327
2.45 0.628383 0.512277
2.451 0.628422 0.511283
2.452 0.628453 0.51029
2.453 0.628477 0.509296
2.454 0.628493 0.508302
2.455 0.628501 0.507308
2.456 0.628502 0.506314
2.457 0.628495 0.50532
2.458 0.62848 0.504326
2.459 0.628458 0.503332
2.46 0.628429 0.502339
2.461 0.628391 0.501345
2.462 0.628346 0.500352
2.463 0.628293 0.49936
2.464 0.628233 0.498367
2.465 0.628165 0.497376
2.466 0.628089 0.496385
2.467 0.628006 0.495394
2.468 0.627915 0.494404
2.469 0.627817 0.493415
2.47 0.627711 0.492427
2.471 0.627597 0.491439
2.472 0.627476 0.490453
2.473 0.627347 0.489467
2.474 0.62721 0.488483
2.475 0.627066 0.487499
2.476 0.626914 0.486517
2.477 0.626754 0.485536
2.478 0.626587 0.484556
2.479 0.626413 0.483578
2.48 0.626231 0.482601
2.481 0.626041 0.481625
2.482 0.625844 0.480651
2.483 0.625639 0.479678
2.484 0.625426 0.478707
2.485 0.625206 0.477738
2.486 0.624979 0.476771
2.487 0.624744 0.475805
2.488 0.624501 0.474841
2.489 0.624252 0.473879
2.49 0.623994 0.472919
2.491 0.623729 0.471961
2.492 0.623457 0.471006
2.493 0.623177 0.470052
2.494 0.62289 0.4691
2.495 0.622595 0.468151
2.496 0.622293 0.467204
2.497 0.621984 0.46626
2.498 0.621667 0.465318
2.499 0.621343 0.464379
2.5 0.621012 0.463442
2.501 0.620673 0.462507
2.502 0.620327 0.461576
2.503 0.619974 0.460647
2.504 0.619613 0.459721
2.505 0.619246 0.458797
2.506 0.618871 0.457877
2.507 0.618488 0.45696
2.508 0.618099 0.456046
2.509 0.617703 0.455134
2.51 0.617299 0.454226
2.511 0.616888 0.453321
2.512 0.61647 0.45242
2.513 0.616046 0.451521
2.514 0.615614 0.450626
2.515 0.615175 0.449735
2.516 0.614729 0.448847
2.517 0.614276 0.447962
2.518 0.613816 0.447082
2.519 0.613349 0.446204
2.52 0.612876 0.445331
2.521 0.612395 0.444461
2.522 0.611908 0.443595
2.523 0.611414 0.442733
2.524 0.610913 0.441875
2.525 0.610405 0.441021
2.526 0.609891 0.44017
2.527 0.60937 0.439324
2.528 0.608842 0.438483
2.529 0.608307 0.437645
2.53 0.607766 0.436811
2.531 0.607219 0.435982
2.532 0.606665 0.435158
2.533 0.606104 0.434337
2.534 0.605537 0.433521
2.535 0.604963 0.43271
2.536 0.604383 0.431903
2.537 0.603797 0.431101
2.538 0.603205 0.430304
2.539 0.602606 0.429511
2.54 0.602 0.428723
2.541 0.601389 0.42794
2.542 0.600771 0.427162
2.543 0.600147 0.426388
2.544 0.599518 0.42562
2.545 0.598881 0.424857
2.546 0.598239 0.424098
2.547 0.597591 0.423345
2.548 0.596937 0.422598
2.549 0.596277 0.421855
2.55 0.595611 0.421118
2.551 0.59494 0.420386
2.552 0.594262 0.419659
2.553 0.593579 0.418938
2.554 0.59289 0.418222
2.555 0.592195 0.417512
2.556 0.591495 0.416807
2.557 0.590789 0.416108
2.558 0.590077 0.415415
2.559 0.58936 0.414727
2.56 0.588638 0.414046
2.561 0.58791 0.41337
2.562 0.587176 0.412699
2.563 0.586438 0.412035
2.564 0.585694 0.411377
2.565 0.584945 0.410725
2.566 0.58419 0.410078
2.567 0.583431 0.409438
2.568 0.582666 0.408804
2.569 0.581896 0.408176
2.57 0.581122 0.407554
2.571 0.580342 0.406939
2.572 0.579557 0.406329
2.573 0.578768 0.405727
2.574 0.577973 0.40513
2.575 0.577174 0.40454
2.576 0.576371 0.403956
2.577 0.575562 0.403379
2.578 0.574749 0.402809
2.579 0.573931 0.402245
2.58 0.573109 0.401687
2.581 0.572283 0.401136
2.582 0.571452 0.400592
2.583 0.570616 0.400055
2.584 0.569777 0.399524
2.585 0.568933 0.399001
2.586 0.568084 0.398484
2.587 0.567232 0.397974
2.588 0.566376 0.39747
2.589 0.565515 0.396974
2.59 0.564651 0.396485
2.591 0.563783 0.396003
2.592 0.56291 0.395528
2.593 0.562034 0.39506
2.594 0.561155 0.394599
2.595 0.560271 0.394145
2.596 0.559384 0.393698
2.597 0.558493 0.393259
2.598 0.557599 0.392827
2.599 0.556701 0.392402
2.6 0.5558 0.391984
2.601 0.554896 0.391574
2.602 0.553988 0.391171
2.603 0.553077 0.390776
2.604 0.552163 0.390388
2.605 0.551245 0.390007
2.606 0.550325 0.389634
2.607 0.549402 0.389268
2.608 0.548475 0.38891
2.609 0.547546 0.38856
2.61 0.546614 0.388217
2.611 0.545679 0.387882
2.612 0.544742 0.387554
2.613 0.543802 0.387234
2.614 0.542859 0.386922
2.615 0.541914 0.386617
2.616 0.540966 0.38632
2.617 0.540016 0.386031
2.618 0.539064 0.38575
2.619 0.538109 0.385477
2.62 0.537152 0.385211
2.621 0.536193 0.384953
2.622 0.535232 0.384703
2.623 0.534269 0.384461
2.624 0.533304 0.384227
2.625 0.532337 0.384001
2.626 0.531368 0.383783
2.627 0.530398 0.383572
2.628 0.529426 0.38337
2.629 0.528452 0.383176
2.63 0.527477 0.382989
2.631 0.5265 0.382811
2.632 0.525521 0.382641
2.633 0.524542 0.382479
2.634 0.523561 0.382324
2.635 0.522579 0.382178
2.636 0.521596 0.38204
2.637 0.520611 0.38191
2.638 0.519626 0.381789
2.639 0.518639 0.381675
2.64 0.517652 0.38157
2.641 0.516664 0.381472
2.642 0.515675 0.381383
2.643 0.514685 0.381302
2.644 0.513695 0.381229
2.645 0.512704 0.381165
2.646 0.511713 0.381108
2.647 0.510722 0.38106
2.648 0.509729 0.38102
2.649 0.508737 0.380988
2.65 0.507745 0.380965
2.651 0.506752 0.380949
2.652 0.505759 0.380942
2.653 0.504766 0.380943
2.654 0.503774 0.380953
2.655 0.502781 0.38097
2.656 0.501788 0.380996
2.657 0.500796 0.38103
2.658 0.499804 0.381072
2.659 0.498813 0.381123
2.66 0.497822 0.381182
2.661 0.496831 0.381249
2.662 0.495841 0.381324
2.663 0.494852 0.381407
2.664 0.493864 0.381499
2.665 0.492876 0.381599
2.666 0.491889 0.381707
2.667 0.490903 0.381823
2.668 0.489918 0.381948
2.669 0.488935 0.382081
2.67 0.487952 0.382222
2.671 0.486971 0.382371
2.672 0.485991 0.382528
2.673 0.485012 0.382694
2.674 0.484034 0.382867
2.675 0.483059 0.383049
2.676 0.482084 0.383239
2.677 0.481112 0.383437
2.678 0.480141 0.383644
2.679 0.479171 0.383858
2.68 0.478204 0.384081
2.681 0.477239 0.384311
2.682 0.476275 0.38455
2.683 0.475314 0.384797
2.684 0.474354 0.385051
2.685 0.473397 0.385314
2.686 0.472442 0.385585
2.687 0.47149 0.385864
2.688 0.47054 0.386151
2.689 0.469592 0.386446
2.69 0.468647 0.386748
2.691 0.467704 0.387059
2.692 0.466764 0.387378
2.693 0.465827 0.387704
2.694 0.464892 0.388039
2.695 0.463961 0.388381
2.696 0.463032 0.388731
2.697 0.462106 0.389089
2.698 0.461183 0.389455
2.699 0.460264 0.389828
2.7 0.459348 0.390209
2.701 0.458434 0.390598
2.702 0.457525 0.390995
2.703 0.456618 0.391399
2.704 0.455715 0.391811
2.705 0.454816 0.39223
2.706 0.45392 0.392658
2.707 0.453028 0.393092
2.708 0.45214 0.393534
2.709 0.451255 0.393984
2.71 0.450374 0.394441
2.711 0.449497 0.394906
2.712 0.448624 0.395378
2.713 0.447755 0.395857
2.714 0.44689 0.396344
2.715 0.44603 0.396838
2.716 0.445173 0.397339
2.717 0.444321 0.397848
2.718 0.443474 0.398364
2.719 0.44263 0.398887
2.72 0.441791 0.399417
2.721 0.440957 0.399954
2.722 0.440127 0.400498
2.723 0.439302 0.40105
2.724 0.438482 0.401608
2.725 0.437667 0.402173
2.726 0.436856 0.402746
2.727 0.43605 0.403325
2.728 0.435249 0.403911
2.729 0.434454 0.404503
2.73 0.433663 0.405103
2.731 0.432877 0.405709
2.732 0.432097 0.406322
2.733 0.431322 0.406941
2.734 0.430552 0.407568
2.735 0.429788 0.4082
2.736 0.429029 0.408839
2.737 0.428276 0.409485
2.738 0.427528 0.410137
2.739 0.426786 0.410796
2.74 0.426049 0.41146
2.741 0.425318 0.412131
2.742 0.424593 0.412809
2.743 0.423874 0.413492
2.744 0.423161 0.414182
2.745 0.422453 0.414877
2.746 0.421752 0.415579
2.747 0.421057 0.416287
2.748 0.420368 0.417
2.749 0.419685 0.41772
2.75 0.419008 0.418445
2.751 0.418337 0.419176
2.752 0.417673 0.419913
2.753 0.417015 0.420656
2.754 0.416364 0.421404
2.755 0.415719 0.422158
2.756 0.41508 0.422917
2.757 0.414448 0.423682
2.758 0.413823 0.424452
2.759 0.413204 0.425228
2.76 0.412592 0.426008
2.761 0.411987 0.426794
2.762 0.411389 0.427586
2.763 0.410798 0.428382
2.764 0.410213 0.429183
2.765 0.409635 0.42999
2.766 0.409065 0.430801
2.767 0.408501 0.431618
2.768 0.407945 0.432439
2.769 0.407395 0.433265
2.77 0.406853 0.434095
2.771 0.406318 0.434931
2.772 0.40579 0.43577
2.773 0.40527 0.436615
2.774 0.404757 0.437464
2.775 0.404251 0.438317
2.776 0.403753 0.439175
2.777 0.403262 0.440037
2.778 0.402779 0.440903
2.779 0.402303 0.441773
2.78 0.401835 0.442648
2.781 0.401374 0.443526
2.782 0.400922 0.444408
2.783 0.400476 0.445295
2.784 0.400039 0.446185
2.785 0.399609 0.447079
2.786 0.399187 0.447976
2.787 0.398773 0.448877
2.788 0.398367 0.449782
2.789 0.397969 0.450691
2.79 0.397578 0.451602
2.791 0.397196 0.452517
2.792 0.396822 0.453436
2.793 0.396455 0.454357
2.794 0.396097 0.455282
2.795 0.395747 0.45621
2.796 0.395405 0.457141
2.797 0.395071 0.458074
2.798 0.394745 0.459011
2.799 0.394427 0.459951
2.8 0.394118 0.460893
2.801 0.393817 0.461838
2.802 0.393524 0.462785
2.803 0.39324 0.463735
2.804 0.392964 0.464688
2.805 0.392696 0.465642
2.806 0.392436 0.4666
2.807 0.392185 0.467559
2.808 0.391943 0.46852
2.809 0.391709 0.469484
2.81 0.391483 0.47045
2.811 0.391266 0.471417
2.812 0.391057 0.472386
2.813 0.390857 0.473358
2.814 0.390666 0.474331
2.815 0.390483 0.475305
2.816 0.390308 0.476281
2.817 0.390143 0.477259
2.818 0.389985 0.478238
2.819 0.389837 0.479218
2.82 0.389697 0.4802
2.821 0.389566 0.481182
2.822 0.389443 0.482166
2.823 0.389329 0.483151
2.824 0.389224 0.484137
2.825 0.389127 0.485124
2.826 0.38904 0.486111
2.827 0.388961 0.4871
2.828 0.38889 0.488089
2.829 0.388829 0.489078
2.83 0.388776 0.490068
2.831 0.388732 0.491059
2.832 0.388697 0.492049
2.833 0.38867 0.493041
2.834 0.388652 0.494032
2.835 0.388643 0.495023
2.836 0.388643 0.496014
2.837 0.388652 0.497006
2.838 0.388669 0.497997
2.839 0.388695 0.498988
2.84 0.38873 0.499979
2.841 0.388774 0.500969
2.842 0.388827 0.501959
2.843 0.388888 0.502948
2.844 0.388958 0.503937
2.845 0.389037 0.504925
2.846 0.389125 0.505913
2.847 0.389221 0.506899
2.848 0.389327 0.507885
2.849 0.389441 0.50887
2.85 0.389563 0.509853
2.851 0.389695 0.510836
2.852 0.389835 0.511817
2.853 0.389984 0.512797
2.854 0.390142 0.513776
2.855 0.390309 0.514753
2.856 0.390484 0.515728
2.857 0.390668 0.516702
2.858 0.39086 0.517675
2.859 0.391061 0.518645
2.86 0.391271 0.519614
2.861 0.39149 0.520581
2.862 0.391717 0.521545
2.863 0.391953 0.522508
2.864 0.392197 0.523469
2.865 0.39245 0.524427
2.866 0.392712 0.525383
2.867 0.392982 0.526336
2.868 0.393261 0.527288
2.869 0.393548 0.528236
2.87 0.393844 0.529182
2.871 0.394148 0.530125
2.872 0.39446 0.531066
2.873 0.394781 0.532003
2.874 0.395111 0.532938
2.875 0.395449 0.53387
2.876 0.395795 0.534798
2.877 0.396149 0.535724
2.878 0.396512 0.536646
2.879 0.396883 0.537565
2.88 0.397262 0.538481
2.881 0.39765 0.539393
2.882 0.398046 0.540301
2.883 0.39845 0.541206
2.884 0.398862 0.542107
2.885 0.399282 0.543005
2.886 0.39971 0.543898
2.887 0.400146 0.544788
2.888 0.40059 0.545674
2.889 0.401043 0.546556
2.89 0.401503 0.547433
2.891 0.401971 0.548307
2.892 0.402447 0.549176
2.893 0.402931 0.55004
2.894 0.403422 0.550901
2.895 0.403921 0.551757
2.896 0.404428 0.552608
2.897 0.404943 0.553455
2.898 0.405466 0.554296
2.899 0.405996 0.555134
2.9 0.406533 0.555966
2.901 0.407078 0.556793
2.902 0.407631 0.557616
2.903 0.40819 0.558433
2.904 0.408758 0.559246
2.905 0.409332 0.560053
2.906 0.409914 0.560854
2.907 0.410504 0.561651
2.908 0.4111 0.562442
2.909 0.411704 0.563228
2.91 0.412314 0.564008
2.911 0.412932 0.564782
2.912 0.413557 0.565551
2.913 0.414189 0.566314
2.914 0.414827 0.567072
2.915 0.415473 0.567823
2.916 0.416125 0.568569
2.917 0.416784 0.569308
2.918 0.41745 0.570042
2.919 0.418122 0.570769
2.92 0.418802 0.57149
2.921 0.419487 0.572205
2.922 0.420179 0.572914
2.923 0.420878 0.573617
2.924 0.421583 0.574312
2.925 0.422294 0.575002
2.926 0.423011 0.575685
2.927 0.423735 0.576361
2.928 0.424465 0.577031
2.929 0.425201 0.577694
2.93 0.425943 0.57835
2.931 0.426691 0.578999
2.932 0.427445 0.579642
2.933 0.428204 0.580277
2.934 0.42897 0.580906
2.935 0.429741 0.581528
2.936 0.430518 0.582142
2.937 0.431301 0.582749
2.938 0.432089 0.583349
2.939 0.432882 0.583942
2.94 0.433681 0.584527
2.941 0.434485 0.585105
2.942 0.435295 0.585676
2.943 0.436109 0.586239
2.944 0.436929 0.586795
2.945 0.437754 0.587343
2.946 0.438584 0.587883
2.947 0.439419 0.588416
2.948 0.440259 0.588941
2.949 0.441103 0.589458
2.95 0.441952 0.589968
2.951 0.442806 0.59047
2.952 0.443665 0.590963
2.953 0.444528 0.591449
2.954 0.445395 0.591927
2.955 0.446267 0.592397
2.956 0.447143 0.592858
2.957 0.448023 0.593312
2.958 0.448908 0.593757
2.959 0.449796 0.594194
2.96 0.450689 0.594623
2.961 0.451585 0.595044
2.962 0.452485 0.595456
2.963 0.453389 0.595861
2.964 0.454297 0.596256
2.965 0.455208 0.596643
2.966 0.456123 0.597022
2.967 0.457042 0.597392
2.968 0.457963 0.597754
2.969 0.458888 0.598107
2.97 0.459817 0.598452
2.971 0.460748 0.598787
2.972 0.461683 0.599115
2.973 0.46262 0.599433
2.974 0.46356 0.599743
2.975 0.464504 0.600044
2.976 0.46545 0.600336
2.977 0.466398 0.60062
2.978 0.46735 0.600894
2.979 0.468303 0.60116
2.98 0.469259 0.601417
2.981 0.470218 0.601665
2.982 0.471179 0.601904
2.983 0.472142 0.602134
2.984 0.473107 0.602355
2.985 0.474074 0.602567
2.986 0.475043 0.60277
2.987 0.476013 0.602964
2.988 0.476986 0.603148
2.989 0.47796 0.603324
2.99 0.478936 0.603491
2.991 0.479913 0.603648
2.992 0.480892 0.603797
2.993 0.481872 0.603936
2.994 0.482853 0.604066
2.995 0.483836 0.604187
2.996 0.484819 0.604298
2.997 0.485804 0.604401
2.998 0.486789 0.604494
2.999 0.487776 0.604578
3 0.488763 0.604653
3.001 0.48975 0.604718
3.002 0.490739 0.604774
3.003 0.491727 0.604821
3.004 0.492716 0.604859
3.005 0.493706 0.604887
3.006 0.494695 0.604906
3.007 0.495685 0.604916
3.008 0.496675 0.604917
3.009 0.497664 0.604908
3.01 0.498654 0.60489
3.011 0.499643 0.604862
3.012 0.500632 0.604825
3.013 0.501621 0.604779
3.014 0.502609 0.604724
3.015 0.503597 0.604659
3.016 0.504584 0.604585
3.017 0.50557 0.604502
3.018 0.506555 0.604409
3.019 0.507539 0.604307
3.02 0.508523 0.604196
3.021 0.509505 0.604076
3.022 0.510486 0.603946
3.023 0.511466 0.603807
3.024 0.512444 0.603659
3.025 0.513421 0.603501
3.026 0.514397 0.603335
3.027 0.515371 0.603159
3.028 0.516343 0.602974
3.029 0.517313 0.602779
3.03 0.518281 0.602576
3.031 0.519248 0.602363
3.032 0.520212 0.602142
3.033 0.521174 0.601911
3.034 0.522134 0.601671
3.035 0.523092 0.601422
3.036 0.524047 0.601164
3.037 0.525 0.600896
3.038 0.52595 0.60062
3.039 0.526897 0.600335
3.04 0.527842 0.600041
3.041 0.528784 0.599737
3.042 0.529722 0.599425
3.043 0.530658 0.599104
3.044 0.531591 0.598774
3.045 0.532521 0.598436
3.046 0.533447 0.598088
3.047 0.53437 0.597732
3.048 0.535289 0.597367
3.049 0.536205 0.596993
3.05 0.537118 0.59661
3.051 0.538026 0.596219
3.052 0.538931 0.595819
3.053 0.539832 0.59541
3.054 0.540729 0.594993
3.055 0.541622 0.594568
3.056 0.542511 0.594134
3.057 0.543396 0.593691
3.058 0.544276 0.59324
3.059 0.545152 0.592781
3.06 0.546024 0.592313
3.061 0.546891 0.591837
3.062 0.547753 0.591352
3.063 0.548611 0.59086
3.064 0.549464 0.590359
3.065 0.550313 0.58985
3.066 0.551156 0.589333
3.067 0.551994 0.588808
3.068 0.552827 0.588275
3.069 0.553655 0.587734
3.07 0.554478 0.587185
3.071 0.555296 0.586628
3.072 0.556108 0.586064
3.073 0.556914 0.585492
3.074 0.557715 0.584911
3.075 0.558511 0.584324
3.076 0.559301 0.583728
3.077 0.560085 0.583126
3.078 0.560863 0.582515
3.079 0.561635 0.581897
3.08 0.562401 0.581272
3.081 0.563162 0.580639
3.082 0.563916 0.58
3.083 0.564664 0.579352
3.084 0.565405 0.578698
3.085 0.56614 0.578037
3.086 0.566869 0.577368
3.087 0.567591 0.576693
3.088 0.568307 0.576011
3.089 0.569016 0.575321
3.09 0.569719 0.574625
3.091 0.570414 0.573923
3.092 0.571103 0.573213
3.093 0.571785 0.572497
3.094 0.57246 0.571775
3.095 0.573128 0.571045
3.096 0.573789 0.57031
3.097 0.574443 0.569568
3.098 0.575089 0.56882
3.099 0.575729 0.568066
3.1 0.57636 0.567305
3.101 0.576985 0.566539
3.102 0.577602 0.565766
3.103 0.578211 0.564987
3.104 0.578813 0.564203
3.105 0.579408 0.563413
3.106 0.579994 0.562617
3.107 0.580573 0.561815
3.108 0.581144 0.561008
3.109 0.581707 0.560196
3.11 0.582262 0.559378
3.111 0.582809 0.558554
3.112 0.583349 0.557726
3.113 0.58388 0.556892
3.114 0.584403 0.556053
3.115 0.584917 0.555209
3.116 0.585424 0.55436
3.117 0.585922 0.553506
3.118 0.586412 0.552647
3.119 0.586893 0.551784
3.12 0.587366 0.550916
3.121 0.587831 0.550043
3.122 0.588287 0.549166
3.123 0.588734 0.548285
3.124 0.589173 0.547399
3.125 0.589603 0.546509
3.126 0.590024 0.545615
3.127 0.590437 0.544716
3.128 0.590841 0.543814
3.129 0.591236 0.542908
3.13 0.591622 0.541998
3.131 0.591999 0.541085
3.132 0.592367 0.540167
3.133 0.592726 0.539247
3.134 0.593076 0.538322
3.135 0.593417 0.537395
3.136 0.593749 0.536464
3.137 0.594072 0.53553
3.138 0.594386 0.534592
3.139 0.59469 0.533652
3.14 0.594985 0.532709
3.141 0.595271 0.531763
3.142 0.595548 0.530814
3.143 0.595815 0.529863
3.144 0.596073 0.528909
3.145 0.596322 0.527952
3.146 0.596561 0.526993
3.147 0.596791 0.526032
3.148 0.597011 0.525069
3.149 0.597221 0.524103
3.15 0.597423 0.523136
3.151 0.597614 0.522166
3.152 0.597796 0.521195
3.153 0.597969 0.520222
3.154 0.598132 0.519248
3.155 0.598285 0.518272
3.156 0.598429 0.517294
3.157 0.598563 0.516315
3.158 0.598687 0.515335
3.159 0.598802 0.514353
3.16 0.598907 0.513371
3.161 0.599002 0.512387
3.162 0.599088 0.511403
3.163 0.599164 0.510418
3.164 0.59923 0.509432
3.165 0.599286 0.508446
3.166 0.599333 0.507459
3.167 0.599369 0.506472
3.168 0.599396 0.505484
3.169 0.599414 0.504496
3.17 0.599421 0.503508
3.171 0.599419 0.50252
3.172 0.599407 0.501532
3.173 0.599385 0.500545
3.174 0.599353 0.499557
3.175 0.599312 0.49857
3.176 0.59926 0.497584
3.177 0.599199 0.496598
3.178 0.599129 0.495613
3.179 0.599048 0.494628
3.18 0.598958 0.493644
3.181 0.598857 0.492662
3.182 0.598747 0.49168
3.183 0.598628 0.4907
3.184 0.598498 0.48972
3.185 0.598359 0.488742
3.186 0.59821 0.487766
3.187 0.598052 0.486791
3.188 0.597883 0.485818
3.189 0.597705 0.484846
3.19 0.597518 0.483876
3.191 0.59732 0.482909
3.192 0.597113 0.481943
3.193 0.596897 0.480979
3.194 0.596671 0.480018
3.195 0.596435 0.479059
3.196 0.59619 0.478102
3.197 0.595935 0.477148
3.198 0.59567 0.476196
3.199 0.595396 0.475248
3.2 0.595113 0.474302
3.201 0.59482 0.473358
3.202 0.594518 0.472418
3.203 0.594206 0.471481
3.204 0.593885 0.470547
3.205 0.593555 0.469617
3.206 0.593216 0.468689
3.207 0.592867 0.467765
3.208 0.592509 0.466845
3.209 0.592141 0.465929
3.21 0.591765 0.465016
3.211 0.591379 0.464107
3.212 0.590985 0.463202
3.213 0.590581 0.4623
3.214 0.590168 0.461403
3.215 0.589746 0.460511
3.216 0.589316 0.459622
3.217 0.588876 0.458738
3.218 0.588428 0.457858
3.219 0.58797 0.456983
3.22 0.587504 0.456113
3.221 0.587029 0.455247
3.222 0.586546 0.454387
3.223 0.586054 0.453531
3.224 0.585553 0.45268
3.225 0.585044 0.451834
3.226 0.584526 0.450993
3.227 0.584 0.450158
3.228 0.583466 0.449328
3.229 0.582923 0.448504
3.23 0.582371 0.447685
3.231 0.581812 0.446871
3.232 0.581244 0.446063
3.233 0.580669 0.445262
3.234 0.580085 0.444466
3.235 0.579493 0.443675
3.236 0.578893 0.442891
3.237 0.578286 0.442113
3.238 0.57767 0.441342
3.239 0.577047 0.440576
3.24 0.576416 0.439817
3.241 0.575778 0.439065
3.242 0.575131 0.438318
3.243 0.574478 0.437579
3.244 0.573817 0.436846
3.245 0.573148 0.43612
3.246 0.572472 0.4354
3.247 0.571789 0.434688
3.248 0.571099 0.433983
3.249 0.570402 0.433284
3.25 0.569697 0.432593
3.251 0.568986 0.431909
3.252 0.568267 0.431232
3.253 0.567542 0.430563
3.254 0.56681 0.429901
3.255 0.566072 0.429246
3.256 0.565327 0.428599
3.257 0.564575 0.42796
3.258 0.563817 0.427328
3.259 0.563052 0.426704
3.26 0.562281 0.426088
3.261 0.561504 0.42548
3.262 0.560721 0.42488
3.263 0.559932 0.424288
3.264 0.559136 0.423704
3.265 0.558335 0.423128
3.266 0.557528 0.42256
3.267 0.556715 0.422
3.268 0.555897 0.421449
3.269 0.555073 0.420906
3.27 0.554243 0.420372
3.271 0.553408 0.419846
3.272 0.552568 0.419329
3.273 0.551723 0.418821
3.274 0.550872 0.418321
3.275 0.550016 0.41783
3.276 0.549156 0.417347
3.277 0.54829 0.416874
3.278 0.54742 0.416409
3.279 0.546545 0.415953
3.28 0.545665 0.415507
3.281 0.544781 0.415069
3.282 0.543893 0.41464
3.283 0.543 0.414221
3.284 0.542103 0.413811
3.285 0.541201 0.41341
3.286 0.540296 0.413018
3.287 0.539387 0.412636
3.288 0.538474 0.412263
3.289 0.537557 0.411899
3.29 0.536636 0.411545
3.291 0.535712 0.4112
3.292 0.534784 0.410865
3.293 0.533853 0.410539
3.294 0.532919 0.410223
3.295 0.531981 0.409917
3.296 0.53104 0.40962
3.297 0.530097 0.409333
3.298 0.52915 0.409056
3.299 0.528201 0.408789
3.3 0.527249 0.408531
3.301 0.526294 0.408283
3.302 0.525337 0.408045
3.303 0.524378 0.407817
3.304 0.523416 0.407599
3.305 0.522452 0.407391
3.306 0.521486 0.407193
3.307 0.520518 0.407004
3.308 0.519548 0.406826
3.309 0.518576 0.406658
3.31 0.517603 0.4065
3.311 0.516628 0.406352
3.312 0.515651 0.406214
3.313 0.514674 0.406086
3.314 0.513695 0.405968
3.315 0.512714 0.405861
3.316 0.511733 0.405763
3.317 0.510751 0.405676
3.318 0.509768 0.405599
3.319 0.508784 0.405532
3.32 0.5078 0.405476
3.321 0.506815 0.405429
3.322 0.50583 0.405393
3.323 0.504844 0.405367
3.324 0.503858 0.405351
3.325 0.502872 0.405346
3.326 0.501886 0.405351
3.327 0.500901 0.405366
3.328 0.499915 0.405391
3.329 0.49893 0.405426
3.33 0.497945 0.405472
3.331 0.496961 0.405528
3.332 0.495977 0.405595
3.333 0.494994 0.405671
3.334 0.494012 0.405758
3.335 0.493031 0.405855
3.336 0.492051 0.405962
3.337 0.491073 0.406079
3.338 0.490095 0.406207
3.339 0.489119 0.406344
3.34 0.488144 0.406492
3.341 0.487172 0.40665
3.342 0.4862 0.406819
3.343 0.485231 0.406997
3.344 0.484263 0.407186
3.345 0.483298 0.407384
3.346 0.482335 0.407593
3.347 0.481374 0.407811
3.348 0.480415 0.40804
3.349 0.479459 0.408279
3.35 0.478505 0.408528
3.351 0.477554 0.408786
3.352 0.476606 0.409055
3.353 0.47566 0.409334
3.354 0.474718 0.409622
3.355 0.473779 0.40992
3.356 0.472843 0.410229
3.357 0.47191 0.410546
3.358 0.470981 0.410874
3.359 0.470055 0.411212
3.36 0.469132 0.411559
3.361 0.468214 0.411915
3.362 0.467299 0.412282
3.363 0.466388 0.412658
3.364 0.465481 0.413043
3.365 0.464579 0.413438
3.366 0.46368 0.413843
3.367 0.462786 0.414257
3.368 0.461896 0.41468
3.369 0.461011 0.415113
3.37 0.46013 0.415555
3.371 0.459254 0.416006
3.372 0.458383 0.416466
3.373 0.457517 0.416936
3.374 0.456656 0.417414
3.375 0.4558 0.417902
3.376 0.454949 0.418399
3.377 0.454104 0.418904
3.378 0.453263 0.419419
3.379 0.452429 0.419942
3.38 0.4516 0.420474
3.381 0.450776 0.421015
3.382 0.449959 0.421564
3.383 0.449147 0.422122
3.384 0.448341 0.422689
3.385 0.447541 0.423264
3.386 0.446748 0.423848
3.387 0.44596 0.424439
3.388 0.445179 0.42504
3.389 0.444404 0.425648
3.39 0.443636 0.426265
3.391 0.442875 0.426889
3.392 0.44212 0.427522
3.393 0.441371 0.428162
3.394 0.44063 0.428811
3.395 0.439896 0.429467
3.396 0.439168 0.430131
3.397 0.438448 0.430803
3.398 0.437735 0.431482
3.399 0.437029 0.432169
3.4 0.436331 0.432864
3.401 0.43564 0.433565
3.402 0.434956 0.434274
3.403 0.43428 0.43499
3.404 0.433612 0.435714
3.405 0.432951 0.436444
3.406 0.432299 0.437181
3.407 0.431654 0.437926
3.408 0.431017 0.438677
3.409 0.430388 0.439434
3.41 0.429767 0.440199
3.411 0.429155 0.44097
3.412 0.428551 0.441747
3.413 0.427955 0.442531
3.414 0.427367 0.443321
3.415 0.426788 0.444118
3.416 0.426218 0.44492
3.417 0.425656 0.445729
3.418 0.425102 0.446543
3.419 0.424558 0.447363
3.42 0.424022 0.44819
3.421 0.423495 0.449021
3.422 0.422977 0.449859
3.423 0.422469 0.450701
3.424 0.421969 0.451549
3.425 0.421478 0.452403
3.426 0.420996 0.453262
3.427 0.420524 0.454125
3.428 0.420061 0.454994
3.429 0.419607 0.455868
3.43 0.419163 0.456746
3.431 0.418728 0.457629
3.432 0.418303 0.458517
3.433 0.417887 0.459409
3.434 0.417481 0.460306
3.435 0.417084 0.461206
3.436 0.416697 0.462112
3.437 0.41632 0.463021
3.438 0.415953 0.463934
3.439 0.415595 0.464851
3.44 0.415247 0.465772
3.441 0.41491 0.466696
3.442 0.414582 0.467624
3.443 0.414264 0.468556
3.444 0.413957 0.469491
3.445 0.413659 0.470429
3.446 0.413372 0.47137
3.447 0.413094 0.472314
3.448 0.412827 0.473261
3.449 0.41257 0.474211
3.45 0.412323 0.475164
3.451 0.412087 0.476119
3.452 0.411861 0.477077
3.453 0.411645 0.478037
3.454 0.41144 0.478999
3.455 0.411245 0.479964
3.456 0.411061 0.480931
3.457 0.410887 0.481899
3.458 0.410723 0.482869
3.459 0.41057 0.483841
3.46 0.410427 0.484815
3.461 0.410295 0.48579
3.462 0.410174 0.486766
3.463 0.410063 0.487744
3.464 0.409963 0.488723
3.465 0.409873 0.489702
3.466 0.409794 0.490683
3.467 0.409725 0.491664
3.468 0.409667 0.492646
3.469 0.40962 0.493629
3.47 0.409584 0.494612
3.471 0.409558 0.495596
3.472 0.409543 0.496579
3.473 0.409538 0.497563
3.474 0.409544 0.498547
3.475 0.409561 0.49953
3.476 0.409589 0.500514
3.477 0.409627 0.501496
3.478 0.409676 0.502479
3.479 0.409735 0.503461
3.48 0.409805 0.504442
3.481 0.409886 0.505422
3.482 0.409978 0.506401
3.483 0.41008 0.50738
3.484 0.410193 0.508357
3.485 0.410316 0.509332
3.486 0.41045 0.510307
3.487 0.410595 0.51128
3.488 0.41075 0.512251
3.489 0.410916 0.51322
3.49 0.411092 0.514188
3.491 0.411279 0.515153
3.492 0.411477 0.516117
3.493 0.411684 0.517078
3.494 0.411903 0.518037
3.495 0.412132 0.518993
3.496 0.412371 0.519947
3.497 0.412621 0.520898
3.498 0.412881 0.521846
3.499 0.413151 0.522792
3.5 0.413432 0.523734
3.501 0.413723 0.524673
3.502 0.414024 0.525609
3.503 0.414335 0.526542
3.504 0.414657 0.527471
3.505 0.414989 0.528397
3.506 0.415331 0.529318
3.507 0.415683 0.530236
3.508 0.416045 0.53115
3.509 0.416417 0.532061
3.51 0.416799 0.532966
3.511 0.417191 0.533868
3.512 0.417592 0.534765
3.513 0.418004 0.535658
3.514 0.418425 0.536546
3.515 0.418856 0.53743
3.516 0.419297 0.538309
3.517 0.419747 0.539182
3.518 0.420207 0.540051
3.519 0.420676 0.540915
3.52 0.421155 0.541773
3.521 0.421643 0.542626
3.522 0.422141 0.543474
3.523 0.422648 0.544316
3.524 0.423164 0.545153
3.525 0.423689 0.545983
3.526 0.424224 0.546808
3.527 0.424767 0.547627
3.528 0.42532 0.54844
3.529 0.425881 0.549247
3.53 0.426451 0.550047
3.531 0.42703 0.550841
3.532 0.427618 0.551629
3.533 0.428214 0.55241
3.534 0.428819 0.553185
3.535 0.429433 0.553953
3.536 0.430054 0.554713
3.537 0.430685 0.555467
3.538 0.431323 0.556214
3.539 0.43197 0.556954
3.54 0.432625 0.557687
3.541 0.433288 0.558412
3.542 0.433958 0.55913
3.543 0.434637 0.559841
3.544 0.435324 0.560543
3.545 0.436018 0.561239
3.546 0.43672 0.561926
3.547 0.43743 0.562606
3.548 0.438147 0.563278
3.549 0.438871 0.563941
3.55 0.439603 0.564597
3.551 0.440341 0.565244
3.552 0.441087 0.565884
3.553 0.441841 0.566515
3.554 0.442601 0.567137
3.555 0.443367 0.567751
3.556 0.444141 0.568357
3.557 0.444921 0.568953
3.558 0.445708 0.569541
3.559 0.446501 0.570121
3.56 0.447301 0.570691
3.561 0.448107 0.571253
3.562 0.448919 0.571805
3.563 0.449738 0.572348
3.564 0.450562 0.572883
3.565 0.451392 0.573408
3.566 0.452228 0.573923
3.567 0.453069 0.57443
3.568 0.453917 0.574927
3.569 0.454769 0.575414
3.57 0.455627 0.575892
3.571 0.45649 0.57636
3.572 0.457359 0.576819
3.573 0.458232 0.577268
3.574 0.459111 0.577707
3.575 0.459994 0.578136
3.576 0.460882 0.578556
3.577 0.461775 0.578965
3.578 0.462672 0.579365
3.579 0.463573 0.579754
3.58 0.464479 0.580133
3.581 0.465389 0.580502
3.582 0.466303 0.580861
3.583 0.467221 0.58121
3.584 0.468142 0.581548
3.585 0.469068 0.581876
3.586 0.469997 0.582194
3.587 0.47093 0.582501
3.588 0.471865 0.582797
3.589 0.472805 0.583083
3.59 0.473747 0.583359
3.591 0.474692 0.583624
3.592 0.47564 0.583878
3.593 0.476591 0.584122
3.594 0.477545 0.584355
3.595 0.478501 0.584577
3.596 0.47946 0.584789
3.597 0.480421 0.58499
3.598 0.481384 0.58518
3.599 0.482349 0.585359
3.6 0.483316 0.585527
3.601 0.484285 0.585684
3.602 0.485256 0.585831
3.603 0.486228 0.585966
3.604 0.487201 0.586091
3.605 0.488176 0.586204
3.606 0.489152 0.586307
3.607 0.49013 0.586398
3.608 0.491108 0.586479
3.609 0.492087 0.586548
3.61 0.493066 0.586607
3.611 0.494047 0.586654
3.612 0.495027 0.58669
3.613 0.496008 0.586716
3.614 0.49699 0.58673
3.615 0.497971 0.586733
3.616 0.498952 0.586725
3.617 0.499933 0.586706
3.618 0.500914 0.586676
3.619 0.501895 0.586634
3.62 0.502874 0.586582
3.621 0.503854 0.586519
3.622 0.504832 0.586444
3.623 0.505809 0.586359
3.624 0.506786 0.586262
3.625 0.507761 0.586154
3.626 0.508735 0.586036
3.627 0.509707 0.585906
3.628 0.510678 0.585765
3.629 0.511648 0.585614
3.63 0.512615 0.585451
3.631 0.513581 0.585277
3.632 0.514544 0.585093
3.633 0.515505 0.584897
3.634 0.516465 0.584691
3.635 0.517421 0.584474
3.636 0.518375 0.584245
3.637 0.519327 0.584006
3.638 0.520275 0.583757
3.639 0.521221 0.583496
3.64 0.522163 0.583225
3.641 0.523103 0.582943
3.642 0.524039 0.582651
3.643 0.524972 0.582347
3.644 0.525901 0.582034
3.645 0.526827 0.581709
3.646 0.527749 0.581374
3.647 0.528667 0.581029
3.648 0.52958 0.580673
3.649 0.53049 0.580307
3.65 0.531396 0.579931
3.651 0.532297 0.579544
3.652 0.533194 0.579147
3.653 0.534086 0.57874
3.654 0.534973 0.578322
3.655 0.535856 0.577895
3.656 0.536733 0.577457
3.657 0.537606 0.57701
3.658 0.538473 0.576552
3.659 0.539335 0.576085
3.66 0.540192 0.575608
3.661 0.541043 0.575121
3.662 0.541888 0.574624
3.663 0.542728 0.574118
3.664 0.543562 0.573602
3.665 0.544389 0.573077
3.666 0.545211 0.572542
3.667 0.546027 0.571998
3.668 0.546836 0.571445
3.669 0.547639 0.570882
3.67 0.548435 0.570311
3.671 0.549225 0.56973
3.672 0.550008 0.56914
3.673 0.550784 0.568541
3.674 0.551553 0.567933
3.675 0.552315 0.567317
3.676 0.55307 0.566692
3.677 0.553818 0.566058
3.678 0.554558 0.565416
3.679 0.555291 0.564765
3.68 0.556017 0.564106
3.681 0.556735 0.563439
3.682 0.557445 0.562763
3.683 0.558147 0.562079
3.684 0.558841 0.561388
3.685 0.559528 0.560688
3.686 0.560206 0.559981
3.687 0.560876 0.559265
3.688 0.561537 0.558543
3.689 0.562191 0.557812
3.69 0.562835 0.557074
3.691 0.563472 0.556329
3.692 0.564099 0.555576
3.693 0.564718 0.554817
3.694 0.565328 0.55405
3.695 0.565929 0.553276
3.696 0.566522 0.552495
3.697 0.567105 0.551708
3.698 0.567679 0.550914
3.699 0.568243 0.550113
3.7 0.568799 0.549306
3.701 0.569345 0.548493
3.702 0.569881 0.547673
3.703 0.570408 0.546847
3.704 0.570926 0.546015
3.705 0.571434 0.545178
3.706 0.571932 0.544334
3.707 0.57242 0.543485
3.708 0.572898 0.54263
3.709 0.573367 0.54177
3.71 0.573825 0.540904
3.711 0.574274 0.540033
3.712 0.574712 0.539157
3.713 0.57514 0.538276
3.714 0.575558 0.53739
3.715 0.575965 0.536499
3.716 0.576362 0.535604
3.717 0.576749 0.534704
3.718 0.577125 0.5338
3.719 0.57749 0.532891
3.72 0.577845 0.531978
3.721 0.57819 0.531062
3.722 0.578523 0.530141
3.723 0.578846 0.529216
3.724 0.579159 0.528288
3.725 0.57946 0.527356
3.726 0.57975 0.526421
3.727 0.58003 0.525483
3.728 0.580299 0.524541
3.729 0.580556 0.523596
3.73 0.580803 0.522649
3.731 0.581038 0.521698
3.732 0.581263 0.520745
3.733 0.581476 0.51979
3.734 0.581678 0.518832
3.735 0.581869 0.517871
3.736 0.582049 0.516909
3.737 0.582217 0.515945
3.738 0.582375 0.514978
3.739 0.58252 0.51401
3.74 0.582655 0.513041
3.741 0.582778 0.512069
3.742 0.58289 0.511097
3.743 0.582991 0.510123
3.744 0.58308 0.509148
3.745 0.583157 0.508172
3.746 0.583224 0.507196
3.747 0.583279 0.506219
3.748 0.583322 0.505241
3.749 0.583354 0.504262
3.75 0.583374 0.503284
3.751 0.583383 0.502305
3.752 0.583381 0.501326
3.753 0.583367 0.500348
3.754 0.583342 0.499369
3.755 0.583305 0.498392
3.756 0.583256 0.497414
3.757 0.583196 0.496437
3.758 0.583125 0.495461
3.759 0.583042 0.494486
3.76 0.582948 0.493512
3.761 0.582843 0.492539
3.762 0.582726 0.491568
3.763 0.582597 0.490598
3.764 0.582457 0.489629
3.765 0.582306 0.488663
3.766 0.582144 0.487698
3.767 0.58197 0.486735
3.768 0.581785 0.485774
3.769 0.581588 0.484816
3.77 0.58138 0.48386
3.771 0.581161 0.482906
3.772 0.580931 0.481955
3.773 0.58069 0.481007
3.774 0.580437 0.480062
3.775 0.580173 0.47912
3.776 0.579899 0.478181
3.777 0.579613 0.477246
3.778 0.579316 0.476314
3.779 0.579008 0.475385
3.78 0.578689 0.47446
3.781 0.57836 0.473539
3.782 0.578019 0.472622
3.783 0.577668 0.47171
3.784 0.577306 0.470801
3.785 0.576933 0.469897
3.786 0.57655 0.468997
3.787 0.576156 0.468102
3.788 0.575751 0.467211
3.789 0.575336 0.466326
3.79 0.574911 0.465445
3.791 0.574475 0.46457
3.792 0.574029 0.4637
3.793 0.573572 0.462835
3.794 0.573105 0.461976
3.795 0.572629 0.461122
3.796 0.572142 0.460274
3.797 0.571645 0.459432
3.798 0.571138 0.458596
3.799 0.570621 0.457765
3.8 0.570095 0.456942
3.801 0.569558 0.456124
3.802 0.569012 0.455313
3.803 0.568457 0.454508
3.804 0.567892 0.453711
3.805 0.567317 0.45292
3.806 0.566734 0.452135
3.807 0.56614 0.451358
3.808 0.565538 0.450588
3.809 0.564927 0.449825
3.81 0.564306 0.44907
3.811 0.563677 0.448322
3.812 0.563039 0.447582
3.813 0.562392 0.446849
3.814 0.561736 0.446124
3.815 0.561072 0.445407
3.816 0.560399 0.444698
3.817 0.559718 0.443996
3.818 0.559029 0.443304
3.819 0.558332 0.442619
3.82 0.557626 0.441943
3.821 0.556912 0.441275
3.822 0.556191 0.440616
3.823 0.555461 0.439966
3.824 0.554724 0.439324
3.825 0.55398 0.438691
3.826 0.553227 0.438067
3.827 0.552468 0.437452
3.828 0.551701 0.436847
3.829 0.550927 0.43625
3.83 0.550146 0.435663
3.831 0.549358 0.435085
3.832 0.548563 0.434517
3.833 0.547762 0.433959
3.834 0.546953 0.43341
3.835 0.546139 0.43287
3.836 0.545318 0.432341
3.837 0.54449 0.431821
3.838 0.543657 0.431312
3.839 0.542817 0.430812
3.84 0.541972 0.430322
3.841 0.541121 0.429843
3.842 0.540264 0.429374
3.843 0.539401 0.428915
3.844 0.538533 0.428467
3.845 0.53766 0.428029
3.846 0.536782 0.427602
3.847 0.535898 0.427185
3.848 0.53501 0.426779
3.849 0.534117 0.426384
3.85 0.533219 0.425999
3.851 0.532317 0.425626
3.852 0.53141 0.425263
3.853 0.530499 0.424911
3.854 0.529584 0.42457
3.855 0.528665 0.42424
3.856 0.527742 0.423921
3.857 0.526815 0.423614
3.858 0.525884 0.423317
3.859 0.52495 0.423032
3.86 0.524013 0.422758
3.861 0.523073 0.422496
3.862 0.522129 0.422245
3.863 0.521183 0.422005
3.864 0.520233 0.421777
3.865 0.519281 0.42156
3.866 0.518327 0.421354
3.867 0.51737 0.421161
3.868 0.516411 0.420978
3.869 0.515449 0.420808
3.87 0.514486 0.420649
3.871 0.513521 0.420502
3.872 0.512554 0.420366
3.873 0.511586 0.420242
3.874 0.510616 0.42013
3.875 0.509645 0.420029
3.876 0.508673 0.419941
3.877 0.5077 0.419864
3.878 0.506726 0.419799
3.879 0.505752 0.419745
3.88 0.504777 0.419704
3.881 0.503801 0.419674
3.882 0.502825 0.419656
3.883 0.501849 0.41965
3.884 0.500873 0.419656
3.885 0.499898 0.419674
3.886 0.498922 0.419703
3.887 0.497947 0.419745
3.888 0.496973 0.419798
3.889 0.495999 0.419863
3.89 0.495026 0.41994
3.891 0.494055 0.420028
3.892 0.493084 0.420129
3.893 0.492115 0.420241
3.894 0.491147 0.420365
3.895 0.490181 0.420501
3.896 0.489216 0.420649
3.897 0.488254 0.420808
3.898 0.487293 0.420979
3.899 0.486335 0.421161
3.9 0.485379 0.421356
3.901 0.484425 0.421562
3.902 0.483474 0.421779
3.903 0.482526 0.422008
3.904 0.48158 0.422249
3.905 0.480638 0.422501
3.906 0.479699 0.422765
3.907 0.478763 0.42304
3.908 0.477831 0.423326
3.909 0.476902 0.423624
3.91 0.475977 0.423933
3.911 0.475056 0.424253
3.912 0.474138 0.424585
3.913 0.473225 0.424928
3.914 0.472317 0.425281
3.915 0.471412 0.425646
3.916 0.470512 0.426022
3.917 0.469617 0.426409
3.918 0.468727 0.426807
3.919 0.467841 0.427216
3.92 0.466961 0.427636
3.921 0.466086 0.428066
3.922 0.465216 0.428507
3.923 0.464352 0.428958
3.924 0.463494 0.42942
3.925 0.462641 0.429893
3.926 0.461794 0.430376
3.927 0.460953 0.430869
3.928 0.460118 0.431373
3.929 0.45929 0.431887
3.93 0.458467 0.432411
3.931 0.457652 0.432945
3.932 0.456843 0.433488
3.933 0.45604 0.434042
3.934 0.455245 0.434606
3.935 0.454457 0.435179
3.936 0.453675 0.435762
3.937 0.452901 0.436355
3.938 0.452135 0.436957
3.939 0.451376 0.437568
3.94 0.450624 0.438188
3.941 0.44988 0.438818
3.942 0.449144 0.439457
3.943 0.448416 0.440105
3.944 0.447696 0.440762
3.945 0.446984 0.441427
3.946 0.446281 0.442102
3.947 0.445585 0.442785
3.948 0.444899 0.443476
3.949 0.444221 0.444176
3.95 0.443551 0.444884
3.951 0.442891 0.4456
3.952 0.442239 0.446325
3.953 0.441596 0.447057
3.954 0.440963 0.447797
3.955 0.440338 0.448545
3.956 0.439723 0.449301
3.957 0.439117 0.450064
3.958 0.438521 0.450834
3.959 0.437935 0.451612
3.96 0.437358 0.452397
3.961 0.43679 0.453189
3.962 0.436233 0.453988
3.963 0.435686 0.454794
3.964 0.435148 0.455607
3.965 0.434621 0.456426
3.966 0.434104 0.457251
3.967 0.433597 0.458083
3.968 0.433101 0.458921
3.969 0.432615 0.459765
3.97 0.43214 0.460615
3.971 0.431675 0.461471
3.972 0.431221 0.462333
3.973 0.430777 0.4632
3.974 0.430344 0.464072
3.975 0.429923 0.46495
3.976 0.429512 0.465833
3.977 0.429112 0.466721
3.978 0.428723 0.467614
3.979 0.428346 0.468511
3.98 0.427979 0.469413
3.981 0.427624 0.47032
3.982 0.42728 0.471231
3.983 0.426948 0.472146
3.984 0.426627 0.473065
3.985 0.426317 0.473988
3.986 0.426019 0.474915
3.987 0.425732 0.475846
3.988 0.425458 0.476779
3.989 0.425194 0.477717
3.99 0.424943 0.478657
3.991 0.424703 0.479601
3.992 0.424475 0.480547
3.993 0.424259 0.481496
3.994 0.424055 0.482448
3.995 0.423862 0.483402
3.996 0.423682 0.484358
3.997 0.423513 0.485317
3.998 0.423357 0.486278
3.999 0.423212 0.48724
4 0.423079 0.488204
