-1  0.206113
-0.999  0.206423
-0.998  0.206733
-0.997  0.207044
-0.996  0.207356
-0.995  0.207668
-0.994  0.207981
-0.993  0.208295
-0.992  0.208609
-0.991  0.208923
-0.99  0.209239
-0.989  0.209555
-0.988  0.209871
-0.987  0.210189
-0.986  0.210506
-0.985  0.210825
-0.984  0.211144
-0.983  0.211463
-0.982  0.211784
-0.981  0.212105
-0.98  0.212426
-0.979  0.212749
-0.978  0.213071
-0.977  0.213395
-0.976  0.213719
-0.975  0.214044
-0.974  0.214369
-0.973  0.214695
-0.972  0.215022
-0.971  0.215349
-0.97  0.215677
-0.969  0.216006
-0.968  0.216335
-0.967  0.216665
-0.966  0.216995
-0.965  0.217326
-0.964  0.217658
-0.963  0.217991
-0.962  0.218324
-0.961  0.218658
-0.96  0.218992
-0.959  0.219327
-0.958  0.219663
-0.957  0.22
-0.956  0.220337
-0.955  0.220674
-0.954  0.221013
-0.953  0.221352
-0.952  0.221692
-0.951  0.222032
-0.95  0.222373
-0.949  0.222715
-0.948  0.223058
-0.947  0.223401
-0.946  0.223745
-0.945  0.224089
-0.944  0.224434
-0.943  0.22478
-0.942  0.225127
-0.941  0.225474
-0.94  0.225822
-0.939  0.226171
-0.938  0.22652
-0.937  0.22687
-0.936  0.227221
-0.935  0.227572
-0.934  0.227924
-0.933  0.228277
-0.932  0.228631
-0.931  0.228985
-0.93  0.22934
-0.929  0.229696
-0.928  0.230052
-0.927  0.230409
-0.926  0.230767
-0.925  0.231125
-0.924  0.231484
-0.923  0.231844
-0.922  0.232205
-0.921  0.232566
-0.92  0.232928
-0.919  0.233291
-0.918  0.233655
-0.917  0.234019
-0.916  0.234384
-0.915  0.23475
-0.914  0.235116
-0.913  0.235483
-0.912  0.235851
-0.911  0.23622
-0.91  0.236589
-0.909  0.236959
-0.908  0.23733
-0.907  0.237702
-0.906  0.238074
-0.905  0.238447
-0.904  0.238821
-0.903  0.239195
-0.902  0.239571
-0.901  0.239947
-0.9  0.240324
-0.899  0.240701
-0.898  0.24108
-0.897  0.241459
-0.896  0.241838
-0.895  0.242219
-0.894  0.2426
-0.893  0.242983
-0.892  0.243366
-0.891  0.243749
-0.89  0.244134
-0.889  0.244519
-0.888  0.244905
-0.887  0.245292
-0.886  0.245679
-0.885  0.246068
-0.884  0.246457
-0.883  0.246847
-0.882  0.247237
-0.881  0.247629
-0.88  0.248021
-0.879  0.248414
-0.878  0.248808
-0.877  0.249203
-0.876  0.249598
-0.875  0.249994
-0.874  0.250391
-0.873  0.250789
-0.872  0.251188
-0.871  0.251587
-0.87  0.251988
-0.869  0.252389
-0.868  0.25279
-0.867  0.253193
-0.866  0.253597
-0.865  0.254001
-0.864  0.254406
-0.863  0.254812
-0.862  0.255219
-0.861  0.255626
-0.86  0.256035
-0.859  0.256444
-0.858  0.256854
-0.857  0.257265
-0.856  0.257677
-0.855  0.258089
-0.854  0.258503
-0.853  0.258917
-0.852  0.259332
-0.851  0.259748
-0.85  0.260165
-0.849  0.260582
-0.848  0.261001
-0.847  0.26142
-0.846  0.26184
-0.845  0.262261
-0.844  0.262683
-0.843  0.263106
-0.842  0.26353
-0.841  0.263954
-0.84  0.264379
-0.839  0.264806
-0.838  0.265233
-0.837  0.265661
-0.836  0.266089
-0.835  0.266519
-0.834  0.26695
-0.833  0.267381
-0.832  0.267813
-0.831  0.268246
-0.83  0.268681
-0.829  0.269115
-0.828  0.269551
-0.827  0.269988
-0.826  0.270426
-0.825  0.270864
-0.824  0.271304
-0.823  0.271744
-0.822  0.272185
-0.821  0.272627
-0.82  0.27307
-0.819  0.273514
-0.818  0.273959
-0.817  0.274405
-0.816  0.274851
-0.815  0.275299
-0.814  0.275747
-0.813  0.276197
-0.812  0.276647
-0.811  0.277098
-0.81  0.27755
-0.809  0.278003
-0.808  0.278457
-0.807  0.278912
-0.806  0.279368
-0.805  0.279825
-0.804  0.280283
-0.803  0.280741
-0.802  0.281201
-0.801  0.281662
-0.8  0.282123
-0.799  0.282585
-0.798  0.283049
-0.797  0.283513
-0.796  0.283979
-0.795  0.284445
-0.794  0.284912
-0.793  0.28538
-0.792  0.285849
-0.791  0.286319
-0.79  0.286791
-0.789  0.287263
-0.788  0.287736
-0.787  0.28821
-0.786  0.288685
-0.785  0.28916
-0.784  0.289637
-0.783  0.290115
-0.782  0.290594
-0.781  0.291074
-0.78  0.291555
-0.779  0.292037
-0.778  0.29252
-0.777  0.293003
-0.776  0.293488
-0.775  0.293974
-0.774  0.294461
-0.773  0.294949
-0.772  0.295438
-0.771  0.295928
-0.77  0.296418
-0.769  0.29691
-0.768  0.297403
-0.767  0.297897
-0.766  0.298392
-0.765  0.298888
-0.764  0.299385
-0.763  0.299883
-0.762  0.300382
-0.761  0.300882
-0.76  0.301383
-0.759  0.301885
-0.758  0.302389
-0.757  0.302893
-0.756  0.303398
-0.755  0.303905
-0.754  0.304412
-0.753  0.30492
-0.752  0.30543
-0.751  0.30594
-0.75  0.306452
-0.749  0.306965
-0.748  0.307478
-0.747  0.307993
-0.746  0.308509
-0.745  0.309026
-0.744  0.309544
-0.743  0.310063
-0.742  0.310583
-0.741  0.311104
-0.74  0.311627
-0.739  0.31215
-0.738  0.312675
-0.737  0.3132
-0.736  0.313727
-0.735  0.314255
-0.734  0.314783
-0.733  0.315313
-0.732  0.315844
-0.731  0.316377
-0.73  0.31691
-0.729  0.317444
-0.728  0.31798
-0.727  0.318516
-0.726  0.319054
-0.725  0.319593
-0.724  0.320133
-0.723  0.320674
-0.722  0.321216
-0.721  0.32176
-0.72  0.322304
-0.719  0.32285
-0.718  0.323397
-0.717  0.323944
-0.716  0.324494
-0.715  0.325044
-0.714  0.325595
-0.713  0.326148
-0.712  0.326701
-0.711  0.327256
-0.71  0.327812
-0.709  0.328369
-0.708  0.328927
-0.707  0.329487
-0.706  0.330048
-0.705  0.330609
-0.704  0.331172
-0.703  0.331736
-0.702  0.332302
-0.701  0.332868
-0.7  0.333436
-0.699  0.334005
-0.698  0.334575
-0.697  0.335146
-0.696  0.335719
-0.695  0.336292
-0.694  0.336867
-0.693  0.337443
-0.692  0.338021
-0.691  0.338599
-0.69  0.339179
-0.689  0.33976
-0.688  0.340342
-0.687  0.340925
-0.686  0.34151
-0.685  0.342096
-0.684  0.342683
-0.683  0.343271
-0.682  0.34386
-0.681  0.344451
-0.68  0.345043
-0.679  0.345636
-0.678  0.346231
-0.677  0.346827
-0.676  0.347423
-0.675  0.348022
-0.674  0.348621
-0.673  0.349222
-0.672  0.349824
-0.671  0.350427
-0.67  0.351032
-0.669  0.351638
-0.668  0.352245
-0.667  0.352853
-0.666  0.353463
-0.665  0.354074
-0.664  0.354686
-0.663  0.355299
-0.662  0.355914
-0.661  0.35653
-0.66  0.357148
-0.659  0.357766
-0.658  0.358386
-0.657  0.359008
-0.656  0.35963
-0.655  0.360254
-0.654  0.360879
-0.653  0.361506
-0.652  0.362134
-0.651  0.362763
-0.65  0.363393
-0.649  0.364025
-0.648  0.364658
-0.647  0.365293
-0.646  0.365929
-0.645  0.366566
-0.644  0.367205
-0.643  0.367844
-0.642  0.368486
-0.641  0.369128
-0.64  0.369772
-0.639  0.370418
-0.638  0.371064
-0.637  0.371712
-0.636  0.372362
-0.635  0.373013
-0.634  0.373665
-0.633  0.374318
-0.632  0.374973
-0.631  0.37563
-0.63  0.376287
-0.629  0.376946
-0.628  0.377607
-0.627  0.378269
-0.626  0.378932
-0.625  0.379597
-0.624  0.380263
-0.623  0.38093
-0.622  0.381599
-0.621  0.38227
-0.62  0.382941
-0.619  0.383615
-0.618  0.384289
-0.617  0.384965
-0.616  0.385643
-0.615  0.386322
-0.614  0.387002
-0.613  0.387684
-0.612  0.388367
-0.611  0.389052
-0.61  0.389738
-0.609  0.390425
-0.608  0.391115
-0.607  0.391805
-0.606  0.392497
-0.605  0.39319
-0.604  0.393885
-0.603  0.394582
-0.602  0.39528
-0.601  0.395979
-0.6  0.39668
-0.599  0.397382
-0.598  0.398086
-0.597  0.398791
-0.596  0.399498
-0.595  0.400207
-0.594  0.400916
-0.593  0.401628
-0.592  0.402341
-0.591  0.403055
-0.59  0.403771
-0.589  0.404488
-0.588  0.405207
-0.587  0.405928
-0.586  0.40665
-0.585  0.407373
-0.584  0.408098
-0.583  0.408825
-0.582  0.409553
-0.581  0.410283
-0.58  0.411014
-0.579  0.411747
-0.578  0.412481
-0.577  0.413217
-0.576  0.413955
-0.575  0.414694
-0.574  0.415434
-0.573  0.416177
-0.572  0.416921
-0.571  0.417666
-0.57  0.418413
-0.569  0.419161
-0.568  0.419912
-0.567  0.420663
-0.566  0.421417
-0.565  0.422172
-0.564  0.422928
-0.563  0.423687
-0.562  0.424447
-0.561  0.425208
-0.56  0.425971
-0.559  0.426736
-0.558  0.427502
-0.557  0.42827
-0.556  0.42904
-0.555  0.429811
-0.554  0.430584
-0.553  0.431358
-0.552  0.432135
-0.551  0.432912
-0.55  0.433692
-0.549  0.434473
-0.548  0.435256
-0.547  0.436041
-0.546  0.436827
-0.545  0.437615
-0.544  0.438404
-0.543  0.439196
-0.542  0.439988
-0.541  0.440783
-0.54  0.441579
-0.539  0.442378
-0.538  0.443177
-0.537  0.443979
-0.536  0.444782
-0.535  0.445587
-0.534  0.446393
-0.533  0.447202
-0.532  0.448012
-0.531  0.448824
-0.53  0.449637
-0.529  0.450452
-0.528  0.451269
-0.527  0.452088
-0.526  0.452909
-0.525  0.453731
-0.524  0.454555
-0.523  0.455381
-0.522  0.456209
-0.521  0.457038
-0.52  0.457869
-0.519  0.458702
-0.518  0.459537
-0.517  0.460373
-0.516  0.461211
-0.515  0.462051
-0.514  0.462893
-0.513  0.463737
-0.512  0.464582
-0.511  0.46543
-0.51  0.466279
-0.509  0.46713
-0.508  0.467982
-0.507  0.468837
-0.506  0.469693
-0.505  0.470552
-0.504  0.471412
-0.503  0.472274
-0.502  0.473137
-0.501  0.474003
-0.5  0.474871
-0.499  0.47574
-0.498  0.476611
-0.497  0.477484
-0.496  0.478359
-0.495  0.479236
-0.494  0.480115
-0.493  0.480995
-0.492  0.481878
-0.491  0.482762
-0.49  0.483648
-0.489  0.484537
-0.488  0.485427
-0.487  0.486319
-0.486  0.487212
-0.485  0.488108
-0.484  0.489006
-0.483  0.489906
-0.482  0.490807
-0.481  0.491711
-0.48  0.492616
-0.479  0.493524
-0.478  0.494433
-0.477  0.495344
-0.476  0.496258
-0.475  0.497173
-0.474  0.49809
-0.473  0.499009
-0.472  0.499931
-0.471  0.500854
-0.47  0.501779
-0.469  0.502706
-0.468  0.503635
-0.467  0.504566
-0.466  0.505499
-0.465  0.506434
-0.464  0.507371
-0.463  0.50831
-0.462  0.509252
-0.461  0.510195
-0.46  0.51114
-0.459  0.512087
-0.458  0.513036
-0.457  0.513988
-0.456  0.514941
-0.455  0.515896
-0.454  0.516854
-0.453  0.517813
-0.452  0.518775
-0.451  0.519739
-0.45  0.520704
-0.449  0.521672
-0.448  0.522642
-0.447  0.523614
-0.446  0.524588
-0.445  0.525564
-0.444  0.526542
-0.443  0.527523
-0.442  0.528505
-0.441  0.529489
-0.44  0.530476
-0.439  0.531465
-0.438  0.532456
-0.437  0.533449
-0.436  0.534444
-0.435  0.535441
-0.434  0.536441
-0.433  0.537442
-0.432  0.538446
-0.431  0.539452
-0.43  0.54046
-0.429  0.541471
-0.428  0.542483
-0.427  0.543498
-0.426  0.544514
-0.425  0.545533
-0.424  0.546555
-0.423  0.547578
-0.422  0.548604
-0.421  0.549631
-0.42  0.550661
-0.419  0.551693
-0.418  0.552728
-0.417  0.553765
-0.416  0.554803
-0.415  0.555845
-0.414  0.556888
-0.413  0.557934
-0.412  0.558981
-0.411  0.560032
-0.41  0.561084
-0.409  0.562139
-0.408  0.563195
-0.407  0.564255
-0.406  0.565316
-0.405  0.56638
-0.404  0.567446
-0.403  0.568514
-0.402  0.569585
-0.401  0.570658
-0.4  0.571733
-0.399  0.57281
-0.398  0.57389
-0.397  0.574973
-0.396  0.576057
-0.395  0.577144
-0.394  0.578233
-0.393  0.579325
-0.392  0.580418
-0.391  0.581515
-0.39  0.582613
-0.389  0.583714
-0.388  0.584818
-0.387  0.585923
-0.386  0.587031
-0.385  0.588142
-0.384  0.589255
-0.383  0.59037
-0.382  0.591488
-0.381  0.592608
-0.38  0.59373
-0.379  0.594855
-0.378  0.595982
-0.377  0.597112
-0.376  0.598244
-0.375  0.599379
-0.374  0.600516
-0.373  0.601655
-0.372  0.602797
-0.371  0.603942
-0.37  0.605088
-0.369  0.606238
-0.368  0.607389
-0.367  0.608544
-0.366  0.6097
-0.365  0.61086
-0.364  0.612021
-0.363  0.613186
-0.362  0.614352
-0.361  0.615522
-0.36  0.616693
-0.359  0.617868
-0.358  0.619044
-0.357  0.620224
-0.356  0.621406
-0.355  0.62259
-0.354  0.623777
-0.353  0.624966
-0.352  0.626158
-0.351  0.627353
-0.35  0.62855
-0.349  0.62975
-0.348  0.630952
-0.347  0.632157
-0.346  0.633365
-0.345  0.634575
-0.344  0.635788
-0.343  0.637003
-0.342  0.638221
-0.341  0.639441
-0.34  0.640665
-0.339  0.64189
-0.338  0.643119
-0.337  0.64435
-0.336  0.645584
-0.335  0.64682
-0.334  0.648059
-0.333  0.649301
-0.332  0.650545
-0.331  0.651792
-0.33  0.653042
-0.329  0.654294
-0.328  0.655549
-0.327  0.656807
-0.326  0.658067
-0.325  0.659331
-0.324  0.660596
-0.323  0.661865
-0.322  0.663136
-0.321  0.66441
-0.32  0.665687
-0.319  0.666967
-0.318  0.668249
-0.317  0.669534
-0.316  0.670822
-0.315  0.672112
-0.314  0.673406
-0.313  0.674702
-0.312  0.676001
-0.311  0.677302
-0.31  0.678607
-0.309  0.679914
-0.308  0.681224
-0.307  0.682537
-0.306  0.683853
-0.305  0.685171
-0.304  0.686492
-0.303  0.687817
-0.302  0.689144
-0.301  0.690473
-0.3  0.691806
-0.299  0.693142
-0.298  0.69448
-0.297  0.695821
-0.296  0.697166
-0.295  0.698513
-0.294  0.699862
-0.293  0.701215
-0.292  0.702571
-0.291  0.70393
-0.29  0.705291
-0.289  0.706656
-0.288  0.708023
-0.287  0.709393
-0.286  0.710766
-0.285  0.712143
-0.284  0.713522
-0.283  0.714904
-0.282  0.716289
-0.281  0.717677
-0.28  0.719068
-0.279  0.720462
-0.278  0.721859
-0.277  0.723258
-0.276  0.724661
-0.275  0.726067
-0.274  0.727476
-0.273  0.728888
-0.272  0.730303
-0.271  0.731721
-0.27  0.733142
-0.269  0.734566
-0.268  0.735993
-0.267  0.737423
-0.266  0.738856
-0.265  0.740293
-0.264  0.741732
-0.263  0.743174
-0.262  0.74462
-0.261  0.746068
-0.26  0.74752
-0.259  0.748975
-0.258  0.750432
-0.257  0.751893
-0.256  0.753357
-0.255  0.754825
-0.254  0.756295
-0.253  0.757768
-0.252  0.759245
-0.251  0.760725
-0.25  0.762208
-0.249  0.763694
-0.248  0.765183
-0.247  0.766675
-0.246  0.768171
-0.245  0.76967
-0.244  0.771172
-0.243  0.772677
-0.242  0.774185
-0.241  0.775697
-0.24  0.777212
-0.239  0.77873
-0.238  0.780251
-0.237  0.781776
-0.236  0.783303
-0.235  0.784834
-0.234  0.786369
-0.233  0.787906
-0.232  0.789447
-0.231  0.790991
-0.23  0.792539
-0.229  0.794089
-0.228  0.795643
-0.227  0.7972
-0.226  0.798761
-0.225  0.800325
-0.224  0.801892
-0.223  0.803463
-0.222  0.805037
-0.221  0.806614
-0.22  0.808194
-0.219  0.809778
-0.218  0.811366
-0.217  0.812956
-0.216  0.81455
-0.215  0.816148
-0.214  0.817749
-0.213  0.819353
-0.212  0.82096
-0.211  0.822571
-0.21  0.824186
-0.209  0.825804
-0.208  0.827425
-0.207  0.82905
-0.206  0.830678
-0.205  0.83231
-0.204  0.833945
-0.203  0.835583
-0.202  0.837225
-0.201  0.838871
-0.2  0.84052
-0.199  0.842172
-0.198  0.843828
-0.197  0.845488
-0.196  0.847151
-0.195  0.848817
-0.194  0.850487
-0.193  0.852161
-0.192  0.853838
-0.191  0.855518
-0.19  0.857203
-0.189  0.85889
-0.188  0.860582
-0.187  0.862276
-0.186  0.863975
-0.185  0.865677
-0.184  0.867383
-0.183  0.869092
-0.182  0.870805
-0.181  0.872521
-0.18  0.874241
-0.179  0.875965
-0.178  0.877692
-0.177  0.879423
-0.176  0.881158
-0.175  0.882896
-0.174  0.884638
-0.173  0.886384
-0.172  0.888133
-0.171  0.889886
-0.17  0.891643
-0.169  0.893403
-0.168  0.895167
-0.167  0.896935
-0.166  0.898706
-0.165  0.900482
-0.164  0.902261
-0.163  0.904043
-0.162  0.90583
-0.161  0.90762
-0.16  0.909414
-0.159  0.911212
-0.158  0.913013
-0.157  0.914819
-0.156  0.916628
-0.155  0.91844
-0.154  0.920257
-0.153  0.922078
-0.152  0.923902
-0.151  0.92573
-0.15  0.927562
-0.149  0.929398
-0.148  0.931237
-0.147  0.933081
-0.146  0.934928
-0.145  0.93678
-0.144  0.938635
-0.143  0.940494
-0.142  0.942357
-0.141  0.944223
-0.14  0.946094
-0.139  0.947969
-0.138  0.949847
-0.137  0.95173
-0.136  0.953616
-0.135  0.955506
-0.134  0.957401
-0.133  0.959299
-0.132  0.961201
-0.131  0.963107
-0.13  0.965017
-0.129  0.966931
-0.128  0.968849
-0.127  0.970771
-0.126  0.972698
-0.125  0.974628
-0.124  0.976562
-0.123  0.9785
-0.122  0.980442
-0.121  0.982388
-0.12  0.984339
-0.119  0.986293
-0.118  0.988251
-0.117  0.990214
-0.116  0.992181
-0.115  0.994151
-0.114  0.996126
-0.113  0.998105
-0.112  1.00009
-0.111  1.00207
-0.11  1.00407
-0.109  1.00606
-0.108  1.00806
-0.107  1.01006
-0.106  1.01207
-0.105  1.01408
-0.104  1.0161
-0.103  1.01812
-0.102  1.02014
-0.101  1.02217
-0.1  1.02421
-0.099  1.02624
-0.098  1.02828
-0.097  1.03033
-0.096  1.03238
-0.095  1.03443
-0.094  1.03649
-0.093  1.03855
-0.092  1.04062
-0.091  1.04269
-0.09  1.04477
-0.089  1.04685
-0.088  1.04893
-0.087  1.05102
-0.086  1.05311
-0.085  1.05521
-0.084  1.05731
-0.083  1.05941
-0.082  1.06152
-0.081  1.06364
-0.08  1.06576
-0.079  1.06788
-0.078  1.07001
-0.077  1.07214
-0.076  1.07427
-0.075  1.07641
-0.074  1.07856
-0.073  1.08071
-0.072  1.08286
-0.071  1.08502
-0.07  1.08718
-0.069  1.08935
-0.068  1.09152
-0.067  1.0937
-0.066  1.09588
-0.065  1.09806
-0.064  1.10025
-0.063  1.10244
-0.062  1.10464
-0.061  1.10684
-0.06  1.10905
-0.059  1.11126
-0.058  1.11348
-0.057  1.1157
-0.056  1.11792
-0.055  1.12015
-0.054  1.12239
-0.053  1.12463
-0.052  1.12687
-0.051  1.12912
-0.05  1.13137
-0.049  1.13363
-0.048  1.13589
-0.047  1.13815
-0.046  1.14042
-0.045  1.1427
-0.044  1.14498
-0.043  1.14726
-0.042  1.14955
-0.041  1.15185
-0.04  1.15415
-0.039  1.15645
-0.038  1.15876
-0.037  1.16107
-0.036  1.16339
-0.035  1.16571
-0.034  1.16804
-0.033  1.17037
-0.032  1.1727
-0.031  1.17505
-0.03  1.17739
-0.029  1.17974
-0.028  1.1821
-0.027  1.18446
-0.026  1.18682
-0.025  1.18919
-0.024  1.19156
-0.023  1.19394
-0.022  1.19633
-0.021  1.19872
-0.02  1.20111
-0.019  1.20351
-0.018  1.20591
-0.017  1.20832
-0.016  1.21073
-0.015  1.21315
-0.014  1.21557
-0.013  1.218
-0.012  1.22043
-0.011  1.22287
-0.01  1.22531
-0.009  1.22776
-0.008  1.23021
-0.007  1.23267
-0.006  1.23513
-0.005  1.23759
-0.004  1.24006
-0.003  1.24254
-0.002  1.24502
-0.001  1.24751
8.8124e-16  1.25
0.001  1.2525
0.002  1.255
0.003  1.2575
0.004  1.26001
0.005  1.26253
0.006  1.26505
0.007  1.26758
0.008  1.27011
0.009  1.27265
0.01  1.27519
0.011  1.27773
0.012  1.28029
0.013  1.28284
0.014  1.2854
0.015  1.28797
0.016  1.29054
0.017  1.29312
0.018  1.2957
0.019  1.29829
0.02  1.30088
0.021  1.30348
0.022  1.30608
0.023  1.30869
0.024  1.3113
0.025  1.31392
0.026  1.31654
0.027  1.31917
0.028  1.3218
0.029  1.32444
0.03  1.32709
0.031  1.32974
0.032  1.33239
0.033  1.33505
0.034  1.33771
0.035  1.34038
0.036  1.34306
0.037  1.34574
0.038  1.34843
0.039  1.35112
0.04  1.35381
0.041  1.35651
0.042  1.35922
0.043  1.36193
0.044  1.36465
0.045  1.36737
0.046  1.3701
0.047  1.37284
0.048  1.37557
0.049  1.37832
0.05  1.38107
0.051  1.38382
0.052  1.38658
0.053  1.38935
0.054  1.39212
0.055  1.3949
0.056  1.39768
0.057  1.40047
0.058  1.40326
0.059  1.40606
0.06  1.40886
0.061  1.41167
0.062  1.41448
0.063  1.4173
0.064  1.42013
0.065  1.42296
0.066  1.4258
0.067  1.42864
0.068  1.43148
0.069  1.43434
0.07  1.4372
0.071  1.44006
0.072  1.44293
0.073  1.4458
0.074  1.44868
0.075  1.45157
0.076  1.45446
0.077  1.45736
0.078  1.46026
0.079  1.46317
0.08  1.46608
0.081  1.469
0.082  1.47193
0.083  1.47486
0.084  1.47779
0.085  1.48074
0.086  1.48368
0.087  1.48664
0.088  1.4896
0.089  1.49256
0.09  1.49553
0.091  1.49851
0.092  1.50149
0.093  1.50447
0.094  1.50747
0.095  1.51046
0.096  1.51347
0.097  1.51648
0.098  1.51949
0.099  1.52252
0.1  1.52554
0.101  1.52858
0.102  1.53161
0.103  1.53466
0.104  1.53771
0.105  1.54076
0.106  1.54383
0.107  1.54689
0.108  1.54997
0.109  1.55305
0.11  1.55613
0.111  1.55922
0.112  1.56232
0.113  1.56542
0.114  1.56853
0.115  1.57164
0.116  1.57476
0.117  1.57789
0.118  1.58102
0.119  1.58416
0.12  1.5873
0.121  1.59045
0.122  1.5936
0.123  1.59676
0.124  1.59993
0.125  1.6031
0.126  1.60628
0.127  1.60947
0.128  1.61266
0.129  1.61585
0.13  1.61906
0.131  1.62226
0.132  1.62548
0.133  1.6287
0.134  1.63192
0.135  1.63516
0.136  1.6384
0.137  1.64164
0.138  1.64489
0.139  1.64815
0.14  1.65141
0.141  1.65468
0.142  1.65795
0.143  1.66123
0.144  1.66452
0.145  1.66781
0.146  1.67111
0.147  1.67441
0.148  1.67772
0.149  1.68104
0.15  1.68436
0.151  1.68769
0.152  1.69103
0.153  1.69437
0.154  1.69772
0.155  1.70107
0.156  1.70443
0.157  1.70779
0.158  1.71117
0.159  1.71454
0.16  1.71793
0.161  1.72132
0.162  1.72472
0.163  1.72812
0.164  1.73153
0.165  1.73494
0.166  1.73836
0.167  1.74179
0.168  1.74522
0.169  1.74866
0.17  1.75211
0.171  1.75556
0.172  1.75902
0.173  1.76248
0.174  1.76596
0.175  1.76943
0.176  1.77292
0.177  1.77641
0.178  1.7799
0.179  1.7834
0.18  1.78691
0.181  1.79043
0.182  1.79395
0.183  1.79748
0.184  1.80101
0.185  1.80455
0.186  1.8081
0.187  1.81165
0.188  1.81521
0.189  1.81877
0.19  1.82235
0.191  1.82592
0.192  1.82951
0.193  1.8331
0.194  1.8367
0.195  1.8403
0.196  1.84391
0.197  1.84753
0.198  1.85115
0.199  1.85478
0.2  1.85841
0.201  1.86205
0.202  1.8657
0.203  1.86936
0.204  1.87302
0.205  1.87669
0.206  1.88036
0.207  1.88404
0.208  1.88773
0.209  1.89142
0.21  1.89512
0.211  1.89883
0.212  1.90254
0.213  1.90626
0.214  1.90998
0.215  1.91372
0.216  1.91746
0.217  1.9212
0.218  1.92495
0.219  1.92871
0.22  1.93247
0.221  1.93625
0.222  1.94002
0.223  1.94381
0.224  1.9476
0.225  1.9514
0.226  1.9552
0.227  1.95901
0.228  1.96283
0.229  1.96665
0.23  1.97048
0.231  1.97432
0.232  1.97816
0.233  1.98201
0.234  1.98587
0.235  1.98973
0.236  1.9936
0.237  1.99748
0.238  2.00136
0.239  2.00525
0.24  2.00914
0.241  2.01305
0.242  2.01696
0.243  2.02087
0.244  2.02479
0.245  2.02872
0.246  2.03266
0.247  2.0366
0.248  2.04055
0.249  2.04451
0.25  2.04847
0.251  2.05244
0.252  2.05641
0.253  2.0604
0.254  2.06438
0.255  2.06838
0.256  2.07238
0.257  2.07639
0.258  2.08041
0.259  2.08443
0.26  2.08846
0.261  2.09249
0.262  2.09654
0.263  2.10059
0.264  2.10464
0.265  2.1087
0.266  2.11277
0.267  2.11685
0.268  2.12093
0.269  2.12502
0.27  2.12912
0.271  2.13322
0.272  2.13733
0.273  2.14145
0.274  2.14557
0.275  2.1497
0.276  2.15384
0.277  2.15798
0.278  2.16213
0.279  2.16629
0.28  2.17045
0.281  2.17462
0.282  2.1788
0.283  2.18299
0.284  2.18718
0.285  2.19138
0.286  2.19558
0.287  2.19979
0.288  2.20401
0.289  2.20823
0.29  2.21247
0.291  2.21671
0.292  2.22095
0.293  2.2252
0.294  2.22946
0.295  2.23373
0.296  2.238
0.297  2.24228
0.298  2.24657
0.299  2.25086
0.3  2.25516
0.301  2.25947
0.302  2.26378
0.303  2.2681
0.304  2.27243
0.305  2.27676
0.306  2.2811
0.307  2.28545
0.308  2.28981
0.309  2.29417
0.31  2.29854
0.311  2.30291
0.312  2.30729
0.313  2.31168
0.314  2.31608
0.315  2.32048
0.316  2.32489
0.317  2.32931
0.318  2.33373
0.319  2.33816
0.32  2.3426
0.321  2.34704
0.322  2.35149
0.323  2.35595
0.324  2.36041
0.325  2.36489
0.326  2.36936
0.327  2.37385
0.328  2.37834
0.329  2.38284
0.33  2.38735
0.331  2.39186
0.332  2.39638
0.333  2.4009
0.334  2.40544
0.335  2.40998
0.336  2.41452
0.337  2.41908
0.338  2.42364
0.339  2.42821
0.34  2.43278
0.341  2.43736
0.342  2.44195
0.343  2.44655
0.344  2.45115
0.345  2.45576
0.346  2.46037
0.347  2.465
0.348  2.46963
0.349  2.47426
0.35  2.47891
0.351  2.48356
0.352  2.48822
0.353  2.49288
0.354  2.49755
0.355  2.50223
0.356  2.50691
0.357  2.51161
0.358  2.5163
0.359  2.52101
0.36  2.52572
0.361  2.53044
0.362  2.53517
0.363  2.5399
0.364  2.54464
0.365  2.54939
0.366  2.55414
0.367  2.5589
0.368  2.56367
0.369  2.56844
0.37  2.57323
0.371  2.57801
0.372  2.58281
0.373  2.58761
0.374  2.59242
0.375  2.59724
0.376  2.60206
0.377  2.60689
0.378  2.61172
0.379  2.61657
0.38  2.62142
0.381  2.62627
0.382  2.63114
0.383  2.63601
0.384  2.64089
0.385  2.64577
0.386  2.65066
0.387  2.65556
0.388  2.66046
0.389  2.66538
0.39  2.67029
0.391  2.67522
0.392  2.68015
0.393  2.68509
0.394  2.69004
0.395  2.69499
0.396  2.69995
0.397  2.70492
0.398  2.70989
0.399  2.71487
0.4  2.71986
0.401  2.72485
0.402  2.72985
0.403  2.73486
0.404  2.73987
0.405  2.74489
0.406  2.74992
0.407  2.75496
0.408  2.76
0.409  2.76504
0.41  2.7701
0.411  2.77516
0.412  2.78023
0.413  2.7853
0.414  2.79039
0.415  2.79548
0.416  2.80057
0.417  2.80567
0.418  2.81078
0.419  2.8159
0.42  2.82102
0.421  2.82615
0.422  2.83129
0.423  2.83643
0.424  2.84158
0.425  2.84673
0.426  2.8519
0.427  2.85707
0.428  2.86224
0.429  2.86742
0.43  2.87261
0.431  2.87781
0.432  2.88301
0.433  2.88822
0.434  2.89344
0.435  2.89866
0.436  2.90389
0.437  2.90913
0.438  2.91437
0.439  2.91962
0.44  2.92488
0.441  2.93014
0.442  2.93541
0.443  2.94068
0.444  2.94597
0.445  2.95126
0.446  2.95655
0.447  2.96185
0.448  2.96716
0.449  2.97248
0.45  2.9778
0.451  2.98313
0.452  2.98846
0.453  2.99381
0.454  2.99915
0.455  3.00451
0.456  3.00987
0.457  3.01524
0.458  3.02061
0.459  3.02599
0.46  3.03138
0.461  3.03678
0.462  3.04218
0.463  3.04758
0.464  3.053
0.465  3.05842
0.466  3.06384
0.467  3.06927
0.468  3.07471
0.469  3.08016
0.47  3.08561
0.471  3.09107
0.472  3.09653
0.473  3.102
0.474  3.10748
0.475  3.11297
0.476  3.11846
0.477  3.12395
0.478  3.12946
0.479  3.13496
0.48  3.14048
0.481  3.146
0.482  3.15153
0.483  3.15706
0.484  3.1626
0.485  3.16815
0.486  3.1737
0.487  3.17926
0.488  3.18483
0.489  3.1904
0.49  3.19598
0.491  3.20156
0.492  3.20715
0.493  3.21275
0.494  3.21835
0.495  3.22396
0.496  3.22958
0.497  3.2352
0.498  3.24083
0.499  3.24646
0.5  3.2521
0.501  3.25775
0.502  3.2634
0.503  3.26906
0.504  3.27472
0.505  3.28039
0.506  3.28607
0.507  3.29175
0.508  3.29744
0.509  3.30313
0.51  3.30883
0.511  3.31454
0.512  3.32025
0.513  3.32597
0.514  3.33169
0.515  3.33742
0.516  3.34316
0.517  3.3489
0.518  3.35465
0.519  3.3604
0.52  3.36616
0.521  3.37193
0.522  3.3777
0.523  3.38347
0.524  3.38926
0.525  3.39504
0.526  3.40084
0.527  3.40664
0.528  3.41245
0.529  3.41826
0.53  3.42407
0.531  3.4299
0.532  3.43573
0.533  3.44156
0.534  3.4474
0.535  3.45325
0.536  3.4591
0.537  3.46495
0.538  3.47082
0.539  3.47668
0.54  3.48256
0.541  3.48844
0.542  3.49432
0.543  3.50021
0.544  3.50611
0.545  3.51201
0.546  3.51792
0.547  3.52383
0.548  3.52975
0.549  3.53567
0.55  3.5416
0.551  3.54753
0.552  3.55347
0.553  3.55942
0.554  3.56537
0.555  3.57132
0.556  3.57728
0.557  3.58325
0.558  3.58922
0.559  3.59519
0.56  3.60118
0.561  3.60716
0.562  3.61316
0.563  3.61915
0.564  3.62515
0.565  3.63116
0.566  3.63718
0.567  3.64319
0.568  3.64922
0.569  3.65524
0.57  3.66128
0.571  3.66731
0.572  3.67336
0.573  3.67941
0.574  3.68546
0.575  3.69152
0.576  3.69758
0.577  3.70365
0.578  3.70972
0.579  3.7158
0.58  3.72188
0.581  3.72797
0.582  3.73406
0.583  3.74016
0.584  3.74626
0.585  3.75237
0.586  3.75848
0.587  3.76459
0.588  3.77071
0.589  3.77684
0.59  3.78297
0.591  3.7891
0.592  3.79524
0.593  3.80139
0.594  3.80754
0.595  3.81369
0.596  3.81985
0.597  3.82601
0.598  3.83217
0.599  3.83834
0.6  3.84452
0.601  3.8507
0.602  3.85688
0.603  3.86307
0.604  3.86927
0.605  3.87546
0.606  3.88166
0.607  3.88787
0.608  3.89408
0.609  3.90029
0.61  3.90651
0.611  3.91273
0.612  3.91896
0.613  3.92519
0.614  3.93143
0.615  3.93767
0.616  3.94391
0.617  3.95016
0.618  3.95641
0.619  3.96266
0.62  3.96892
0.621  3.97518
0.622  3.98145
0.623  3.98772
0.624  3.994
0.625  4.00028
0.626  4.00656
0.627  4.01284
0.628  4.01913
0.629  4.02543
0.63  4.03172
0.631  4.03802
0.632  4.04433
0.633  4.05064
0.634  4.05695
0.635  4.06326
0.636  4.06958
0.637  4.07591
0.638  4.08223
0.639  4.08856
0.64  4.09489
0.641  4.10123
0.642  4.10757
0.643  4.11391
0.644  4.12026
0.645  4.12661
0.646  4.13296
0.647  4.13932
0.648  4.14568
0.649  4.15204
0.65  4.1584
0.651  4.16477
0.652  4.17114
0.653  4.17752
0.654  4.1839
0.655  4.19028
0.656  4.19666
0.657  4.20305
0.658  4.20944
0.659  4.21583
0.66  4.22222
0.661  4.22862
0.662  4.23502
0.663  4.24143
0.664  4.24783
0.665  4.25424
0.666  4.26065
0.667  4.26707
0.668  4.27349
0.669  4.27991
0.67  4.28633
0.671  4.29275
0.672  4.29918
0.673  4.30561
0.674  4.31204
0.675  4.31848
0.676  4.32491
0.677  4.33135
0.678  4.33779
0.679  4.34424
0.68  4.35068
0.681  4.35713
0.682  4.36358
0.683  4.37003
0.684  4.37649
0.685  4.38294
0.686  4.3894
0.687  4.39586
0.688  4.40232
0.689  4.40879
0.69  4.41525
0.691  4.42172
0.692  4.42819
0.693  4.43466
0.694  4.44113
0.695  4.44761
0.696  4.45409
0.697  4.46056
0.698  4.46704
0.699  4.47353
0.7  4.48001
0.701  4.48649
0.702  4.49298
0.703  4.49947
0.704  4.50595
0.705  4.51244
0.706  4.51894
0.707  4.52543
0.708  4.53192
0.709  4.53842
0.71  4.54491
0.711  4.55141
0.712  4.55791
0.713  4.56441
0.714  4.57091
0.715  4.57741
0.716  4.58391
0.717  4.59041
0.718  4.59692
0.719  4.60342
0.72  4.60993
0.721  4.61644
0.722  4.62294
0.723  4.62945
0.724  4.63596
0.725  4.64247
0.726  4.64898
0.727  4.65549
0.728  4.662
0.729  4.66851
0.73  4.67502
0.731  4.68153
0.732  4.68804
0.733  4.69455
0.734  4.70107
0.735  4.70758
0.736  4.71409
0.737  4.7206
0.738  4.72712
0.739  4.73363
0.74  4.74014
0.741  4.74666
0.742  4.75317
0.743  4.75968
0.744  4.76619
0.745  4.77271
0.746  4.77922
0.747  4.78573
0.748  4.79224
0.749  4.79875
0.75  4.80526
0.751  4.81177
0.752  4.81828
0.753  4.82479
0.754  4.8313
0.755  4.8378
0.756  4.84431
0.757  4.85082
0.758  4.85732
0.759  4.86383
0.76  4.87033
0.761  4.87683
0.762  4.88333
0.763  4.88983
0.764  4.89633
0.765  4.90283
0.766  4.90933
0.767  4.91583
0.768  4.92232
0.769  4.92881
0.77  4.93531
0.771  4.9418
0.772  4.94829
0.773  4.95477
0.774  4.96126
0.775  4.96774
0.776  4.97423
0.777  4.98071
0.778  4.98719
0.779  4.99367
0.78  5.00014
0.781  5.00662
0.782  5.01309
0.783  5.01956
0.784  5.02603
0.785  5.0325
0.786  5.03896
0.787  5.04542
0.788  5.05188
0.789  5.05834
0.79  5.0648
0.791  5.07125
0.792  5.0777
0.793  5.08415
0.794  5.0906
0.795  5.09704
0.796  5.10348
0.797  5.10992
0.798  5.11635
0.799  5.12279
0.8  5.12922
0.801  5.13565
0.802  5.14207
0.803  5.14849
0.804  5.15491
0.805  5.16133
0.806  5.16774
0.807  5.17415
0.808  5.18055
0.809  5.18696
0.81  5.19336
0.811  5.19975
0.812  5.20615
0.813  5.21254
0.814  5.21892
0.815  5.22531
0.816  5.23168
0.817  5.23806
0.818  5.24443
0.819  5.2508
0.82  5.25716
0.821  5.26352
0.822  5.26988
0.823  5.27623
0.824  5.28258
0.825  5.28893
0.826  5.29527
0.827  5.3016
0.828  5.30793
0.829  5.31426
0.83  5.32059
0.831  5.32691
0.832  5.33322
0.833  5.33953
0.834  5.34584
0.835  5.35214
0.836  5.35843
0.837  5.36472
0.838  5.37101
0.839  5.37729
0.84  5.38357
0.841  5.38984
0.842  5.39611
0.843  5.40237
0.844  5.40863
0.845  5.41488
0.846  5.42113
0.847  5.42737
0.848  5.43361
0.849  5.43984
0.85  5.44606
0.851  5.45228
0.852  5.4585
0.853  5.46471
0.854  5.47091
0.855  5.47711
0.856  5.4833
0.857  5.48949
0.858  5.49567
0.859  5.50184
0.86  5.50801
0.861  5.51417
0.862  5.52033
0.863  5.52648
0.864  5.53262
0.865  5.53876
0.866  5.54489
0.867  5.55102
0.868  5.55713
0.869  5.56325
0.87  5.56935
0.871  5.57545
0.872  5.58154
0.873  5.58763
0.874  5.59371
0.875  5.59978
0.876  5.60584
0.877  5.6119
0.878  5.61795
0.879  5.62399
0.88  5.63003
0.881  5.63606
0.882  5.64208
0.883  5.6481
0.884  5.6541
0.885  5.6601
0.886  5.66609
0.887  5.67208
0.888  5.67806
0.889  5.68403
0.89  5.68999
0.891  5.69594
0.892  5.70189
0.893  5.70783
0.894  5.71376
0.895  5.71968
0.896  5.72559
0.897  5.7315
0.898  5.73739
0.899  5.74328
0.9  5.74916
0.901  5.75504
0.902  5.7609
0.903  5.76676
0.904  5.7726
0.905  5.77844
0.906  5.78427
0.907  5.79009
0.908  5.7959
0.909  5.8017
0.91  5.8075
0.911  5.81328
0.912  5.81906
0.913  5.82483
0.914  5.83058
0.915  5.83633
0.916  5.84207
0.917  5.8478
0.918  5.85352
0.919  5.85923
0.92  5.86493
0.921  5.87062
0.922  5.8763
0.923  5.88197
0.924  5.88763
0.925  5.89329
0.926  5.89893
0.927  5.90456
0.928  5.91018
0.929  5.91579
0.93  5.92139
0.931  5.92698
0.932  5.93256
0.933  5.93813
0.934  5.94369
0.935  5.94924
0.936  5.95478
0.937  5.96031
0.938  5.96582
0.939  5.97133
0.94  5.97683
0.941  5.98231
0.942  5.98778
0.943  5.99325
0.944  5.9987
0.945  6.00414
0.946  6.00957
0.947  6.01498
0.948  6.02039
0.949  6.02578
0.95  6.03117
0.951  6.03654
0.952  6.0419
0.953  6.04724
0.954  6.05258
0.955  6.05791
0.956  6.06322
0.957  6.06852
0.958  6.07381
0.959  6.07908
0.96  6.08435
0.961  6.0896
0.962  6.09484
0.963  6.10007
0.964  6.10528
0.965  6.11048
0.966  6.11567
0.967  6.12085
0.968  6.12601
0.969  6.13117
0.97  6.1363
0.971  6.14143
0.972  6.14654
0.973  6.15164
0.974  6.15673
0.975  6.1618
0.976  6.16686
0.977  6.17191
0.978  6.17694
0.979  6.18197
0.98  6.18697
0.981  6.19197
0.982  6.19695
0.983  6.20191
0.984  6.20686
0.985  6.2118
0.986  6.21673
0.987  6.22164
0.988  6.22653
0.989  6.23142
0.99  6.23629
0.991  6.24114
0.992  6.24598
0.993  6.25081
0.994  6.25562
0.995  6.26041
0.996  6.2652
0.997  6.26996
0.998  6.27472
0.999  6.27945
1  6.28418
1.001  6.28889
1.002  6.29358
1.003  6.29826
1.004  6.30292
1.005  6.30757
1.006  6.3122
1.007  6.31682
1.008  6.32142
1.009  6.32601
1.01  6.33058
1.011  6.33514
1.012  6.33968
1.013  6.34421
1.014  6.34872
1.015  6.35321
1.016  6.35769
1.017  6.36215
1.018  6.36659
1.019  6.37102
1.02  6.37544
1.021  6.37983
1.022  6.38422
1.023  6.38858
1.024  6.39293
1.025  6.39726
1.026  6.40158
1.027  6.40588
1.028  6.41016
1.029  6.41442
1.03  6.41867
1.031  6.4229
1.032  6.42712
1.033  6.43132
1.034  6.4355
1.035  6.43966
1.036  6.44381
1.037  6.44794
1.038  6.45205
1.039  6.45615
1.04  6.46022
1.041  6.46428
1.042  6.46833
1.043  6.47235
1.044  6.47636
1.045  6.48035
1.046  6.48432
1.047  6.48827
1.048  6.49221
1.049  6.49613
1.05  6.50003
1.051  6.50391
1.052  6.50777
1.053  6.51162
1.054  6.51545
1.055  6.51925
1.056  6.52304
1.057  6.52682
1.058  6.53057
1.059  6.5343
1.06  6.53802
1.061  6.54172
1.062  6.54539
1.063  6.54905
1.064  6.55269
1.065  6.55631
1.066  6.55992
1.067  6.5635
1.068  6.56706
1.069  6.57061
1.07  6.57413
1.071  6.57764
1.072  6.58113
1.073  6.58459
1.074  6.58804
1.075  6.59147
1.076  6.59488
1.077  6.59826
1.078  6.60163
1.079  6.60498
1.08  6.60831
1.081  6.61162
1.082  6.61491
1.083  6.61817
1.084  6.62142
1.085  6.62465
1.086  6.62786
1.087  6.63105
1.088  6.63421
1.089  6.63736
1.09  6.64049
1.091  6.64359
1.092  6.64667
1.093  6.64974
1.094  6.65278
1.095  6.6558
1.096  6.65881
1.097  6.66179
1.098  6.66475
1.099  6.66768
1.1  6.6706
1.101  6.6735
1.102  6.67637
1.103  6.67922
1.104  6.68206
1.105  6.68487
1.106  6.68766
1.107  6.69042
1.108  6.69317
1.109  6.69589
1.11  6.6986
1.111  6.70128
1.112  6.70394
1.113  6.70657
1.114  6.70919
1.115  6.71178
1.116  6.71435
1.117  6.7169
1.118  6.71943
1.119  6.72193
1.12  6.72442
1.121  6.72688
1.122  6.72931
1.123  6.73173
1.124  6.73412
1.125  6.73649
1.126  6.73884
1.127  6.74116
1.128  6.74347
1.129  6.74575
1.13  6.748
1.131  6.75024
1.132  6.75245
1.133  6.75464
1.134  6.7568
1.135  6.75894
1.136  6.76106
1.137  6.76316
1.138  6.76523
1.139  6.76728
1.14  6.7693
1.141  6.77131
1.142  6.77329
1.143  6.77524
1.144  6.77717
1.145  6.77908
1.146  6.78097
1.147  6.78283
1.148  6.78466
1.149  6.78648
1.15  6.78827
1.151  6.79003
1.152  6.79178
1.153  6.79349
1.154  6.79519
1.155  6.79686
1.156  6.7985
1.157  6.80013
1.158  6.80172
1.159  6.8033
1.16  6.80485
1.161  6.80637
1.162  6.80787
1.163  6.80935
1.164  6.8108
1.165  6.81222
1.166  6.81363
1.167  6.815
1.168  6.81636
1.169  6.81769
1.17  6.81899
1.171  6.82027
1.172  6.82152
1.173  6.82275
1.174  6.82396
1.175  6.82513
1.176  6.82629
1.177  6.82742
1.178  6.82852
1.179  6.8296
1.18  6.83066
1.181  6.83168
1.182  6.83269
1.183  6.83367
1.184  6.83462
1.185  6.83555
1.186  6.83645
1.187  6.83733
1.188  6.83818
1.189  6.839
1.19  6.8398
1.191  6.84058
1.192  6.84133
1.193  6.84205
1.194  6.84275
1.195  6.84342
1.196  6.84407
1.197  6.84469
1.198  6.84528
1.199  6.84585
1.2  6.84639
1.201  6.84691
1.202  6.8474
1.203  6.84787
1.204  6.84831
1.205  6.84872
1.206  6.84911
1.207  6.84947
1.208  6.8498
1.209  6.85011
1.21  6.85039
1.211  6.85065
1.212  6.85088
1.213  6.85108
1.214  6.85126
1.215  6.85141
1.216  6.85154
1.217  6.85163
1.218  6.85171
1.219  6.85175
1.22  6.85177
1.221  6.85176
1.222  6.85173
1.223  6.85167
1.224  6.85158
1.225  6.85147
1.226  6.85133
1.227  6.85116
1.228  6.85096
1.229  6.85074
1.23  6.8505
1.231  6.85022
1.232  6.84992
1.233  6.84959
1.234  6.84924
1.235  6.84886
1.236  6.84845
1.237  6.84801
1.238  6.84755
1.239  6.84706
1.24  6.84655
1.241  6.846
1.242  6.84543
1.243  6.84484
1.244  6.84421
1.245  6.84356
1.246  6.84289
1.247  6.84218
1.248  6.84145
1.249  6.84069
1.25  6.8399
1.251  6.83909
1.252  6.83825
1.253  6.83738
1.254  6.83649
1.255  6.83557
1.256  6.83462
1.257  6.83364
1.258  6.83264
1.259  6.83161
1.26  6.83055
1.261  6.82947
1.262  6.82835
1.263  6.82721
1.264  6.82605
1.265  6.82485
1.266  6.82363
1.267  6.82238
1.268  6.82111
1.269  6.81981
1.27  6.81848
1.271  6.81712
1.272  6.81573
1.273  6.81432
1.274  6.81288
1.275  6.81142
1.276  6.80992
1.277  6.8084
1.278  6.80685
1.279  6.80528
1.28  6.80367
1.281  6.80204
1.282  6.80039
1.283  6.7987
1.284  6.79699
1.285  6.79525
1.286  6.79348
1.287  6.79169
1.288  6.78987
1.289  6.78802
1.29  6.78614
1.291  6.78424
1.292  6.78231
1.293  6.78035
1.294  6.77837
1.295  6.77635
1.296  6.77431
1.297  6.77225
1.298  6.77015
1.299  6.76803
1.3  6.76588
1.301  6.76371
1.302  6.76151
1.303  6.75928
1.304  6.75702
1.305  6.75474
1.306  6.75242
1.307  6.75009
1.308  6.74772
1.309  6.74533
1.31  6.74291
1.311  6.74046
1.312  6.73799
1.313  6.73549
1.314  6.73296
1.315  6.73041
1.316  6.72782
1.317  6.72522
1.318  6.72258
1.319  6.71992
1.32  6.71723
1.321  6.71451
1.322  6.71177
1.323  6.709
1.324  6.7062
1.325  6.70338
1.326  6.70053
1.327  6.69765
1.328  6.69475
1.329  6.69182
1.33  6.68887
1.331  6.68588
1.332  6.68287
1.333  6.67984
1.334  6.67677
1.335  6.67368
1.336  6.67057
1.337  6.66743
1.338  6.66426
1.339  6.66106
1.34  6.65784
1.341  6.65459
1.342  6.65132
1.343  6.64802
1.344  6.64469
1.345  6.64134
1.346  6.63796
1.347  6.63456
1.348  6.63113
1.349  6.62767
1.35  6.62419
1.351  6.62068
1.352  6.61714
1.353  6.61358
1.354  6.61
1.355  6.60638
1.356  6.60275
1.357  6.59908
1.358  6.59539
1.359  6.59168
1.36  6.58794
1.361  6.58417
1.362  6.58038
1.363  6.57657
1.364  6.57272
1.365  6.56886
1.366  6.56496
1.367  6.56105
1.368  6.5571
1.369  6.55314
1.37  6.54914
1.371  6.54512
1.372  6.54108
1.373  6.53701
1.374  6.53292
1.375  6.5288
1.376  6.52466
1.377  6.52049
1.378  6.5163
1.379  6.51208
1.38  6.50784
1.381  6.50358
1.382  6.49929
1.383  6.49497
1.384  6.49063
1.385  6.48627
1.386  6.48188
1.387  6.47747
1.388  6.47304
1.389  6.46858
1.39  6.46409
1.391  6.45959
1.392  6.45506
1.393  6.4505
1.394  6.44592
1.395  6.44132
1.396  6.4367
1.397  6.43205
1.398  6.42738
1.399  6.42268
1.4  6.41796
1.401  6.41322
1.402  6.40845
1.403  6.40367
1.404  6.39885
1.405  6.39402
1.406  6.38916
1.407  6.38428
1.408  6.37938
1.409  6.37446
1.41  6.36951
1.411  6.36454
1.412  6.35955
1.413  6.35453
1.414  6.34949
1.415  6.34444
1.416  6.33935
1.417  6.33425
1.418  6.32913
1.419  6.32398
1.42  6.31881
1.421  6.31362
1.422  6.30841
1.423  6.30318
1.424  6.29792
1.425  6.29265
1.426  6.28735
1.427  6.28203
1.428  6.27669
1.429  6.27133
1.43  6.26595
1.431  6.26055
1.432  6.25512
1.433  6.24968
1.434  6.24422
1.435  6.23873
1.436  6.23323
1.437  6.2277
1.438  6.22216
1.439  6.21659
1.44  6.21101
1.441  6.2054
1.442  6.19978
1.443  6.19413
1.444  6.18847
1.445  6.18279
1.446  6.17708
1.447  6.17136
1.448  6.16562
1.449  6.15986
1.45  6.15408
1.451  6.14828
1.452  6.14247
1.453  6.13663
1.454  6.13078
1.455  6.1249
1.456  6.11901
1.457  6.1131
1.458  6.10718
1.459  6.10123
1.46  6.09527
1.461  6.08929
1.462  6.08329
1.463  6.07727
1.464  6.07124
1.465  6.06519
1.466  6.05912
1.467  6.05303
1.468  6.04693
1.469  6.04081
1.47  6.03467
1.471  6.02852
1.472  6.02235
1.473  6.01616
1.474  6.00996
1.475  6.00374
1.476  5.99751
1.477  5.99126
1.478  5.98499
1.479  5.97871
1.48  5.97241
1.481  5.9661
1.482  5.95977
1.483  5.95342
1.484  5.94707
1.485  5.94069
1.486  5.9343
1.487  5.9279
1.488  5.92148
1.489  5.91505
1.49  5.9086
1.491  5.90214
1.492  5.89566
1.493  5.88917
1.494  5.88267
1.495  5.87615
1.496  5.86962
1.497  5.86307
1.498  5.85652
1.499  5.84994
1.5  5.84336
1.501  5.83676
1.502  5.83015
1.503  5.82353
1.504  5.81689
1.505  5.81025
1.506  5.80359
1.507  5.79691
1.508  5.79023
1.509  5.78353
1.51  5.77683
1.511  5.77011
1.512  5.76337
1.513  5.75663
1.514  5.74988
1.515  5.74311
1.516  5.73634
1.517  5.72955
1.518  5.72276
1.519  5.71595
1.52  5.70913
1.521  5.7023
1.522  5.69546
1.523  5.68862
1.524  5.68176
1.525  5.67489
1.526  5.66801
1.527  5.66113
1.528  5.65423
1.529  5.64733
1.53  5.64042
1.531  5.63349
1.532  5.62656
1.533  5.61962
1.534  5.61268
1.535  5.60572
1.536  5.59876
1.537  5.59179
1.538  5.58481
1.539  5.57782
1.54  5.57083
1.541  5.56383
1.542  5.55682
1.543  5.54981
1.544  5.54278
1.545  5.53576
1.546  5.52872
1.547  5.52168
1.548  5.51463
1.549  5.50758
1.55  5.50052
1.551  5.49346
1.552  5.48639
1.553  5.47931
1.554  5.47223
1.555  5.46515
1.556  5.45806
1.557  5.45096
1.558  5.44386
1.559  5.43676
1.56  5.42965
1.561  5.42254
1.562  5.41542
1.563  5.4083
1.564  5.40118
1.565  5.39406
1.566  5.38693
1.567  5.37979
1.568  5.37266
1.569  5.36552
1.57  5.35838
1.571  5.35124
1.572  5.34409
1.573  5.33694
1.574  5.32979
1.575  5.32264
1.576  5.31549
1.577  5.30834
1.578  5.30118
1.579  5.29402
1.58  5.28687
1.581  5.27971
1.582  5.27255
1.583  5.26539
1.584  5.25823
1.585  5.25108
1.586  5.24392
1.587  5.23676
1.588  5.2296
1.589  5.22244
1.59  5.21529
1.591  5.20813
1.592  5.20098
1.593  5.19383
1.594  5.18668
1.595  5.17953
1.596  5.17238
1.597  5.16524
1.598  5.15809
1.599  5.15095
1.6  5.14381
1.601  5.13668
1.602  5.12955
1.603  5.12242
1.604  5.11529
1.605  5.10817
1.606  5.10105
1.607  5.09394
1.608  5.08683
1.609  5.07972
1.61  5.07262
1.611  5.06552
1.612  5.05843
1.613  5.05134
1.614  5.04426
1.615  5.03718
1.616  5.03011
1.617  5.02305
1.618  5.01599
1.619  5.00893
1.62  5.00188
1.621  4.99484
1.622  4.98781
1.623  4.98078
1.624  4.97376
1.625  4.96675
1.626  4.95974
1.627  4.95274
1.628  4.94575
1.629  4.93876
1.63  4.93179
1.631  4.92482
1.632  4.91786
1.633  4.91091
1.634  4.90397
1.635  4.89704
1.636  4.89011
1.637  4.8832
1.638  4.87629
1.639  4.8694
1.64  4.86251
1.641  4.85564
1.642  4.84877
1.643  4.84192
1.644  4.83508
1.645  4.82824
1.646  4.82142
1.647  4.81461
1.648  4.80781
1.649  4.80102
1.65  4.79424
1.651  4.78748
1.652  4.78073
1.653  4.77399
1.654  4.76726
1.655  4.76054
1.656  4.75384
1.657  4.74715
1.658  4.74048
1.659  4.73381
1.66  4.72716
1.661  4.72053
1.662  4.71391
1.663  4.7073
1.664  4.70071
1.665  4.69413
1.666  4.68756
1.667  4.68101
1.668  4.67448
1.669  4.66796
1.67  4.66146
1.671  4.65497
1.672  4.64849
1.673  4.64204
1.674  4.6356
1.675  4.62917
1.676  4.62277
1.677  4.61638
1.678  4.61
1.679  4.60364
1.68  4.5973
1.681  4.59098
1.682  4.58468
1.683  4.57839
1.684  4.57212
1.685  4.56587
1.686  4.55964
1.687  4.55342
1.688  4.54723
1.689  4.54105
1.69  4.53489
1.691  4.52876
1.692  4.52264
1.693  4.51654
1.694  4.51046
1.695  4.5044
1.696  4.49836
1.697  4.49234
1.698  4.48634
1.699  4.48036
1.7  4.4744
1.701  4.46847
1.702  4.46255
1.703  4.45666
1.704  4.45078
1.705  4.44493
1.706  4.4391
1.707  4.4333
1.708  4.42751
1.709  4.42175
1.71  4.41601
1.711  4.41029
1.712  4.4046
1.713  4.39893
1.714  4.39328
1.715  4.38766
1.716  4.38206
1.717  4.37648
1.718  4.37093
1.719  4.3654
1.72  4.35989
1.721  4.35441
1.722  4.34896
1.723  4.34353
1.724  4.33812
1.725  4.33274
1.726  4.32739
1.727  4.32206
1.728  4.31675
1.729  4.31148
1.73  4.30622
1.731  4.301
1.732  4.2958
1.733  4.29063
1.734  4.28548
1.735  4.28036
1.736  4.27527
1.737  4.2702
1.738  4.26516
1.739  4.26015
1.74  4.25517
1.741  4.25021
1.742  4.24529
1.743  4.24039
1.744  4.23552
1.745  4.23067
1.746  4.22586
1.747  4.22107
1.748  4.21632
1.749  4.21159
1.75  4.20689
1.751  4.20222
1.752  4.19758
1.753  4.19297
1.754  4.18839
1.755  4.18384
1.756  4.17932
1.757  4.17483
1.758  4.17037
1.759  4.16594
1.76  4.16155
1.761  4.15718
1.762  4.15284
1.763  4.14854
1.764  4.14426
1.765  4.14002
1.766  4.13581
1.767  4.13163
1.768  4.12749
1.769  4.12337
1.77  4.11929
1.771  4.11524
1.772  4.11122
1.773  4.10723
1.774  4.10328
1.775  4.09936
1.776  4.09547
1.777  4.09162
1.778  4.0878
1.779  4.08401
1.78  4.08026
1.781  4.07654
1.782  4.07285
1.783  4.0692
1.784  4.06558
1.785  4.06199
1.786  4.05844
1.787  4.05493
1.788  4.05145
1.789  4.048
1.79  4.04459
1.791  4.04121
1.792  4.03787
1.793  4.03456
1.794  4.03129
1.795  4.02806
1.796  4.02486
1.797  4.02169
1.798  4.01856
1.799  4.01547
1.8  4.01241
1.801  4.00939
1.802  4.00641
1.803  4.00346
1.804  4.00055
1.805  3.99767
1.806  3.99483
1.807  3.99203
1.808  3.98927
1.809  3.98654
1.81  3.98385
1.811  3.98119
1.812  3.97858
1.813  3.976
1.814  3.97346
1.815  3.97095
1.816  3.96849
1.817  3.96606
1.818  3.96367
1.819  3.96131
1.82  3.959
1.821  3.95672
1.822  3.95448
1.823  3.95228
1.824  3.95012
1.825  3.948
1.826  3.94591
1.827  3.94387
1.828  3.94186
1.829  3.93989
1.83  3.93796
1.831  3.93607
1.832  3.93422
1.833  3.93241
1.834  3.93064
1.835  3.92891
1.836  3.92721
1.837  3.92556
1.838  3.92394
1.839  3.92237
1.84  3.92083
1.841  3.91934
1.842  3.91788
1.843  3.91647
1.844  3.91509
1.845  3.91376
1.846  3.91246
1.847  3.9112
1.848  3.90999
1.849  3.90881
1.85  3.90768
1.851  3.90659
1.852  3.90553
1.853  3.90452
1.854  3.90355
1.855  3.90261
1.856  3.90172
1.857  3.90087
1.858  3.90006
1.859  3.89929
1.86  3.89856
1.861  3.89788
1.862  3.89723
1.863  3.89663
1.864  3.89606
1.865  3.89554
1.866  3.89506
1.867  3.89462
1.868  3.89422
1.869  3.89386
1.87  3.89354
1.871  3.89326
1.872  3.89303
1.873  3.89283
1.874  3.89268
1.875  3.89257
1.876  3.8925
1.877  3.89247
1.878  3.89249
1.879  3.89254
1.88  3.89264
1.881  3.89278
1.882  3.89296
1.883  3.89318
1.884  3.89344
1.885  3.89374
1.886  3.89409
1.887  3.89448
1.888  3.8949
1.889  3.89537
1.89  3.89589
1.891  3.89644
1.892  3.89703
1.893  3.89767
1.894  3.89835
1.895  3.89907
1.896  3.89983
1.897  3.90063
1.898  3.90148
1.899  3.90236
1.9  3.90329
1.901  3.90426
1.902  3.90527
1.903  3.90632
1.904  3.90741
1.905  3.90855
1.906  3.90972
1.907  3.91094
1.908  3.9122
1.909  3.9135
1.91  3.91484
1.911  3.91622
1.912  3.91765
1.913  3.91911
1.914  3.92062
1.915  3.92217
1.916  3.92375
1.917  3.92538
1.918  3.92705
1.919  3.92877
1.92  3.93052
1.921  3.93231
1.922  3.93415
1.923  3.93602
1.924  3.93794
1.925  3.93989
1.926  3.94189
1.927  3.94393
1.928  3.94601
1.929  3.94812
1.93  3.95028
1.931  3.95248
1.932  3.95472
1.933  3.957
1.934  3.95932
1.935  3.96168
1.936  3.96409
1.937  3.96653
1.938  3.96901
1.939  3.97153
1.94  3.97409
1.941  3.97669
1.942  3.97932
1.943  3.982
1.944  3.98472
1.945  3.98748
1.946  3.99028
1.947  3.99311
1.948  3.99599
1.949  3.9989
1.95  4.00185
1.951  4.00485
1.952  4.00788
1.953  4.01095
1.954  4.01405
1.955  4.0172
1.956  4.02038
1.957  4.02361
1.958  4.02687
1.959  4.03017
1.96  4.0335
1.961  4.03688
1.962  4.04029
1.963  4.04374
1.964  4.04723
1.965  4.05075
1.966  4.05431
1.967  4.05791
1.968  4.06155
1.969  4.06522
1.97  4.06893
1.971  4.07268
1.972  4.07646
1.973  4.08028
1.974  4.08414
1.975  4.08803
1.976  4.09195
1.977  4.09592
1.978  4.09992
1.979  4.10395
1.98  4.10802
1.981  4.11213
1.982  4.11627
1.983  4.12044
1.984  4.12465
1.985  4.1289
1.986  4.13318
1.987  4.13749
1.988  4.14184
1.989  4.14622
1.99  4.15064
1.991  4.15509
1.992  4.15958
1.993  4.16409
1.994  4.16864
1.995  4.17323
1.996  4.17785
1.997  4.1825
1.998  4.18718
1.999  4.19189
2  4.19664
2.001  4.20142
2.002  4.20623
2.003  4.21107
2.004  4.21595
2.005  4.22086
2.006  4.22579
2.007  4.23076
2.008  4.23576
2.009  4.24079
2.01  4.24585
2.011  4.25094
2.012  4.25606
2.013  4.26122
2.014  4.2664
2.015  4.27161
2.016  4.27685
2.017  4.28212
2.018  4.28742
2.019  4.29274
2.02  4.2981
2.021  4.30348
2.022  4.30889
2.023  4.31434
2.024  4.3198
2.025  4.3253
2.026  4.33082
2.027  4.33637
2.028  4.34195
2.029  4.34755
2.03  4.35318
2.031  4.35884
2.032  4.36452
2.033  4.37023
2.034  4.37597
2.035  4.38172
2.036  4.38751
2.037  4.39332
2.038  4.39915
2.039  4.40501
2.04  4.4109
2.041  4.4168
2.042  4.42273
2.043  4.42869
2.044  4.43467
2.045  4.44067
2.046  4.44669
2.047  4.45274
2.048  4.45881
2.049  4.4649
2.05  4.47101
2.051  4.47715
2.052  4.48331
2.053  4.48948
2.054  4.49568
2.055  4.5019
2.056  4.50814
2.057  4.5144
2.058  4.52068
2.059  4.52698
2.06  4.5333
2.061  4.53964
2.062  4.54599
2.063  4.55237
2.064  4.55877
2.065  4.56518
2.066  4.57161
2.067  4.57806
2.068  4.58452
2.069  4.591
2.07  4.5975
2.071  4.60402
2.072  4.61055
2.073  4.6171
2.074  4.62366
2.075  4.63024
2.076  4.63684
2.077  4.64345
2.078  4.65007
2.079  4.65671
2.08  4.66336
2.081  4.67003
2.082  4.67671
2.083  4.6834
2.084  4.69011
2.085  4.69683
2.086  4.70356
2.087  4.71031
2.088  4.71706
2.089  4.72383
2.09  4.73061
2.091  4.7374
2.092  4.7442
2.093  4.75101
2.094  4.75783
2.095  4.76466
2.096  4.7715
2.097  4.77835
2.098  4.78521
2.099  4.79208
2.1  4.79896
2.101  4.80584
2.102  4.81273
2.103  4.81963
2.104  4.82654
2.105  4.83345
2.106  4.84037
2.107  4.8473
2.108  4.85423
2.109  4.86117
2.11  4.86812
2.111  4.87506
2.112  4.88202
2.113  4.88898
2.114  4.89594
2.115  4.90291
2.116  4.90988
2.117  4.91685
2.118  4.92383
2.119  4.93081
2.12  4.93779
2.121  4.94477
2.122  4.95176
2.123  4.95874
2.124  4.96573
2.125  4.97272
2.126  4.97971
2.127  4.9867
2.128  4.99369
2.129  5.00068
2.13  5.00767
2.131  5.01465
2.132  5.02164
2.133  5.02863
2.134  5.03561
2.135  5.04259
2.136  5.04957
2.137  5.05654
2.138  5.06351
2.139  5.07048
2.14  5.07744
2.141  5.0844
2.142  5.09136
2.143  5.09831
2.144  5.10526
2.145  5.1122
2.146  5.11913
2.147  5.12606
2.148  5.13298
2.149  5.1399
2.15  5.1468
2.151  5.15371
2.152  5.1606
2.153  5.16748
2.154  5.17436
2.155  5.18123
2.156  5.18809
2.157  5.19494
2.158  5.20178
2.159  5.20861
2.16  5.21543
2.161  5.22224
2.162  5.22904
2.163  5.23583
2.164  5.24261
2.165  5.24937
2.166  5.25612
2.167  5.26286
2.168  5.26959
2.169  5.27631
2.17  5.28301
2.171  5.2897
2.172  5.29637
2.173  5.30303
2.174  5.30967
2.175  5.3163
2.176  5.32292
2.177  5.32952
2.178  5.3361
2.179  5.34267
2.18  5.34922
2.181  5.35575
2.182  5.36226
2.183  5.36876
2.184  5.37524
2.185  5.38171
2.186  5.38815
2.187  5.39458
2.188  5.40098
2.189  5.40737
2.19  5.41374
2.191  5.42009
2.192  5.42641
2.193  5.43272
2.194  5.43901
2.195  5.44527
2.196  5.45152
2.197  5.45774
2.198  5.46394
2.199  5.47011
2.2  5.47627
2.201  5.4824
2.202  5.48851
2.203  5.49459
2.204  5.50065
2.205  5.50669
2.206  5.5127
2.207  5.51869
2.208  5.52465
2.209  5.53059
2.21  5.5365
2.211  5.54238
2.212  5.54824
2.213  5.55407
2.214  5.55988
2.215  5.56565
2.216  5.5714
2.217  5.57713
2.218  5.58282
2.219  5.58849
2.22  5.59412
2.221  5.59973
2.222  5.60531
2.223  5.61086
2.224  5.61638
2.225  5.62187
2.226  5.62733
2.227  5.63276
2.228  5.63816
2.229  5.64353
2.23  5.64886
2.231  5.65417
2.232  5.65944
2.233  5.66468
2.234  5.66988
2.235  5.67506
2.236  5.6802
2.237  5.68531
2.238  5.69038
2.239  5.69542
2.24  5.70043
2.241  5.7054
2.242  5.71034
2.243  5.71524
2.244  5.72011
2.245  5.72494
2.246  5.72973
2.247  5.73449
2.248  5.73922
2.249  5.7439
2.25  5.74855
2.251  5.75317
2.252  5.75774
2.253  5.76228
2.254  5.76678
2.255  5.77125
2.256  5.77567
2.257  5.78006
2.258  5.78441
2.259  5.78872
2.26  5.79299
2.261  5.79722
2.262  5.80141
2.263  5.80556
2.264  5.80967
2.265  5.81374
2.266  5.81777
2.267  5.82176
2.268  5.82571
2.269  5.82962
2.27  5.83349
2.271  5.83731
2.272  5.84109
2.273  5.84484
2.274  5.84853
2.275  5.85219
2.276  5.8558
2.277  5.85938
2.278  5.8629
2.279  5.86639
2.28  5.86983
2.281  5.87323
2.282  5.87658
2.283  5.87989
2.284  5.88316
2.285  5.88638
2.286  5.88955
2.287  5.89269
2.288  5.89577
2.289  5.89882
2.29  5.90181
2.291  5.90476
2.292  5.90767
2.293  5.91053
2.294  5.91334
2.295  5.91611
2.296  5.91883
2.297  5.92151
2.298  5.92413
2.299  5.92672
2.3  5.92925
2.301  5.93174
2.302  5.93418
2.303  5.93657
2.304  5.93892
2.305  5.94121
2.306  5.94346
2.307  5.94566
2.308  5.94782
2.309  5.94992
2.31  5.95198
2.311  5.95399
2.312  5.95595
2.313  5.95786
2.314  5.95972
2.315  5.96154
2.316  5.9633
2.317  5.96501
2.318  5.96668
2.319  5.9683
2.32  5.96986
2.321  5.97138
2.322  5.97285
2.323  5.97426
2.324  5.97563
2.325  5.97695
2.326  5.97822
2.327  5.97943
2.328  5.9806
2.329  5.98172
2.33  5.98278
2.331  5.9838
2.332  5.98476
2.333  5.98567
2.334  5.98654
2.335  5.98735
2.336  5.98811
2.337  5.98882
2.338  5.98948
2.339  5.99009
2.34  5.99064
2.341  5.99115
2.342  5.9916
2.343  5.99201
2.344  5.99236
2.345  5.99266
2.346  5.99291
2.347  5.9931
2.348  5.99325
2.349  5.99334
2.35  5.99339
2.351  5.99338
2.352  5.99331
2.353  5.9932
2.354  5.99304
2.355  5.99282
2.356  5.99255
2.357  5.99224
2.358  5.99186
2.359  5.99144
2.36  5.99097
2.361  5.99044
2.362  5.98986
2.363  5.98923
2.364  5.98855
2.365  5.98782
2.366  5.98703
2.367  5.9862
2.368  5.98531
2.369  5.98437
2.37  5.98338
2.371  5.98234
2.372  5.98124
2.373  5.9801
2.374  5.9789
2.375  5.97765
2.376  5.97635
2.377  5.975
2.378  5.9736
2.379  5.97215
2.38  5.97064
2.381  5.96909
2.382  5.96748
2.383  5.96582
2.384  5.96411
2.385  5.96235
2.386  5.96054
2.387  5.95868
2.388  5.95677
2.389  5.95481
2.39  5.9528
2.391  5.95074
2.392  5.94862
2.393  5.94646
2.394  5.94425
2.395  5.94198
2.396  5.93967
2.397  5.93731
2.398  5.9349
2.399  5.93244
2.4  5.92993
2.401  5.92737
2.402  5.92476
2.403  5.9221
2.404  5.91939
2.405  5.91664
2.406  5.91383
2.407  5.91098
2.408  5.90808
2.409  5.90513
2.41  5.90213
2.411  5.89909
2.412  5.89599
2.413  5.89285
2.414  5.88967
2.415  5.88643
2.416  5.88315
2.417  5.87982
2.418  5.87644
2.419  5.87302
2.42  5.86955
2.421  5.86604
2.422  5.86248
2.423  5.85887
2.424  5.85522
2.425  5.85152
2.426  5.84777
2.427  5.84398
2.428  5.84015
2.429  5.83627
2.43  5.83235
2.431  5.82838
2.432  5.82437
2.433  5.82032
2.434  5.81622
2.435  5.81207
2.436  5.80789
2.437  5.80366
2.438  5.79939
2.439  5.79507
2.44  5.79072
2.441  5.78632
2.442  5.78188
2.443  5.7774
2.444  5.77287
2.445  5.76831
2.446  5.7637
2.447  5.75906
2.448  5.75437
2.449  5.74965
2.45  5.74488
2.451  5.74007
2.452  5.73523
2.453  5.73034
2.454  5.72542
2.455  5.72046
2.456  5.71546
2.457  5.71042
2.458  5.70535
2.459  5.70023
2.46  5.69508
2.461  5.6899
2.462  5.68467
2.463  5.67941
2.464  5.67412
2.465  5.66879
2.466  5.66342
2.467  5.65802
2.468  5.65258
2.469  5.64711
2.47  5.64161
2.471  5.63607
2.472  5.6305
2.473  5.62489
2.474  5.61925
2.475  5.61358
2.476  5.60788
2.477  5.60214
2.478  5.59638
2.479  5.59058
2.48  5.58475
2.481  5.57889
2.482  5.573
2.483  5.56708
2.484  5.56113
2.485  5.55515
2.486  5.54915
2.487  5.54311
2.488  5.53705
2.489  5.53096
2.49  5.52484
2.491  5.51869
2.492  5.51252
2.493  5.50632
2.494  5.50009
2.495  5.49384
2.496  5.48757
2.497  5.48127
2.498  5.47494
2.499  5.46859
2.5  5.46222
2.501  5.45582
2.502  5.4494
2.503  5.44296
2.504  5.43649
2.505  5.43001
2.506  5.4235
2.507  5.41697
2.508  5.41042
2.509  5.40385
2.51  5.39726
2.511  5.39065
2.512  5.38402
2.513  5.37738
2.514  5.37071
2.515  5.36403
2.516  5.35733
2.517  5.35061
2.518  5.34387
2.519  5.33712
2.52  5.33036
2.521  5.32357
2.522  5.31678
2.523  5.30996
2.524  5.30314
2.525  5.2963
2.526  5.28944
2.527  5.28258
2.528  5.2757
2.529  5.26881
2.53  5.2619
2.531  5.25499
2.532  5.24807
2.533  5.24113
2.534  5.23419
2.535  5.22723
2.536  5.22027
2.537  5.21329
2.538  5.20631
2.539  5.19932
2.54  5.19233
2.541  5.18532
2.542  5.17831
2.543  5.1713
2.544  5.16428
2.545  5.15725
2.546  5.15022
2.547  5.14318
2.548  5.13614
2.549  5.1291
2.55  5.12206
2.551  5.11501
2.552  5.10796
2.553  5.1009
2.554  5.09385
2.555  5.0868
2.556  5.07974
2.557  5.07269
2.558  5.06563
2.559  5.05858
2.56  5.05153
2.561  5.04448
2.562  5.03743
2.563  5.03039
2.564  5.02335
2.565  5.01631
2.566  5.00928
2.567  5.00225
2.568  4.99523
2.569  4.98821
2.57  4.9812
2.571  4.97419
2.572  4.96719
2.573  4.9602
2.574  4.95322
2.575  4.94624
2.576  4.93928
2.577  4.93232
2.578  4.92537
2.579  4.91843
2.58  4.91151
2.581  4.90459
2.582  4.89769
2.583  4.89079
2.584  4.88391
2.585  4.87705
2.586  4.87019
2.587  4.86335
2.588  4.85653
2.589  4.84971
2.59  4.84292
2.591  4.83614
2.592  4.82937
2.593  4.82262
2.594  4.81589
2.595  4.80917
2.596  4.80248
2.597  4.7958
2.598  4.78914
2.599  4.7825
2.6  4.77587
2.601  4.76927
2.602  4.76269
2.603  4.75613
2.604  4.74959
2.605  4.74307
2.606  4.73658
2.607  4.7301
2.608  4.72365
2.609  4.71723
2.61  4.71083
2.611  4.70445
2.612  4.69809
2.613  4.69177
2.614  4.68546
2.615  4.67919
2.616  4.67294
2.617  4.66671
2.618  4.66052
2.619  4.65435
2.62  4.64821
2.621  4.6421
2.622  4.63601
2.623  4.62996
2.624  4.62394
2.625  4.61794
2.626  4.61198
2.627  4.60605
2.628  4.60015
2.629  4.59428
2.63  4.58845
2.631  4.58264
2.632  4.57687
2.633  4.57114
2.634  4.56543
2.635  4.55977
2.636  4.55413
2.637  4.54853
2.638  4.54297
2.639  4.53744
2.64  4.53195
2.641  4.5265
2.642  4.52108
2.643  4.5157
2.644  4.51036
2.645  4.50505
2.646  4.49979
2.647  4.49456
2.648  4.48938
2.649  4.48423
2.65  4.47912
2.651  4.47405
2.652  4.46903
2.653  4.46404
2.654  4.4591
2.655  4.45419
2.656  4.44933
2.657  4.44452
2.658  4.43974
2.659  4.43501
2.66  4.43032
2.661  4.42568
2.662  4.42108
2.663  4.41652
2.664  4.41201
2.665  4.40755
2.666  4.40313
2.667  4.39875
2.668  4.39443
2.669  4.39015
2.67  4.38591
2.671  4.38172
2.672  4.37758
2.673  4.37349
2.674  4.36945
2.675  4.36545
2.676  4.3615
2.677  4.3576
2.678  4.35375
2.679  4.34995
2.68  4.3462
2.681  4.3425
2.682  4.33885
2.683  4.33525
2.684  4.33171
2.685  4.32821
2.686  4.32476
2.687  4.32137
2.688  4.31803
2.689  4.31474
2.69  4.3115
2.691  4.30831
2.692  4.30518
2.693  4.3021
2.694  4.29907
2.695  4.2961
2.696  4.29318
2.697  4.29032
2.698  4.28751
2.699  4.28475
2.7  4.28205
2.701  4.2794
2.702  4.27681
2.703  4.27428
2.704  4.2718
2.705  4.26937
2.706  4.267
2.707  4.26469
2.708  4.26243
2.709  4.26023
2.71  4.25809
2.711  4.256
2.712  4.25397
2.713  4.252
2.714  4.25009
2.715  4.24823
2.716  4.24643
2.717  4.24468
2.718  4.243
2.719  4.24137
2.72  4.2398
2.721  4.23829
2.722  4.23684
2.723  4.23545
2.724  4.23411
2.725  4.23284
2.726  4.23162
2.727  4.23046
2.728  4.22936
2.729  4.22832
2.73  4.22734
2.731  4.22642
2.732  4.22556
2.733  4.22476
2.734  4.22402
2.735  4.22333
2.736  4.22271
2.737  4.22215
2.738  4.22164
2.739  4.2212
2.74  4.22082
2.741  4.22049
2.742  4.22023
2.743  4.22003
2.744  4.21989
2.745  4.2198
2.746  4.21978
2.747  4.21982
2.748  4.21992
2.749  4.22007
2.75  4.22029
2.751  4.22057
2.752  4.22091
2.753  4.22131
2.754  4.22177
2.755  4.22229
2.756  4.22287
2.757  4.22351
2.758  4.22421
2.759  4.22497
2.76  4.22579
2.761  4.22667
2.762  4.22761
2.763  4.22861
2.764  4.22967
2.765  4.23079
2.766  4.23197
2.767  4.23321
2.768  4.23451
2.769  4.23587
2.77  4.23729
2.771  4.23877
2.772  4.24031
2.773  4.2419
2.774  4.24356
2.775  4.24527
2.776  4.24705
2.777  4.24888
2.778  4.25077
2.779  4.25272
2.78  4.25473
2.781  4.25679
2.782  4.25892
2.783  4.2611
2.784  4.26334
2.785  4.26564
2.786  4.26799
2.787  4.2704
2.788  4.27287
2.789  4.2754
2.79  4.27798
2.791  4.28062
2.792  4.28332
2.793  4.28607
2.794  4.28888
2.795  4.29175
2.796  4.29467
2.797  4.29765
2.798  4.30068
2.799  4.30376
2.8  4.30691
2.801  4.3101
2.802  4.31335
2.803  4.31666
2.804  4.32002
2.805  4.32343
2.806  4.32689
2.807  4.33041
2.808  4.33398
2.809  4.33761
2.81  4.34129
2.811  4.34502
2.812  4.3488
2.813  4.35263
2.814  4.35651
2.815  4.36045
2.816  4.36443
2.817  4.36847
2.818  4.37256
2.819  4.37669
2.82  4.38088
2.821  4.38512
2.822  4.3894
2.823  4.39373
2.824  4.39811
2.825  4.40254
2.826  4.40702
2.827  4.41154
2.828  4.41611
2.829  4.42073
2.83  4.42539
2.831  4.4301
2.832  4.43486
2.833  4.43966
2.834  4.44451
2.835  4.4494
2.836  4.45433
2.837  4.45931
2.838  4.46433
2.839  4.46939
2.84  4.4745
2.841  4.47965
2.842  4.48484
2.843  4.49007
2.844  4.49534
2.845  4.50066
2.846  4.50601
2.847  4.5114
2.848  4.51684
2.849  4.52231
2.85  4.52782
2.851  4.53337
2.852  4.53895
2.853  4.54458
2.854  4.55024
2.855  4.55593
2.856  4.56166
2.857  4.56743
2.858  4.57323
2.859  4.57907
2.86  4.58494
2.861  4.59085
2.862  4.59679
2.863  4.60276
2.864  4.60876
2.865  4.6148
2.866  4.62086
2.867  4.62696
2.868  4.63309
2.869  4.63924
2.87  4.64543
2.871  4.65165
2.872  4.65789
2.873  4.66416
2.874  4.67046
2.875  4.67679
2.876  4.68314
2.877  4.68952
2.878  4.69592
2.879  4.70235
2.88  4.7088
2.881  4.71528
2.882  4.72178
2.883  4.7283
2.884  4.73485
2.885  4.74142
2.886  4.748
2.887  4.75461
2.888  4.76124
2.889  4.76789
2.89  4.77456
2.891  4.78125
2.892  4.78795
2.893  4.79467
2.894  4.80141
2.895  4.80816
2.896  4.81494
2.897  4.82172
2.898  4.82852
2.899  4.83534
2.9  4.84217
2.901  4.84901
2.902  4.85586
2.903  4.86273
2.904  4.8696
2.905  4.87649
2.906  4.88339
2.907  4.8903
2.908  4.89722
2.909  4.90414
2.91  4.91107
2.911  4.91802
2.912  4.92496
2.913  4.93192
2.914  4.93888
2.915  4.94584
2.916  4.95281
2.917  4.95978
2.918  4.96676
2.919  4.97374
2.92  4.98072
2.921  4.9877
2.922  4.99469
2.923  5.00167
2.924  5.00865
2.925  5.01564
2.926  5.02262
2.927  5.0296
2.928  5.03658
2.929  5.04355
2.93  5.05052
2.931  5.05749
2.932  5.06445
2.933  5.07141
2.934  5.07836
2.935  5.0853
2.936  5.09224
2.937  5.09917
2.938  5.10609
2.939  5.113
2.94  5.1199
2.941  5.12679
2.942  5.13367
2.943  5.14054
2.944  5.1474
2.945  5.15424
2.946  5.16108
2.947  5.16789
2.948  5.1747
2.949  5.18149
2.95  5.18826
2.951  5.19502
2.952  5.20176
2.953  5.20848
2.954  5.21519
2.955  5.22188
2.956  5.22855
2.957  5.2352
2.958  5.24183
2.959  5.24844
2.96  5.25502
2.961  5.26159
2.962  5.26813
2.963  5.27465
2.964  5.28115
2.965  5.28762
2.966  5.29407
2.967  5.3005
2.968  5.30689
2.969  5.31327
2.97  5.31961
2.971  5.32593
2.972  5.33222
2.973  5.33848
2.974  5.34471
2.975  5.35091
2.976  5.35708
2.977  5.36322
2.978  5.36933
2.979  5.37541
2.98  5.38146
2.981  5.38747
2.982  5.39345
2.983  5.39939
2.984  5.40531
2.985  5.41118
2.986  5.41702
2.987  5.42283
2.988  5.42859
2.989  5.43433
2.99  5.44002
2.991  5.44567
2.992  5.45129
2.993  5.45687
2.994  5.46241
2.995  5.4679
2.996  5.47336
2.997  5.47878
2.998  5.48415
2.999  5.48948
3  5.49477
3.001  5.50002
3.002  5.50522
3.003  5.51038
3.004  5.5155
3.005  5.52057
3.006  5.52559
3.007  5.53057
3.008  5.5355
3.009  5.54039
3.01  5.54523
3.011  5.55002
3.012  5.55476
3.013  5.55945
3.014  5.5641
3.015  5.5687
3.016  5.57324
3.017  5.57774
3.018  5.58218
3.019  5.58658
3.02  5.59092
3.021  5.59521
3.022  5.59945
3.023  5.60363
3.024  5.60777
3.025  5.61185
3.026  5.61587
3.027  5.61984
3.028  5.62376
3.029  5.62762
3.03  5.63143
3.031  5.63518
3.032  5.63887
3.033  5.64251
3.034  5.64609
3.035  5.64962
3.036  5.65308
3.037  5.65649
3.038  5.65984
3.039  5.66314
3.04  5.66637
3.041  5.66955
3.042  5.67266
3.043  5.67572
3.044  5.67871
3.045  5.68165
3.046  5.68453
3.047  5.68734
3.048  5.69009
3.049  5.69279
3.05  5.69542
3.051  5.69799
3.052  5.70049
3.053  5.70294
3.054  5.70532
3.055  5.70764
3.056  5.70989
3.057  5.71209
3.058  5.71422
3.059  5.71628
3.06  5.71828
3.061  5.72022
3.062  5.72209
3.063  5.7239
3.064  5.72565
3.065  5.72732
3.066  5.72894
3.067  5.73049
3.068  5.73197
3.069  5.73339
3.07  5.73474
3.071  5.73603
3.072  5.73725
3.073  5.7384
3.074  5.73949
3.075  5.74051
3.076  5.74146
3.077  5.74235
3.078  5.74317
3.079  5.74393
3.08  5.74461
3.081  5.74524
3.082  5.74579
3.083  5.74628
3.084  5.74669
3.085  5.74705
3.086  5.74733
3.087  5.74755
3.088  5.7477
3.089  5.74778
3.09  5.7478
3.091  5.74774
3.092  5.74762
3.093  5.74743
3.094  5.74718
3.095  5.74686
3.096  5.74647
3.097  5.74601
3.098  5.74548
3.099  5.74489
3.1  5.74423
3.101  5.7435
3.102  5.74271
3.103  5.74185
3.104  5.74092
3.105  5.73992
3.106  5.73886
3.107  5.73772
3.108  5.73653
3.109  5.73526
3.11  5.73393
3.111  5.73253
3.112  5.73107
3.113  5.72954
3.114  5.72794
3.115  5.72628
3.116  5.72455
3.117  5.72275
3.118  5.72089
3.119  5.71896
3.12  5.71697
3.121  5.71492
3.122  5.71279
3.123  5.71061
3.124  5.70835
3.125  5.70604
3.126  5.70366
3.127  5.70121
3.128  5.6987
3.129  5.69613
3.13  5.6935
3.131  5.6908
3.132  5.68803
3.133  5.68521
3.134  5.68232
3.135  5.67937
3.136  5.67636
3.137  5.67329
3.138  5.67015
3.139  5.66696
3.14  5.6637
3.141  5.66039
3.142  5.65701
3.143  5.65357
3.144  5.65007
3.145  5.64652
3.146  5.6429
3.147  5.63923
3.148  5.6355
3.149  5.63171
3.15  5.62786
3.151  5.62395
3.152  5.61999
3.153  5.61597
3.154  5.6119
3.155  5.60777
3.156  5.60358
3.157  5.59934
3.158  5.59505
3.159  5.5907
3.16  5.58629
3.161  5.58184
3.162  5.57733
3.163  5.57276
3.164  5.56815
3.165  5.56348
3.166  5.55876
3.167  5.554
3.168  5.54918
3.169  5.54431
3.17  5.53939
3.171  5.53442
3.172  5.52941
3.173  5.52434
3.174  5.51923
3.175  5.51407
3.176  5.50887
3.177  5.50362
3.178  5.49832
3.179  5.49298
3.18  5.48759
3.181  5.48216
3.182  5.47669
3.183  5.47117
3.184  5.46561
3.185  5.46001
3.186  5.45437
3.187  5.44868
3.188  5.44296
3.189  5.4372
3.19  5.43139
3.191  5.42555
3.192  5.41967
3.193  5.41376
3.194  5.4078
3.195  5.40181
3.196  5.39579
3.197  5.38973
3.198  5.38363
3.199  5.3775
3.2  5.37134
3.201  5.36514
3.202  5.35892
3.203  5.35266
3.204  5.34637
3.205  5.34005
3.206  5.3337
3.207  5.32732
3.208  5.32091
3.209  5.31448
3.21  5.30801
3.211  5.30153
3.212  5.29501
3.213  5.28847
3.214  5.28191
3.215  5.27532
3.216  5.26871
3.217  5.26207
3.218  5.25542
3.219  5.24874
3.22  5.24204
3.221  5.23533
3.222  5.22859
3.223  5.22183
3.224  5.21506
3.225  5.20827
3.226  5.20146
3.227  5.19464
3.228  5.1878
3.229  5.18095
3.23  5.17408
3.231  5.16721
3.232  5.16031
3.233  5.15341
3.234  5.1465
3.235  5.13957
3.236  5.13264
3.237  5.1257
3.238  5.11874
3.239  5.11179
3.24  5.10482
3.241  5.09785
3.242  5.09087
3.243  5.08389
3.244  5.07691
3.245  5.06992
3.246  5.06293
3.247  5.05593
3.248  5.04894
3.249  5.04195
3.25  5.03495
3.251  5.02796
3.252  5.02097
3.253  5.01398
3.254  5.007
3.255  5.00002
3.256  4.99304
3.257  4.98607
3.258  4.97911
3.259  4.97215
3.26  4.9652
3.261  4.95826
3.262  4.95133
3.263  4.94441
3.264  4.93749
3.265  4.93059
3.266  4.92371
3.267  4.91683
3.268  4.90997
3.269  4.90312
3.27  4.89628
3.271  4.88947
3.272  4.88266
3.273  4.87588
3.274  4.86911
3.275  4.86236
3.276  4.85563
3.277  4.84892
3.278  4.84224
3.279  4.83557
3.28  4.82892
3.281  4.8223
3.282  4.8157
3.283  4.80912
3.284  4.80257
3.285  4.79604
3.286  4.78954
3.287  4.78307
3.288  4.77663
3.289  4.77021
3.29  4.76382
3.291  4.75746
3.292  4.75113
3.293  4.74483
3.294  4.73857
3.295  4.73233
3.296  4.72613
3.297  4.71997
3.298  4.71383
3.299  4.70773
3.3  4.70167
3.301  4.69565
3.302  4.68966
3.303  4.6837
3.304  4.67779
3.305  4.67191
3.306  4.66608
3.307  4.66028
3.308  4.65453
3.309  4.64881
3.31  4.64314
3.311  4.63751
3.312  4.63193
3.313  4.62639
3.314  4.62089
3.315  4.61544
3.316  4.61003
3.317  4.60467
3.318  4.59935
3.319  4.59409
3.32  4.58887
3.321  4.5837
3.322  4.57857
3.323  4.5735
3.324  4.56848
3.325  4.56351
3.326  4.55859
3.327  4.55372
3.328  4.54891
3.329  4.54414
3.33  4.53944
3.331  4.53478
3.332  4.53018
3.333  4.52563
3.334  4.52114
3.335  4.51671
3.336  4.51233
3.337  4.50801
3.338  4.50375
3.339  4.49954
3.34  4.49539
3.341  4.49131
3.342  4.48728
3.343  4.48331
3.344  4.4794
3.345  4.47555
3.346  4.47176
3.347  4.46804
3.348  4.46438
3.349  4.46077
3.35  4.45724
3.351  4.45376
3.352  4.45035
3.353  4.447
3.354  4.44372
3.355  4.4405
3.356  4.43735
3.357  4.43426
3.358  4.43124
3.359  4.42828
3.36  4.42539
3.361  4.42257
3.362  4.41981
3.363  4.41713
3.364  4.41451
3.365  4.41195
3.366  4.40947
3.367  4.40706
3.368  4.40471
3.369  4.40243
3.37  4.40023
3.371  4.39809
3.372  4.39602
3.373  4.39403
3.374  4.3921
3.375  4.39024
3.376  4.38846
3.377  4.38675
3.378  4.3851
3.379  4.38353
3.38  4.38204
3.381  4.38061
3.382  4.37926
3.383  4.37797
3.384  4.37676
3.385  4.37563
3.386  4.37456
3.387  4.37357
3.388  4.37265
3.389  4.37181
3.39  4.37104
3.391  4.37034
3.392  4.36972
3.393  4.36916
3.394  4.36869
3.395  4.36828
3.396  4.36795
3.397  4.3677
3.398  4.36752
3.399  4.36741
3.4  4.36737
3.401  4.36741
3.402  4.36753
3.403  4.36772
3.404  4.36798
3.405  4.36831
3.406  4.36872
3.407  4.36921
3.408  4.36977
3.409  4.3704
3.41  4.3711
3.411  4.37188
3.412  4.37274
3.413  4.37366
3.414  4.37466
3.415  4.37574
3.416  4.37688
3.417  4.3781
3.418  4.3794
3.419  4.38076
3.42  4.3822
3.421  4.38371
3.422  4.3853
3.423  4.38695
3.424  4.38868
3.425  4.39048
3.426  4.39235
3.427  4.3943
3.428  4.39631
3.429  4.3984
3.43  4.40056
3.431  4.40279
3.432  4.40509
3.433  4.40745
3.434  4.40989
3.435  4.4124
3.436  4.41498
3.437  4.41763
3.438  4.42034
3.439  4.42313
3.44  4.42598
3.441  4.4289
3.442  4.43189
3.443  4.43495
3.444  4.43807
3.445  4.44126
3.446  4.44452
3.447  4.44784
3.448  4.45123
3.449  4.45468
3.45  4.4582
3.451  4.46178
3.452  4.46543
3.453  4.46913
3.454  4.47291
3.455  4.47674
3.456  4.48064
3.457  4.4846
3.458  4.48862
3.459  4.4927
3.46  4.49685
3.461  4.50105
3.462  4.50531
3.463  4.50963
3.464  4.51401
3.465  4.51845
3.466  4.52294
3.467  4.5275
3.468  4.5321
3.469  4.53677
3.47  4.54149
3.471  4.54627
3.472  4.5511
3.473  4.55598
3.474  4.56092
3.475  4.56591
3.476  4.57095
3.477  4.57604
3.478  4.58118
3.479  4.58638
3.48  4.59162
3.481  4.59692
3.482  4.60226
3.483  4.60765
3.484  4.61308
3.485  4.61857
3.486  4.6241
3.487  4.62967
3.488  4.63529
3.489  4.64096
3.49  4.64666
3.491  4.65241
3.492  4.65821
3.493  4.66404
3.494  4.66991
3.495  4.67583
3.496  4.68178
3.497  4.68777
3.498  4.6938
3.499  4.69987
3.5  4.70597
3.501  4.71211
3.502  4.71829
3.503  4.72449
3.504  4.73074
3.505  4.73701
3.506  4.74332
3.507  4.74965
3.508  4.75602
3.509  4.76242
3.51  4.76885
3.511  4.7753
3.512  4.78179
3.513  4.7883
3.514  4.79483
3.515  4.80139
3.516  4.80798
3.517  4.81459
3.518  4.82122
3.519  4.82787
3.52  4.83455
3.521  4.84124
3.522  4.84796
3.523  4.85469
3.524  4.86144
3.525  4.86821
3.526  4.87499
3.527  4.88179
3.528  4.88861
3.529  4.89544
3.53  4.90228
3.531  4.90913
3.532  4.916
3.533  4.92287
3.534  4.92976
3.535  4.93665
3.536  4.94355
3.537  4.95046
3.538  4.95738
3.539  4.9643
3.54  4.97123
3.541  4.97816
3.542  4.98509
3.543  4.99202
3.544  4.99896
3.545  5.00589
3.546  5.01283
3.547  5.01976
3.548  5.0267
3.549  5.03362
3.55  5.04055
3.551  5.04747
3.552  5.05438
3.553  5.06129
3.554  5.06819
3.555  5.07509
3.556  5.08197
3.557  5.08884
3.558  5.09571
3.559  5.10256
3.56  5.1094
3.561  5.11622
3.562  5.12303
3.563  5.12983
3.564  5.13661
3.565  5.14338
3.566  5.15012
3.567  5.15685
3.568  5.16356
3.569  5.17025
3.57  5.17692
3.571  5.18356
3.572  5.19019
3.573  5.19679
3.574  5.20336
3.575  5.20992
3.576  5.21644
3.577  5.22294
3.578  5.22941
3.579  5.23585
3.58  5.24227
3.581  5.24865
3.582  5.255
3.583  5.26133
3.584  5.26761
3.585  5.27387
3.586  5.28009
3.587  5.28628
3.588  5.29243
3.589  5.29855
3.59  5.30462
3.591  5.31066
3.592  5.31667
3.593  5.32263
3.594  5.32855
3.595  5.33443
3.596  5.34027
3.597  5.34607
3.598  5.35182
3.599  5.35753
3.6  5.3632
3.601  5.36882
3.602  5.37439
3.603  5.37992
3.604  5.3854
3.605  5.39083
3.606  5.39621
3.607  5.40154
3.608  5.40683
3.609  5.41206
3.61  5.41724
3.611  5.42236
3.612  5.42744
3.613  5.43246
3.614  5.43742
3.615  5.44234
3.616  5.44719
3.617  5.45199
3.618  5.45673
3.619  5.46142
3.62  5.46604
3.621  5.47061
3.622  5.47512
3.623  5.47957
3.624  5.48396
3.625  5.48828
3.626  5.49255
3.627  5.49675
3.628  5.50089
3.629  5.50497
3.63  5.50898
3.631  5.51293
3.632  5.51682
3.633  5.52063
3.634  5.52439
3.635  5.52807
3.636  5.53169
3.637  5.53524
3.638  5.53873
3.639  5.54214
3.64  5.54549
3.641  5.54876
3.642  5.55197
3.643  5.55511
3.644  5.55817
3.645  5.56117
3.646  5.56409
3.647  5.56695
3.648  5.56973
3.649  5.57243
3.65  5.57507
3.651  5.57763
3.652  5.58012
3.653  5.58253
3.654  5.58487
3.655  5.58713
3.656  5.58932
3.657  5.59144
3.658  5.59348
3.659  5.59544
3.66  5.59733
3.661  5.59914
3.662  5.60087
3.663  5.60253
3.664  5.60411
3.665  5.60561
3.666  5.60703
3.667  5.60838
3.668  5.60965
3.669  5.61084
3.67  5.61195
3.671  5.61299
3.672  5.61394
3.673  5.61482
3.674  5.61561
3.675  5.61633
3.676  5.61697
3.677  5.61753
3.678  5.61801
3.679  5.61841
3.68  5.61873
3.681  5.61898
3.682  5.61914
3.683  5.61922
3.684  5.61922
3.685  5.61915
3.686  5.61899
3.687  5.61875
3.688  5.61844
3.689  5.61804
3.69  5.61756
3.691  5.61701
3.692  5.61637
3.693  5.61566
3.694  5.61486
3.695  5.61399
3.696  5.61304
3.697  5.61201
3.698  5.61089
3.699  5.6097
3.7  5.60844
3.701  5.60709
3.702  5.60566
3.703  5.60416
3.704  5.60258
3.705  5.60092
3.706  5.59918
3.707  5.59736
3.708  5.59547
3.709  5.5935
3.71  5.59145
3.711  5.58933
3.712  5.58713
3.713  5.58486
3.714  5.5825
3.715  5.58008
3.716  5.57758
3.717  5.575
3.718  5.57235
3.719  5.56962
3.72  5.56682
3.721  5.56395
3.722  5.56101
3.723  5.55799
3.724  5.5549
3.725  5.55174
3.726  5.5485
3.727  5.5452
3.728  5.54182
3.729  5.53838
3.73  5.53486
3.731  5.53128
3.732  5.52763
3.733  5.5239
3.734  5.52011
3.735  5.51626
3.736  5.51233
3.737  5.50834
3.738  5.50429
3.739  5.50017
3.74  5.49598
3.741  5.49173
3.742  5.48742
3.743  5.48304
3.744  5.4786
3.745  5.4741
3.746  5.46954
3.747  5.46492
3.748  5.46024
3.749  5.4555
3.75  5.4507
3.751  5.44584
3.752  5.44092
3.753  5.43595
3.754  5.43092
3.755  5.42584
3.756  5.4207
3.757  5.4155
3.758  5.41026
3.759  5.40496
3.76  5.39961
3.761  5.39421
3.762  5.38875
3.763  5.38325
3.764  5.3777
3.765  5.3721
3.766  5.36645
3.767  5.36076
3.768  5.35502
3.769  5.34924
3.77  5.34341
3.771  5.33754
3.772  5.33162
3.773  5.32566
3.774  5.31967
3.775  5.31363
3.776  5.30755
3.777  5.30143
3.778  5.29528
3.779  5.28909
3.78  5.28286
3.781  5.2766
3.782  5.2703
3.783  5.26397
3.784  5.25761
3.785  5.25121
3.786  5.24479
3.787  5.23833
3.788  5.23185
3.789  5.22533
3.79  5.21879
3.791  5.21223
3.792  5.20564
3.793  5.19902
3.794  5.19238
3.795  5.18572
3.796  5.17903
3.797  5.17233
3.798  5.1656
3.799  5.15886
3.8  5.1521
3.801  5.14532
3.802  5.13853
3.803  5.13172
3.804  5.12489
3.805  5.11805
3.806  5.11121
3.807  5.10434
3.808  5.09747
3.809  5.09059
3.81  5.0837
3.811  5.07681
3.812  5.06991
3.813  5.063
3.814  5.05609
3.815  5.04917
3.816  5.04225
3.817  5.03533
3.818  5.02841
3.819  5.02149
3.82  5.01457
3.821  5.00766
3.822  5.00074
3.823  4.99383
3.824  4.98693
3.825  4.98003
3.826  4.97315
3.827  4.96626
3.828  4.95939
3.829  4.95253
3.83  4.94568
3.831  4.93884
3.832  4.93202
3.833  4.92521
3.834  4.91841
3.835  4.91163
3.836  4.90487
3.837  4.89813
3.838  4.8914
3.839  4.8847
3.84  4.87801
3.841  4.87135
3.842  4.86471
3.843  4.8581
3.844  4.85151
3.845  4.84494
3.846  4.8384
3.847  4.8319
3.848  4.82541
3.849  4.81896
3.85  4.81254
3.851  4.80615
3.852  4.79979
3.853  4.79347
3.854  4.78718
3.855  4.78093
3.856  4.77471
3.857  4.76853
3.858  4.76238
3.859  4.75628
3.86  4.75021
3.861  4.74419
3.862  4.73821
3.863  4.73227
3.864  4.72637
3.865  4.72052
3.866  4.71471
3.867  4.70895
3.868  4.70323
3.869  4.69756
3.87  4.69194
3.871  4.68637
3.872  4.68085
3.873  4.67538
3.874  4.66996
3.875  4.66459
3.876  4.65928
3.877  4.65402
3.878  4.64882
3.879  4.64367
3.88  4.63858
3.881  4.63354
3.882  4.62857
3.883  4.62365
3.884  4.61879
3.885  4.61399
3.886  4.60925
3.887  4.60457
3.888  4.59996
3.889  4.5954
3.89  4.59092
3.891  4.58649
3.892  4.58213
3.893  4.57784
3.894  4.57361
3.895  4.56945
3.896  4.56536
3.897  4.56133
3.898  4.55737
3.899  4.55349
3.9  4.54967
3.901  4.54592
3.902  4.54224
3.903  4.53864
3.904  4.53511
3.905  4.53165
3.906  4.52826
3.907  4.52495
3.908  4.52171
3.909  4.51855
3.91  4.51546
3.911  4.51244
3.912  4.50951
3.913  4.50665
3.914  4.50386
3.915  4.50116
3.916  4.49853
3.917  4.49598
3.918  4.49351
3.919  4.49112
3.92  4.4888
3.921  4.48657
3.922  4.48442
3.923  4.48235
3.924  4.48036
3.925  4.47845
3.926  4.47662
3.927  4.47487
3.928  4.47321
3.929  4.47162
3.93  4.47012
3.931  4.46871
3.932  4.46737
3.933  4.46612
3.934  4.46495
3.935  4.46387
3.936  4.46287
3.937  4.46195
3.938  4.46112
3.939  4.46037
3.94  4.45971
3.941  4.45913
3.942  4.45864
3.943  4.45823
3.944  4.4579
3.945  4.45766
3.946  4.45751
3.947  4.45744
3.948  4.45745
3.949  4.45755
3.95  4.45774
3.951  4.45801
3.952  4.45836
3.953  4.4588
3.954  4.45932
3.955  4.45993
3.956  4.46063
3.957  4.46141
3.958  4.46227
3.959  4.46322
3.96  4.46425
3.961  4.46536
3.962  4.46656
3.963  4.46785
3.964  4.46922
3.965  4.47067
3.966  4.4722
3.967  4.47382
3.968  4.47552
3.969  4.4773
3.97  4.47916
3.971  4.48111
3.972  4.48314
3.973  4.48525
3.974  4.48744
3.975  4.48971
3.976  4.49206
3.977  4.4945
3.978  4.49701
3.979  4.4996
3.98  4.50227
3.981  4.50502
3.982  4.50785
3.983  4.51075
3.984  4.51373
3.985  4.51679
3.986  4.51993
3.987  4.52314
3.988  4.52642
3.989  4.52979
3.99  4.53322
3.991  4.53673
3.992  4.54032
3.993  4.54397
3.994  4.5477
3.995  4.5515
3.996  4.55537
3.997  4.55932
3.998  4.56333
3.999  4.56741
4  4.57156
