-2 -0.956368
-1.999 -0.956263
-1.998 -0.956157
-1.997 -0.956052
-1.996 -0.955946
-1.995 -0.95584
-1.994 -0.955733
-1.993 -0.955627
-1.992 -0.95552
-1.991 -0.955413
-1.99 -0.955306
-1.989 -0.955198
-1.988 -0.955091
-1.987 -0.954983
-1.986 -0.954875
-1.985 -0.954766
-1.984 -0.954658
-1.983 -0.954549
-1.982 -0.95444
-1.981 -0.954331
-1.98 -0.954222
-1.979 -0.954112
-1.978 -0.954002
-1.977 -0.953892
-1.976 -0.953782
-1.975 -0.953671
-1.974 -0.953561
-1.973 -0.95345
-1.972 -0.953338
-1.971 -0.953227
-1.97 -0.953115
-1.969 -0.953004
-1.968 -0.952892
-1.967 -0.952779
-1.966 -0.952667
-1.965 -0.952554
-1.964 -0.952441
-1.963 -0.952328
-1.962 -0.952214
-1.961 -0.952101
-1.96 -0.951987
-1.959 -0.951873
-1.958 -0.951759
-1.957 -0.951644
-1.956 -0.951529
-1.955 -0.951414
-1.954 -0.951299
-1.953 -0.951183
-1.952 -0.951068
-1.951 -0.950952
-1.95 -0.950836
-1.949 -0.950719
-1.948 -0.950603
-1.947 -0.950486
-1.946 -0.950369
-1.945 -0.950251
-1.944 -0.950134
-1.943 -0.950016
-1.942 -0.949898
-1.941 -0.94978
-1.94 -0.949661
-1.939 -0.949543
-1.938 -0.949424
-1.937 -0.949304
-1.936 -0.949185
-1.935 -0.949065
-1.934 -0.948945
-1.933 -0.948825
-1.932 -0.948705
-1.931 -0.948584
-1.93 -0.948464
-1.929 -0.948342
-1.928 -0.948221
-1.927 -0.9481
-1.926 -0.947978
-1.925 -0.947856
-1.924 -0.947733
-1.923 -0.947611
-1.922 -0.947488
-1.921 -0.947365
-1.92 -0.947242
-1.919 -0.947119
-1.918 -0.946995
-1.917 -0.946871
-1.916 -0.946747
-1.915 -0.946622
-1.914 -0.946498
-1.913 -0.946373
-1.912 -0.946247
-1.911 -0.946122
-1.91 -0.945996
-1.909 -0.94587
-1.908 -0.945744
-1.907 -0.945618
-1.906 -0.945491
-1.905 -0.945364
-1.904 -0.945237
-1.903 -0.94511
-1.902 -0.944982
-1.901 -0.944854
-1.9 -0.944726
-1.899 -0.944598
-1.898 -0.944469
-1.897 -0.94434
-1.896 -0.944211
-1.895 -0.944082
-1.894 -0.943952
-1.893 -0.943823
-1.892 -0.943692
-1.891 -0.943562
-1.89 -0.943431
-1.889 -0.943301
-1.888 -0.943169
-1.887 -0.943038
-1.886 -0.942906
-1.885 -0.942775
-1.884 -0.942642
-1.883 -0.94251
-1.882 -0.942377
-1.881 -0.942245
-1.88 -0.942111
-1.879 -0.941978
-1.878 -0.941844
-1.877 -0.94171
-1.876 -0.941576
-1.875 -0.941442
-1.874 -0.941307
-1.873 -0.941172
-1.872 -0.941037
-1.871 -0.940902
-1.87 -0.940766
-1.869 -0.94063
-1.868 -0.940494
-1.867 -0.940357
-1.866 -0.94022
-1.865 -0.940083
-1.864 -0.939946
-1.863 -0.939809
-1.862 -0.939671
-1.861 -0.939533
-1.86 -0.939394
-1.859 -0.939256
-1.858 -0.939117
-1.857 -0.938978
-1.856 -0.938839
-1.855 -0.938699
-1.854 -0.938559
-1.853 -0.938419
-1.852 -0.938279
-1.851 -0.938138
-1.85 -0.937997
-1.849 -0.937856
-1.848 -0.937714
-1.847 -0.937572
-1.846 -0.93743
-1.845 -0.937288
-1.844 -0.937146
-1.843 -0.937003
-1.842 -0.93686
-1.841 -0.936716
-1.84 -0.936573
-1.839 -0.936429
-1.838 -0.936285
-1.837 -0.93614
-1.836 -0.935996
-1.835 -0.935851
-1.834 -0.935705
-1.833 -0.93556
-1.832 -0.935414
-1.831 -0.935268
-1.83 -0.935122
-1.829 -0.934975
-1.828 -0.934828
-1.827 -0.934681
-1.826 -0.934534
-1.825 -0.934386
-1.824 -0.934238
-1.823 -0.93409
-1.822 -0.933941
-1.821 -0.933792
-1.82 -0.933643
-1.819 -0.933494
-1.818 -0.933344
-1.817 -0.933195
-1.816 -0.933044
-1.815 -0.932894
-1.814 -0.932743
-1.813 -0.932592
-1.812 -0.932441
-1.811 -0.932289
-1.81 -0.932137
-1.809 -0.931985
-1.808 -0.931833
-1.807 -0.93168
-1.806 -0.931527
-1.805 -0.931374
-1.804 -0.93122
-1.803 -0.931067
-1.802 -0.930912
-1.801 -0.930758
-1.8 -0.930603
-1.799 -0.930448
-1.798 -0.930293
-1.797 -0.930138
-1.796 -0.929982
-1.795 -0.929826
-1.794 -0.929669
-1.793 -0.929513
-1.792 -0.929356
-1.791 -0.929199
-1.79 -0.929041
-1.789 -0.928883
-1.788 -0.928725
-1.787 -0.928567
-1.786 -0.928408
-1.785 -0.928249
-1.784 -0.92809
-1.783 -0.92793
-1.782 -0.927771
-1.781 -0.92761
-1.78 -0.92745
-1.779 -0.927289
-1.778 -0.927128
-1.777 -0.926967
-1.776 -0.926806
-1.775 -0.926644
-1.774 -0.926482
-1.773 -0.926319
-1.772 -0.926156
-1.771 -0.925993
-1.77 -0.92583
-1.769 -0.925666
-1.768 -0.925502
-1.767 -0.925338
-1.766 -0.925174
-1.765 -0.925009
-1.764 -0.924844
-1.763 -0.924678
-1.762 -0.924513
-1.761 -0.924347
-1.76 -0.92418
-1.759 -0.924014
-1.758 -0.923847
-1.757 -0.92368
-1.756 -0.923512
-1.755 -0.923344
-1.754 -0.923176
-1.753 -0.923008
-1.752 -0.922839
-1.751 -0.92267
-1.75 -0.922501
-1.749 -0.922331
-1.748 -0.922161
-1.747 -0.921991
-1.746 -0.921821
-1.745 -0.92165
-1.744 -0.921479
-1.743 -0.921307
-1.742 -0.921136
-1.741 -0.920964
-1.74 -0.920791
-1.739 -0.920619
-1.738 -0.920446
-1.737 -0.920273
-1.736 -0.920099
-1.735 -0.919925
-1.734 -0.919751
-1.733 -0.919577
-1.732 -0.919402
-1.731 -0.919227
-1.73 -0.919051
-1.729 -0.918876
-1.728 -0.9187
-1.727 -0.918523
-1.726 -0.918347
-1.725 -0.91817
-1.724 -0.917992
-1.723 -0.917815
-1.722 -0.917637
-1.721 -0.917459
-1.72 -0.91728
-1.719 -0.917101
-1.718 -0.916922
-1.717 -0.916743
-1.716 -0.916563
-1.715 -0.916383
-1.714 -0.916203
-1.713 -0.916022
-1.712 -0.915841
-1.711 -0.91566
-1.71 -0.915478
-1.709 -0.915296
-1.708 -0.915114
-1.707 -0.914931
-1.706 -0.914748
-1.705 -0.914565
-1.704 -0.914381
-1.703 -0.914198
-1.702 -0.914013
-1.701 -0.913829
-1.7 -0.913644
-1.699 -0.913459
-1.698 -0.913273
-1.697 -0.913088
-1.696 -0.912902
-1.695 -0.912715
-1.694 -0.912528
-1.693 -0.912341
-1.692 -0.912154
-1.691 -0.911966
-1.69 -0.911778
-1.689 -0.91159
-1.688 -0.911401
-1.687 -0.911212
-1.686 -0.911023
-1.685 -0.910833
-1.684 -0.910643
-1.683 -0.910453
-1.682 -0.910262
-1.681 -0.910071
-1.68 -0.90988
-1.679 -0.909688
-1.678 -0.909496
-1.677 -0.909304
-1.676 -0.909111
-1.675 -0.908918
-1.674 -0.908725
-1.673 -0.908532
-1.672 -0.908338
-1.671 -0.908143
-1.67 -0.907949
-1.669 -0.907754
-1.668 -0.907559
-1.667 -0.907363
-1.666 -0.907167
-1.665 -0.906971
-1.664 -0.906774
-1.663 -0.906577
-1.662 -0.90638
-1.661 -0.906183
-1.66 -0.905985
-1.659 -0.905786
-1.658 -0.905588
-1.657 -0.905389
-1.656 -0.90519
-1.655 -0.90499
-1.654 -0.90479
-1.653 -0.90459
-1.652 -0.904389
-1.651 -0.904188
-1.65 -0.903987
-1.649 -0.903786
-1.648 -0.903584
-1.647 -0.903381
-1.646 -0.903179
-1.645 -0.902976
-1.644 -0.902772
-1.643 -0.902569
-1.642 -0.902365
-1.641 -0.90216
-1.64 -0.901956
-1.639 -0.901751
-1.638 -0.901545
-1.637 -0.90134
-1.636 -0.901134
-1.635 -0.900927
-1.634 -0.90072
-1.633 -0.900513
-1.632 -0.900306
-1.631 -0.900098
-1.63 -0.89989
-1.629 -0.899682
-1.628 -0.899473
-1.627 -0.899264
-1.626 -0.899054
-1.625 -0.898844
-1.624 -0.898634
-1.623 -0.898424
-1.622 -0.898213
-1.621 -0.898002
-1.62 -0.89779
-1.619 -0.897578
-1.618 -0.897366
-1.617 -0.897153
-1.616 -0.89694
-1.615 -0.896727
-1.614 -0.896513
-1.613 -0.896299
-1.612 -0.896085
-1.611 -0.89587
-1.61 -0.895655
-1.609 -0.895439
-1.608 -0.895224
-1.607 -0.895008
-1.606 -0.894791
-1.605 -0.894574
-1.604 -0.894357
-1.603 -0.894139
-1.602 -0.893922
-1.601 -0.893703
-1.6 -0.893485
-1.599 -0.893266
-1.598 -0.893046
-1.597 -0.892827
-1.596 -0.892607
-1.595 -0.892386
-1.594 -0.892165
-1.593 -0.891944
-1.592 -0.891723
-1.591 -0.891501
-1.59 -0.891279
-1.589 -0.891056
-1.588 -0.890833
-1.587 -0.89061
-1.586 -0.890386
-1.585 -0.890162
-1.584 -0.889938
-1.583 -0.889713
-1.582 -0.889488
-1.581 -0.889263
-1.58 -0.889037
-1.579 -0.888811
-1.578 -0.888584
-1.577 -0.888357
-1.576 -0.88813
-1.575 -0.887902
-1.574 -0.887674
-1.573 -0.887446
-1.572 -0.887217
-1.571 -0.886988
-1.57 -0.886758
-1.569 -0.886529
-1.568 -0.886298
-1.567 -0.886068
-1.566 -0.885837
-1.565 -0.885606
-1.564 -0.885374
-1.563 -0.885142
-1.562 -0.884909
-1.561 -0.884677
-1.56 -0.884443
-1.559 -0.88421
-1.558 -0.883976
-1.557 -0.883742
-1.556 -0.883507
-1.555 -0.883272
-1.554 -0.883037
-1.553 -0.882801
-1.552 -0.882565
-1.551 -0.882328
-1.55 -0.882091
-1.549 -0.881854
-1.548 -0.881617
-1.547 -0.881379
-1.546 -0.88114
-1.545 -0.880901
-1.544 -0.880662
-1.543 -0.880423
-1.542 -0.880183
-1.541 -0.879943
-1.54 -0.879702
-1.539 -0.879461
-1.538 -0.87922
-1.537 -0.878978
-1.536 -0.878736
-1.535 -0.878493
-1.534 -0.87825
-1.533 -0.878007
-1.532 -0.877763
-1.531 -0.877519
-1.53 -0.877275
-1.529 -0.87703
-1.528 -0.876785
-1.527 -0.876539
-1.526 -0.876293
-1.525 -0.876047
-1.524 -0.8758
-1.523 -0.875553
-1.522 -0.875306
-1.521 -0.875058
-1.52 -0.87481
-1.519 -0.874561
-1.518 -0.874312
-1.517 -0.874063
-1.516 -0.873813
-1.515 -0.873563
-1.514 -0.873312
-1.513 -0.873061
-1.512 -0.87281
-1.511 -0.872558
-1.51 -0.872306
-1.509 -0.872054
-1.508 -0.871801
-1.507 -0.871547
-1.506 -0.871294
-1.505 -0.87104
-1.504 -0.870785
-1.503 -0.87053
-1.502 -0.870275
-1.501 -0.87002
-1.5 -0.869764
-1.499 -0.869507
-1.498 -0.869251
-1.497 -0.868993
-1.496 -0.868736
-1.495 -0.868478
-1.494 -0.868219
-1.493 -0.867961
-1.492 -0.867702
-1.491 -0.867442
-1.49 -0.867182
-1.489 -0.866922
-1.488 -0.866661
-1.487 -0.8664
-1.486 -0.866139
-1.485 -0.865877
-1.484 -0.865614
-1.483 -0.865352
-1.482 -0.865089
-1.481 -0.864825
-1.48 -0.864561
-1.479 -0.864297
-1.478 -0.864032
-1.477 -0.863767
-1.476 -0.863502
-1.475 -0.863236
-1.474 -0.86297
-1.473 -0.862703
-1.472 -0.862436
-1.471 -0.862168
-1.47 -0.8619
-1.469 -0.861632
-1.468 -0.861364
-1.467 -0.861094
-1.466 -0.860825
-1.465 -0.860555
-1.464 -0.860285
-1.463 -0.860014
-1.462 -0.859743
-1.461 -0.859472
-1.46 -0.8592
-1.459 -0.858927
-1.458 -0.858655
-1.457 -0.858381
-1.456 -0.858108
-1.455 -0.857834
-1.454 -0.85756
-1.453 -0.857285
-1.452 -0.85701
-1.451 -0.856734
-1.45 -0.856458
-1.449 -0.856182
-1.448 -0.855905
-1.447 -0.855628
-1.446 -0.85535
-1.445 -0.855072
-1.444 -0.854794
-1.443 -0.854515
-1.442 -0.854236
-1.441 -0.853956
-1.44 -0.853676
-1.439 -0.853396
-1.438 -0.853115
-1.437 -0.852834
-1.436 -0.852552
-1.435 -0.85227
-1.434 -0.851987
-1.433 -0.851705
-1.432 -0.851421
-1.431 -0.851137
-1.43 -0.850853
-1.429 -0.850569
-1.428 -0.850284
-1.427 -0.849998
-1.426 -0.849712
-1.425 -0.849426
-1.424 -0.84914
-1.423 -0.848853
-1.422 -0.848565
-1.421 -0.848277
-1.42 -0.847989
-1.419 -0.8477
-1.418 -0.847411
-1.417 -0.847121
-1.416 -0.846831
-1.415 -0.846541
-1.414 -0.84625
-1.413 -0.845959
-1.412 -0.845667
-1.411 -0.845375
-1.41 -0.845083
-1.409 -0.84479
-1.408 -0.844496
-1.407 -0.844203
-1.406 -0.843908
-1.405 -0.843614
-1.404 -0.843319
-1.403 -0.843023
-1.402 -0.842728
-1.401 -0.842431
-1.4 -0.842135
-1.399 -0.841837
-1.398 -0.84154
-1.397 -0.841242
-1.396 -0.840943
-1.395 -0.840645
-1.394 -0.840345
-1.393 -0.840046
-1.392 -0.839746
-1.391 -0.839445
-1.39 -0.839144
-1.389 -0.838843
-1.388 -0.838541
-1.387 -0.838239
-1.386 -0.837936
-1.385 -0.837633
-1.384 -0.837329
-1.383 -0.837025
-1.382 -0.836721
-1.381 -0.836416
-1.38 -0.836111
-1.379 -0.835805
-1.378 -0.835499
-1.377 -0.835193
-1.376 -0.834886
-1.375 -0.834578
-1.374 -0.834271
-1.373 -0.833962
-1.372 -0.833654
-1.371 -0.833345
-1.37 -0.833035
-1.369 -0.832725
-1.368 -0.832415
-1.367 -0.832104
-1.366 -0.831793
-1.365 -0.831481
-1.364 -0.831169
-1.363 -0.830856
-1.362 -0.830543
-1.361 -0.83023
-1.36 -0.829916
-1.359 -0.829602
-1.358 -0.829287
-1.357 -0.828972
-1.356 -0.828656
-1.355 -0.82834
-1.354 -0.828024
-1.353 -0.827707
-1.352 -0.827389
-1.351 -0.827072
-1.35 -0.826753
-1.349 -0.826435
-1.348 -0.826116
-1.347 -0.825796
-1.346 -0.825476
-1.345 -0.825156
-1.344 -0.824835
-1.343 -0.824514
-1.342 -0.824192
-1.341 -0.82387
-1.34 -0.823547
-1.339 -0.823224
-1.338 -0.822901
-1.337 -0.822577
-1.336 -0.822252
-1.335 -0.821927
-1.334 -0.821602
-1.333 -0.821276
-1.332 -0.82095
-1.331 -0.820624
-1.33 -0.820297
-1.329 -0.819969
-1.328 -0.819641
-1.327 -0.819313
-1.326 -0.818984
-1.325 -0.818655
-1.324 -0.818325
-1.323 -0.817995
-1.322 -0.817665
-1.321 -0.817334
-1.32 -0.817002
-1.319 -0.81667
-1.318 -0.816338
-1.317 -0.816005
-1.316 -0.815672
-1.315 -0.815338
-1.314 -0.815004
-1.313 -0.814669
-1.312 -0.814334
-1.311 -0.813999
-1.31 -0.813663
-1.309 -0.813327
-1.308 -0.81299
-1.307 -0.812652
-1.306 -0.812315
-1.305 -0.811977
-1.304 -0.811638
-1.303 -0.811299
-1.302 -0.810959
-1.301 -0.810619
-1.3 -0.810279
-1.299 -0.809938
-1.298 -0.809597
-1.297 -0.809255
-1.296 -0.808913
-1.295 -0.80857
-1.294 -0.808227
-1.293 -0.807883
-1.292 -0.807539
-1.291 -0.807195
-1.29 -0.80685
-1.289 -0.806504
-1.288 -0.806159
-1.287 -0.805812
-1.286 -0.805466
-1.285 -0.805118
-1.284 -0.804771
-1.283 -0.804423
-1.282 -0.804074
-1.281 -0.803725
-1.28 -0.803375
-1.279 -0.803026
-1.278 -0.802675
-1.277 -0.802324
-1.276 -0.801973
-1.275 -0.801621
-1.274 -0.801269
-1.273 -0.800916
-1.272 -0.800563
-1.271 -0.80021
-1.27 -0.799856
-1.269 -0.799501
-1.268 -0.799146
-1.267 -0.798791
-1.266 -0.798435
-1.265 -0.798078
-1.264 -0.797722
-1.263 -0.797364
-1.262 -0.797007
-1.261 -0.796648
-1.26 -0.79629
-1.259 -0.795931
-1.258 -0.795571
-1.257 -0.795211
-1.256 -0.794851
-1.255 -0.79449
-1.254 -0.794128
-1.253 -0.793766
-1.252 -0.793404
-1.251 -0.793041
-1.25 -0.792678
-1.249 -0.792314
-1.248 -0.79195
-1.247 -0.791586
-1.246 -0.79122
-1.245 -0.790855
-1.244 -0.790489
-1.243 -0.790122
-1.242 -0.789755
-1.241 -0.789388
-1.24 -0.78902
-1.239 -0.788652
-1.238 -0.788283
-1.237 -0.787914
-1.236 -0.787544
-1.235 -0.787174
-1.234 -0.786803
-1.233 -0.786432
-1.232 -0.78606
-1.231 -0.785688
-1.23 -0.785316
-1.229 -0.784943
-1.228 -0.784569
-1.227 -0.784195
-1.226 -0.783821
-1.225 -0.783446
-1.224 -0.783071
-1.223 -0.782695
-1.222 -0.782319
-1.221 -0.781942
-1.22 -0.781565
-1.219 -0.781187
-1.218 -0.780809
-1.217 -0.78043
-1.216 -0.780051
-1.215 -0.779672
-1.214 -0.779292
-1.213 -0.778911
-1.212 -0.77853
-1.211 -0.778149
-1.21 -0.777767
-1.209 -0.777384
-1.208 -0.777002
-1.207 -0.776618
-1.206 -0.776234
-1.205 -0.77585
-1.204 -0.775465
-1.203 -0.77508
-1.202 -0.774695
-1.201 -0.774308
-1.2 -0.773922
-1.199 -0.773535
-1.198 -0.773147
-1.197 -0.772759
-1.196 -0.772371
-1.195 -0.771982
-1.194 -0.771592
-1.193 -0.771202
-1.192 -0.770812
-1.191 -0.770421
-1.19 -0.77003
-1.189 -0.769638
-1.188 -0.769245
-1.187 -0.768853
-1.186 -0.768459
-1.185 -0.768066
-1.184 -0.767672
-1.183 -0.767277
-1.182 -0.766882
-1.181 -0.766486
-1.18 -0.76609
-1.179 -0.765693
-1.178 -0.765296
-1.177 -0.764899
-1.176 -0.764501
-1.175 -0.764102
-1.174 -0.763703
-1.173 -0.763304
-1.172 -0.762904
-1.171 -0.762504
-1.17 -0.762103
-1.169 -0.761701
-1.168 -0.7613
-1.167 -0.760897
-1.166 -0.760495
-1.165 -0.760091
-1.164 -0.759688
-1.163 -0.759283
-1.162 -0.758879
-1.161 -0.758473
-1.16 -0.758068
-1.159 -0.757662
-1.158 -0.757255
-1.157 -0.756848
-1.156 -0.75644
-1.155 -0.756032
-1.154 -0.755624
-1.153 -0.755215
-1.152 -0.754805
-1.151 -0.754395
-1.15 -0.753985
-1.149 -0.753574
-1.148 -0.753163
-1.147 -0.752751
-1.146 -0.752338
-1.145 -0.751926
-1.144 -0.751512
-1.143 -0.751098
-1.142 -0.750684
-1.141 -0.750269
-1.14 -0.749854
-1.139 -0.749438
-1.138 -0.749022
-1.137 -0.748605
-1.136 -0.748188
-1.135 -0.74777
-1.134 -0.747352
-1.133 -0.746934
-1.132 -0.746515
-1.131 -0.746095
-1.13 -0.745675
-1.129 -0.745254
-1.128 -0.744833
-1.127 -0.744412
-1.126 -0.74399
-1.125 -0.743567
-1.124 -0.743144
-1.123 -0.742721
-1.122 -0.742297
-1.121 -0.741872
-1.12 -0.741447
-1.119 -0.741022
-1.118 -0.740596
-1.117 -0.74017
-1.116 -0.739743
-1.115 -0.739316
-1.114 -0.738888
-1.113 -0.738459
-1.112 -0.738031
-1.111 -0.737601
-1.11 -0.737172
-1.109 -0.736741
-1.108 -0.736311
-1.107 -0.735879
-1.106 -0.735448
-1.105 -0.735015
-1.104 -0.734583
-1.103 -0.734149
-1.102 -0.733716
-1.101 -0.733282
-1.1 -0.732847
-1.099 -0.732412
-1.098 -0.731976
-1.097 -0.73154
-1.096 -0.731104
-1.095 -0.730667
-1.094 -0.730229
-1.093 -0.729791
-1.092 -0.729352
-1.091 -0.728913
-1.09 -0.728474
-1.089 -0.728034
-1.088 -0.727593
-1.087 -0.727152
-1.086 -0.726711
-1.085 -0.726269
-1.084 -0.725827
-1.083 -0.725384
-1.082 -0.72494
-1.081 -0.724496
-1.08 -0.724052
-1.079 -0.723607
-1.078 -0.723162
-1.077 -0.722716
-1.076 -0.72227
-1.075 -0.721823
-1.074 -0.721375
-1.073 -0.720928
-1.072 -0.720479
-1.071 -0.72003
-1.07 -0.719581
-1.069 -0.719131
-1.068 -0.718681
-1.067 -0.71823
-1.066 -0.717779
-1.065 -0.717327
-1.064 -0.716875
-1.063 -0.716422
-1.062 -0.715969
-1.061 -0.715516
-1.06 -0.715061
-1.059 -0.714607
-1.058 -0.714152
-1.057 -0.713696
-1.056 -0.71324
-1.055 -0.712783
-1.054 -0.712326
-1.053 -0.711868
-1.052 -0.71141
-1.051 -0.710952
-1.05 -0.710493
-1.049 -0.710033
-1.048 -0.709573
-1.047 -0.709112
-1.046 -0.708651
-1.045 -0.70819
-1.044 -0.707728
-1.043 -0.707265
-1.042 -0.706802
-1.041 -0.706339
-1.04 -0.705875
-1.039 -0.70541
-1.038 -0.704945
-1.037 -0.70448
-1.036 -0.704014
-1.035 -0.703548
-1.034 -0.703081
-1.033 -0.702613
-1.032 -0.702145
-1.031 -0.701677
-1.03 -0.701208
-1.029 -0.700738
-1.028 -0.700269
-1.027 -0.699798
-1.026 -0.699327
-1.025 -0.698856
-1.024 -0.698384
-1.023 -0.697912
-1.022 -0.697439
-1.021 -0.696966
-1.02 -0.696492
-1.019 -0.696017
-1.018 -0.695543
-1.017 -0.695067
-1.016 -0.694592
-1.015 -0.694115
-1.014 -0.693638
-1.013 -0.693161
-1.012 -0.692683
-1.011 -0.692205
-1.01 -0.691726
-1.009 -0.691247
-1.008 -0.690767
-1.007 -0.690287
-1.006 -0.689807
-1.005 -0.689325
-1.004 -0.688844
-1.003 -0.688361
-1.002 -0.687879
-1.001 -0.687396
-1 -0.686912
-0.999 -0.686428
-0.998 -0.685943
-0.997 -0.685458
-0.996 -0.684972
-0.995 -0.684486
-0.994 -0.684
-0.993 -0.683512
-0.992 -0.683025
-0.991 -0.682537
-0.99 -0.682048
-0.989 -0.681559
-0.988 -0.681069
-0.987 -0.680579
-0.986 -0.680089
-0.985 -0.679598
-0.984 -0.679106
-0.983 -0.678614
-0.982 -0.678122
-0.981 -0.677629
-0.98 -0.677135
-0.979 -0.676641
-0.978 -0.676147
-0.977 -0.675652
-0.976 -0.675156
-0.975 -0.67466
-0.974 -0.674164
-0.973 -0.673667
-0.972 -0.673169
-0.971 -0.672671
-0.97 -0.672173
-0.969 -0.671674
-0.968 -0.671174
-0.967 -0.670674
-0.966 -0.670174
-0.965 -0.669673
-0.964 -0.669172
-0.963 -0.66867
-0.962 -0.668168
-0.961 -0.667665
-0.96 -0.667161
-0.959 -0.666657
-0.958 -0.666153
-0.957 -0.665648
-0.956 -0.665143
-0.955 -0.664637
-0.954 -0.664131
-0.953 -0.663624
-0.952 -0.663117
-0.951 -0.662609
-0.95 -0.662101
-0.949 -0.661592
-0.948 -0.661083
-0.947 -0.660573
-0.946 -0.660063
-0.945 -0.659552
-0.944 -0.659041
-0.943 -0.658529
-0.942 -0.658017
-0.941 -0.657504
-0.94 -0.656991
-0.939 -0.656477
-0.938 -0.655963
-0.937 -0.655448
-0.936 -0.654933
-0.935 -0.654417
-0.934 -0.653901
-0.933 -0.653385
-0.932 -0.652867
-0.931 -0.65235
-0.93 -0.651832
-0.929 -0.651313
-0.928 -0.650794
-0.927 -0.650275
-0.926 -0.649754
-0.925 -0.649234
-0.924 -0.648713
-0.923 -0.648191
-0.922 -0.647669
-0.921 -0.647147
-0.92 -0.646624
-0.919 -0.6461
-0.918 -0.645576
-0.917 -0.645052
-0.916 -0.644527
-0.915 -0.644001
-0.914 -0.643475
-0.913 -0.642949
-0.912 -0.642422
-0.911 -0.641895
-0.91 -0.641367
-0.909 -0.640838
-0.908 -0.64031
-0.907 -0.63978
-0.906 -0.63925
-0.905 -0.63872
-0.904 -0.638189
-0.903 -0.637658
-0.902 -0.637126
-0.901 -0.636594
-0.9 -0.636061
-0.899 -0.635528
-0.898 -0.634994
-0.897 -0.63446
-0.896 -0.633925
-0.895 -0.63339
-0.894 -0.632854
-0.893 -0.632318
-0.892 -0.631781
-0.891 -0.631244
-0.89 -0.630706
-0.889 -0.630168
-0.888 -0.629629
-0.887 -0.62909
-0.886 -0.628551
-0.885 -0.628011
-0.884 -0.62747
-0.883 -0.626929
-0.882 -0.626387
-0.881 -0.625845
-0.88 -0.625303
-0.879 -0.62476
-0.878 -0.624216
-0.877 -0.623672
-0.876 -0.623128
-0.875 -0.622583
-0.874 -0.622037
-0.873 -0.621491
-0.872 -0.620945
-0.871 -0.620398
-0.87 -0.619851
-0.869 -0.619303
-0.868 -0.618755
-0.867 -0.618206
-0.866 -0.617656
-0.865 -0.617107
-0.864 -0.616556
-0.863 -0.616005
-0.862 -0.615454
-0.861 -0.614902
-0.86 -0.61435
-0.859 -0.613798
-0.858 -0.613244
-0.857 -0.612691
-0.856 -0.612136
-0.855 -0.611582
-0.854 -0.611027
-0.853 -0.610471
-0.852 -0.609915
-0.851 -0.609358
-0.85 -0.608801
-0.849 -0.608244
-0.848 -0.607686
-0.847 -0.607127
-0.846 -0.606568
-0.845 -0.606009
-0.844 -0.605449
-0.843 -0.604889
-0.842 -0.604328
-0.841 -0.603766
-0.84 -0.603204
-0.839 -0.602642
-0.838 -0.602079
-0.837 -0.601516
-0.836 -0.600952
-0.835 -0.600388
-0.834 -0.599823
-0.833 -0.599258
-0.832 -0.598692
-0.831 -0.598126
-0.83 -0.597559
-0.829 -0.596992
-0.828 -0.596424
-0.827 -0.595856
-0.826 -0.595288
-0.825 -0.594719
-0.824 -0.594149
-0.823 -0.593579
-0.822 -0.593009
-0.821 -0.592438
-0.82 -0.591866
-0.819 -0.591294
-0.818 -0.590722
-0.817 -0.590149
-0.816 -0.589576
-0.815 -0.589002
-0.814 -0.588428
-0.813 -0.587853
-0.812 -0.587278
-0.811 -0.586702
-0.81 -0.586126
-0.809 -0.585549
-0.808 -0.584972
-0.807 -0.584394
-0.806 -0.583816
-0.805 -0.583237
-0.804 -0.582658
-0.803 -0.582079
-0.802 -0.581499
-0.801 -0.580918
-0.8 -0.580337
-0.799 -0.579756
-0.798 -0.579174
-0.797 -0.578592
-0.796 -0.578009
-0.795 -0.577426
-0.794 -0.576842
-0.793 -0.576258
-0.792 -0.575673
-0.791 -0.575088
-0.79 -0.574502
-0.789 -0.573916
-0.788 -0.573329
-0.787 -0.572742
-0.786 -0.572155
-0.785 -0.571567
-0.784 -0.570978
-0.783 -0.570389
-0.782 -0.5698
-0.781 -0.56921
-0.78 -0.568619
-0.779 -0.568029
-0.778 -0.567437
-0.777 -0.566845
-0.776 -0.566253
-0.775 -0.565661
-0.774 -0.565067
-0.773 -0.564474
-0.772 -0.56388
-0.771 -0.563285
-0.77 -0.56269
-0.769 -0.562094
-0.768 -0.561498
-0.767 -0.560902
-0.766 -0.560305
-0.765 -0.559708
-0.764 -0.55911
-0.763 -0.558512
-0.762 -0.557913
-0.761 -0.557314
-0.76 -0.556714
-0.759 -0.556114
-0.758 -0.555513
-0.757 -0.554912
-0.756 -0.55431
-0.755 -0.553708
-0.754 -0.553106
-0.753 -0.552503
-0.752 -0.5519
-0.751 -0.551296
-0.75 -0.550691
-0.749 -0.550087
-0.748 -0.549481
-0.747 -0.548876
-0.746 -0.548269
-0.745 -0.547663
-0.744 -0.547056
-0.743 -0.546448
-0.742 -0.54584
-0.741 -0.545232
-0.74 -0.544623
-0.739 -0.544013
-0.738 -0.543404
-0.737 -0.542793
-0.736 -0.542182
-0.735 -0.541571
-0.734 -0.54096
-0.733 -0.540347
-0.732 -0.539735
-0.731 -0.539122
-0.73 -0.538508
-0.729 -0.537894
-0.728 -0.53728
-0.727 -0.536665
-0.726 -0.53605
-0.725 -0.535434
-0.724 -0.534818
-0.723 -0.534201
-0.722 -0.533584
-0.721 -0.532966
-0.72 -0.532348
-0.719 -0.53173
-0.718 -0.531111
-0.717 -0.530491
-0.716 -0.529871
-0.715 -0.529251
-0.714 -0.52863
-0.713 -0.528009
-0.712 -0.527387
-0.711 -0.526765
-0.71 -0.526143
-0.709 -0.52552
-0.708 -0.524896
-0.707 -0.524272
-0.706 -0.523648
-0.705 -0.523023
-0.704 -0.522398
-0.703 -0.521772
-0.702 -0.521146
-0.701 -0.520519
-0.7 -0.519892
-0.699 -0.519265
-0.698 -0.518637
-0.697 -0.518009
-0.696 -0.51738
-0.695 -0.51675
-0.694 -0.516121
-0.693 -0.515491
-0.692 -0.51486
-0.691 -0.514229
-0.69 -0.513597
-0.689 -0.512965
-0.688 -0.512333
-0.687 -0.5117
-0.686 -0.511067
-0.685 -0.510433
-0.684 -0.509799
-0.683 -0.509164
-0.682 -0.508529
-0.681 -0.507894
-0.68 -0.507258
-0.679 -0.506622
-0.678 -0.505985
-0.677 -0.505348
-0.676 -0.50471
-0.675 -0.504072
-0.674 -0.503433
-0.673 -0.502794
-0.672 -0.502155
-0.671 -0.501515
-0.67 -0.500875
-0.669 -0.500234
-0.668 -0.499593
-0.667 -0.498951
-0.666 -0.498309
-0.665 -0.497666
-0.664 -0.497024
-0.663 -0.49638
-0.662 -0.495736
-0.661 -0.495092
-0.66 -0.494448
-0.659 -0.493802
-0.658 -0.493157
-0.657 -0.492511
-0.656 -0.491865
-0.655 -0.491218
-0.654 -0.49057
-0.653 -0.489923
-0.652 -0.489275
-0.651 -0.488626
-0.65 -0.487977
-0.649 -0.487328
-0.648 -0.486678
-0.647 -0.486028
-0.646 -0.485377
-0.645 -0.484726
-0.644 -0.484074
-0.643 -0.483422
-0.642 -0.48277
-0.641 -0.482117
-0.64 -0.481464
-0.639 -0.48081
-0.638 -0.480156
-0.637 -0.479502
-0.636 -0.478847
-0.635 -0.478191
-0.634 -0.477535
-0.633 -0.476879
-0.632 -0.476223
-0.631 -0.475565
-0.63 -0.474908
-0.629 -0.47425
-0.628 -0.473592
-0.627 -0.472933
-0.626 -0.472274
-0.625 -0.471614
-0.624 -0.470954
-0.623 -0.470294
-0.622 -0.469633
-0.621 -0.468972
-0.62 -0.46831
-0.619 -0.467648
-0.618 -0.466985
-0.617 -0.466322
-0.616 -0.465659
-0.615 -0.464995
-0.614 -0.464331
-0.613 -0.463666
-0.612 -0.463001
-0.611 -0.462336
-0.61 -0.46167
-0.609 -0.461004
-0.608 -0.460337
-0.607 -0.45967
-0.606 -0.459003
-0.605 -0.458335
-0.604 -0.457666
-0.603 -0.456998
-0.602 -0.456329
-0.601 -0.455659
-0.6 -0.454989
-0.599 -0.454319
-0.598 -0.453648
-0.597 -0.452977
-0.596 -0.452305
-0.595 -0.451633
-0.594 -0.450961
-0.593 -0.450288
-0.592 -0.449615
-0.591 -0.448941
-0.59 -0.448267
-0.589 -0.447593
-0.588 -0.446918
-0.587 -0.446242
-0.586 -0.445567
-0.585 -0.444891
-0.584 -0.444214
-0.583 -0.443537
-0.582 -0.44286
-0.581 -0.442183
-0.58 -0.441504
-0.579 -0.440826
-0.578 -0.440147
-0.577 -0.439468
-0.576 -0.438788
-0.575 -0.438108
-0.574 -0.437428
-0.573 -0.436747
-0.572 -0.436066
-0.571 -0.435384
-0.57 -0.434702
-0.569 -0.434019
-0.568 -0.433337
-0.567 -0.432653
-0.566 -0.43197
-0.565 -0.431286
-0.564 -0.430601
-0.563 -0.429917
-0.562 -0.429231
-0.561 -0.428546
-0.56 -0.42786
-0.559 -0.427173
-0.558 -0.426487
-0.557 -0.4258
-0.556 -0.425112
-0.555 -0.424424
-0.554 -0.423736
-0.553 -0.423047
-0.552 -0.422358
-0.551 -0.421668
-0.55 -0.420979
-0.549 -0.420288
-0.548 -0.419598
-0.547 -0.418907
-0.546 -0.418215
-0.545 -0.417523
-0.544 -0.416831
-0.543 -0.416139
-0.542 -0.415446
-0.541 -0.414752
-0.54 -0.414059
-0.539 -0.413365
-0.538 -0.41267
-0.537 -0.411975
-0.536 -0.41128
-0.535 -0.410585
-0.534 -0.409889
-0.533 -0.409192
-0.532 -0.408495
-0.531 -0.407798
-0.53 -0.407101
-0.529 -0.406403
-0.528 -0.405705
-0.527 -0.405006
-0.526 -0.404307
-0.525 -0.403608
-0.524 -0.402908
-0.523 -0.402208
-0.522 -0.401507
-0.521 -0.400806
-0.52 -0.400105
-0.519 -0.399404
-0.518 -0.398702
-0.517 -0.397999
-0.516 -0.397297
-0.515 -0.396594
-0.514 -0.39589
-0.513 -0.395186
-0.512 -0.394482
-0.511 -0.393777
-0.51 -0.393073
-0.509 -0.392367
-0.508 -0.391662
-0.507 -0.390956
-0.506 -0.390249
-0.505 -0.389542
-0.504 -0.388835
-0.503 -0.388128
-0.502 -0.38742
-0.501 -0.386712
-0.5 -0.386003
-0.499 -0.385294
-0.498 -0.384585
-0.497 -0.383875
-0.496 -0.383165
-0.495 -0.382455
-0.494 -0.381744
-0.493 -0.381033
-0.492 -0.380322
-0.491 -0.37961
-0.49 -0.378898
-0.489 -0.378185
-0.488 -0.377473
-0.487 -0.376759
-0.486 -0.376046
-0.485 -0.375332
-0.484 -0.374618
-0.483 -0.373903
-0.482 -0.373188
-0.481 -0.372473
-0.48 -0.371757
-0.479 -0.371041
-0.478 -0.370325
-0.477 -0.369608
-0.476 -0.368891
-0.475 -0.368174
-0.474 -0.367456
-0.473 -0.366738
-0.472 -0.366019
-0.471 -0.3653
-0.47 -0.364581
-0.469 -0.363862
-0.468 -0.363142
-0.467 -0.362422
-0.466 -0.361701
-0.465 -0.36098
-0.464 -0.360259
-0.463 -0.359538
-0.462 -0.358816
-0.461 -0.358094
-0.46 -0.357371
-0.459 -0.356648
-0.458 -0.355925
-0.457 -0.355201
-0.456 -0.354478
-0.455 -0.353753
-0.454 -0.353029
-0.453 -0.352304
-0.452 -0.351579
-0.451 -0.350853
-0.45 -0.350127
-0.449 -0.349401
-0.448 -0.348674
-0.447 -0.347947
-0.446 -0.34722
-0.445 -0.346493
-0.444 -0.345765
-0.443 -0.345036
-0.442 -0.344308
-0.441 -0.343579
-0.44 -0.34285
-0.439 -0.34212
-0.438 -0.34139
-0.437 -0.34066
-0.436 -0.33993
-0.435 -0.339199
-0.434 -0.338468
-0.433 -0.337736
-0.432 -0.337004
-0.431 -0.336272
-0.43 -0.33554
-0.429 -0.334807
-0.428 -0.334074
-0.427 -0.333341
-0.426 -0.332607
-0.425 -0.331873
-0.424 -0.331138
-0.423 -0.330404
-0.422 -0.329669
-0.421 -0.328933
-0.42 -0.328198
-0.419 -0.327462
-0.418 -0.326726
-0.417 -0.325989
-0.416 -0.325252
-0.415 -0.324515
-0.414 -0.323778
-0.413 -0.32304
-0.412 -0.322302
-0.411 -0.321563
-0.41 -0.320824
-0.409 -0.320085
-0.408 -0.319346
-0.407 -0.318606
-0.406 -0.317866
-0.405 -0.317126
-0.404 -0.316386
-0.403 -0.315645
-0.402 -0.314903
-0.401 -0.314162
-0.4 -0.31342
-0.399 -0.312678
-0.398 -0.311936
-0.397 -0.311193
-0.396 -0.31045
-0.395 -0.309707
-0.394 -0.308963
-0.393 -0.308219
-0.392 -0.307475
-0.391 -0.306731
-0.39 -0.305986
-0.389 -0.305241
-0.388 -0.304495
-0.387 -0.30375
-0.386 -0.303004
-0.385 -0.302257
-0.384 -0.301511
-0.383 -0.300764
-0.382 -0.300017
-0.381 -0.299269
-0.38 -0.298522
-0.379 -0.297774
-0.378 -0.297025
-0.377 -0.296277
-0.376 -0.295528
-0.375 -0.294779
-0.374 -0.294029
-0.373 -0.29328
-0.372 -0.29253
-0.371 -0.291779
-0.37 -0.291029
-0.369 -0.290278
-0.368 -0.289527
-0.367 -0.288775
-0.366 -0.288024
-0.365 -0.287272
-0.364 -0.286519
-0.363 -0.285767
-0.362 -0.285014
-0.361 -0.284261
-0.36 -0.283508
-0.359 -0.282754
-0.358 -0.282
-0.357 -0.281246
-0.356 -0.280491
-0.355 -0.279737
-0.354 -0.278982
-0.353 -0.278226
-0.352 -0.277471
-0.351 -0.276715
-0.35 -0.275959
-0.349 -0.275202
-0.348 -0.274446
-0.347 -0.273689
-0.346 -0.272932
-0.345 -0.272174
-0.344 -0.271417
-0.343 -0.270659
-0.342 -0.2699
-0.341 -0.269142
-0.34 -0.268383
-0.339 -0.267624
-0.338 -0.266865
-0.337 -0.266105
-0.336 -0.265345
-0.335 -0.264585
-0.334 -0.263825
-0.333 -0.263064
-0.332 -0.262304
-0.331 -0.261543
-0.33 -0.260781
-0.329 -0.26002
-0.328 -0.259258
-0.327 -0.258496
-0.326 -0.257733
-0.325 -0.256971
-0.324 -0.256208
-0.323 -0.255445
-0.322 -0.254681
-0.321 -0.253918
-0.32 -0.253154
-0.319 -0.252389
-0.318 -0.251625
-0.317 -0.25086
-0.316 -0.250096
-0.315 -0.24933
-0.314 -0.248565
-0.313 -0.247799
-0.312 -0.247034
-0.311 -0.246268
-0.31 -0.245501
-0.309 -0.244735
-0.308 -0.243968
-0.307 -0.243201
-0.306 -0.242433
-0.305 -0.241666
-0.304 -0.240898
-0.303 -0.24013
-0.302 -0.239362
-0.301 -0.238593
-0.3 -0.237825
-0.299 -0.237056
-0.298 -0.236286
-0.297 -0.235517
-0.296 -0.234747
-0.295 -0.233977
-0.294 -0.233207
-0.293 -0.232437
-0.292 -0.231666
-0.291 -0.230896
-0.29 -0.230125
-0.289 -0.229353
-0.288 -0.228582
-0.287 -0.22781
-0.286 -0.227038
-0.285 -0.226266
-0.284 -0.225494
-0.283 -0.224721
-0.282 -0.223948
-0.281 -0.223175
-0.28 -0.222402
-0.279 -0.221628
-0.278 -0.220855
-0.277 -0.220081
-0.276 -0.219306
-0.275 -0.218532
-0.274 -0.217757
-0.273 -0.216983
-0.272 -0.216208
-0.271 -0.215432
-0.27 -0.214657
-0.269 -0.213881
-0.268 -0.213105
-0.267 -0.212329
-0.266 -0.211553
-0.265 -0.210776
-0.264 -0.21
-0.263 -0.209223
-0.262 -0.208446
-0.261 -0.207668
-0.26 -0.206891
-0.259 -0.206113
-0.258 -0.205335
-0.257 -0.204557
-0.256 -0.203778
-0.255 -0.203
-0.254 -0.202221
-0.253 -0.201442
-0.252 -0.200663
-0.251 -0.199884
-0.25 -0.199104
-0.249 -0.198324
-0.248 -0.197544
-0.247 -0.196764
-0.246 -0.195984
-0.245 -0.195203
-0.244 -0.194422
-0.243 -0.193641
-0.242 -0.19286
-0.241 -0.192079
-0.24 -0.191297
-0.239 -0.190516
-0.238 -0.189734
-0.237 -0.188952
-0.236 -0.188169
-0.235 -0.187387
-0.234 -0.186604
-0.233 -0.185821
-0.232 -0.185038
-0.231 -0.184255
-0.23 -0.183472
-0.229 -0.182688
-0.228 -0.181904
-0.227 -0.181121
-0.226 -0.180336
-0.225 -0.179552
-0.224 -0.178768
-0.223 -0.177983
-0.222 -0.177198
-0.221 -0.176413
-0.22 -0.175628
-0.219 -0.174842
-0.218 -0.174057
-0.217 -0.173271
-0.216 -0.172485
-0.215 -0.171699
-0.214 -0.170913
-0.213 -0.170127
-0.212 -0.16934
-0.211 -0.168553
-0.21 -0.167766
-0.209 -0.166979
-0.208 -0.166192
-0.207 -0.165405
-0.206 -0.164617
-0.205 -0.163829
-0.204 -0.163041
-0.203 -0.162253
-0.202 -0.161465
-0.201 -0.160676
-0.2 -0.159888
-0.199 -0.159099
-0.198 -0.15831
-0.197 -0.157521
-0.196 -0.156732
-0.195 -0.155943
-0.194 -0.155153
-0.193 -0.154363
-0.192 -0.153574
-0.191 -0.152784
-0.19 -0.151993
-0.189 -0.151203
-0.188 -0.150413
-0.187 -0.149622
-0.186 -0.148831
-0.185 -0.148041
-0.184 -0.147249
-0.183 -0.146458
-0.182 -0.145667
-0.181 -0.144875
-0.18 -0.144084
-0.179 -0.143292
-0.178 -0.1425
-0.177 -0.141708
-0.176 -0.140916
-0.175 -0.140123
-0.174 -0.139331
-0.173 -0.138538
-0.172 -0.137746
-0.171 -0.136953
-0.17 -0.13616
-0.169 -0.135366
-0.168 -0.134573
-0.167 -0.13378
-0.166 -0.132986
-0.165 -0.132192
-0.164 -0.131398
-0.163 -0.130604
-0.162 -0.12981
-0.161 -0.129016
-0.16 -0.128222
-0.159 -0.127427
-0.158 -0.126633
-0.157 -0.125838
-0.156 -0.125043
-0.155 -0.124248
-0.154 -0.123453
-0.153 -0.122657
-0.152 -0.121862
-0.151 -0.121066
-0.15 -0.120271
-0.149 -0.119475
-0.148 -0.118679
-0.147 -0.117883
-0.146 -0.117087
-0.145 -0.116291
-0.144 -0.115494
-0.143 -0.114698
-0.142 -0.113901
-0.141 -0.113105
-0.14 -0.112308
-0.139 -0.111511
-0.138 -0.110714
-0.137 -0.109917
-0.136 -0.109119
-0.135 -0.108322
-0.134 -0.107525
-0.133 -0.106727
-0.132 -0.105929
-0.131 -0.105131
-0.13 -0.104333
-0.129 -0.103535
-0.128 -0.102737
-0.127 -0.101939
-0.126 -0.101141
-0.125 -0.100342
-0.124 -0.0995438
-0.123 -0.0987451
-0.122 -0.0979464
-0.121 -0.0971475
-0.12 -0.0963486
-0.119 -0.0955495
-0.118 -0.0947504
-0.117 -0.0939512
-0.116 -0.0931518
-0.115 -0.0923524
-0.114 -0.0915529
-0.113 -0.0907533
-0.112 -0.0899536
-0.111 -0.0891538
-0.11 -0.0883539
-0.109 -0.087554
-0.108 -0.0867539
-0.107 -0.0859538
-0.106 -0.0851535
-0.105 -0.0843532
-0.104 -0.0835528
-0.103 -0.0827523
-0.102 -0.0819517
-0.101 -0.0811511
-0.1 -0.0803503
-0.099 -0.0795495
-0.098 -0.0787486
-0.097 -0.0779476
-0.096 -0.0771466
-0.095 -0.0763454
-0.094 -0.0755442
-0.093 -0.0747429
-0.092 -0.0739415
-0.091 -0.0731401
-0.09 -0.0723386
-0.089 -0.071537
-0.088 -0.0707353
-0.087 -0.0699336
-0.086 -0.0691318
-0.085 -0.0683299
-0.084 -0.0675279
-0.083 -0.0667259
-0.082 -0.0659238
-0.081 -0.0651217
-0.08 -0.0643195
-0.079 -0.0635172
-0.078 -0.0627148
-0.077 -0.0619124
-0.076 -0.06111
-0.075 -0.0603074
-0.074 -0.0595048
-0.073 -0.0587022
-0.072 -0.0578995
-0.071 -0.0570967
-0.07 -0.0562938
-0.069 -0.055491
-0.068 -0.054688
-0.067 -0.053885
-0.066 -0.0530819
-0.065 -0.0522788
-0.064 -0.0514757
-0.063 -0.0506725
-0.062 -0.0498692
-0.061 -0.0490659
-0.06 -0.0482625
-0.059 -0.0474591
-0.058 -0.0466556
-0.057 -0.0458521
-0.056 -0.0450485
-0.055 -0.0442449
-0.054 -0.0434413
-0.053 -0.0426376
-0.052 -0.0418339
-0.051 -0.0410301
-0.05 -0.0402262
-0.049 -0.0394224
-0.048 -0.0386185
-0.047 -0.0378145
-0.046 -0.0370106
-0.045 -0.0362065
-0.044 -0.0354025
-0.043 -0.0345984
-0.042 -0.0337943
-0.041 -0.0329901
-0.04 -0.0321859
-0.039 -0.0313817
-0.038 -0.0305774
-0.037 -0.0297731
-0.036 -0.0289688
-0.035 -0.0281645
-0.034 -0.0273601
-0.033 -0.0265557
-0.032 -0.0257512
-0.031 -0.0249468
-0.03 -0.0241423
-0.029 -0.0233378
-0.028 -0.0225333
-0.027 -0.0217287
-0.026 -0.0209241
-0.025 -0.0201195
-0.024 -0.0193149
-0.023 -0.0185103
-0.022 -0.0177056
-0.021 -0.0169009
-0.02 -0.0160962
-0.019 -0.0152915
-0.018 -0.0144868
-0.017 -0.0136821
-0.016 -0.0128773
-0.015 -0.0120725
-0.014 -0.0112678
-0.013 -0.010463
-0.012 -0.00965816
-0.011 -0.00885334
-0.01 -0.00804852
-0.009 -0.00724369
-0.008 -0.00643886
-0.007 -0.00563402
-0.006 -0.00482917
-0.005 -0.00402431
-0.004 -0.00321946
-0.003 -0.00241459
-0.002 -0.00160973
-0.001 -0.000804866
-1.09253e-13 -8.79339e-14
0.001 0.000804866
0.002 0.00160973
0.003 0.00241459
0.004 0.00321946
0.005 0.00402431
0.006 0.00482917
0.007 0.00563402
0.008 0.00643886
0.009 0.00724369
0.01 0.00804852
0.011 0.00885334
0.012 0.00965816
0.013 0.010463
0.014 0.0112678
0.015 0.0120725
0.016 0.0128773
0.017 0.0136821
0.018 0.0144868
0.019 0.0152915
0.02 0.0160962
0.021 0.0169009
0.022 0.0177056
0.023 0.0185103
0.024 0.0193149
0.025 0.0201195
0.026 0.0209241
0.027 0.0217287
0.028 0.0225333
0.029 0.0233378
0.03 0.0241423
0.031 0.0249468
0.032 0.0257512
0.033 0.0265557
0.034 0.0273601
0.035 0.0281645
0.036 0.0289688
0.037 0.0297731
0.038 0.0305774
0.039 0.0313817
0.04 0.0321859
0.041 0.0329901
0.042 0.0337943
0.043 0.0345984
0.044 0.0354025
0.045 0.0362065
0.046 0.0370106
0.047 0.0378145
0.048 0.0386185
0.049 0.0394224
0.05 0.0402262
0.051 0.0410301
0.052 0.0418339
0.053 0.0426376
0.054 0.0434413
0.055 0.0442449
0.056 0.0450485
0.057 0.0458521
0.058 0.0466556
0.059 0.0474591
0.06 0.0482625
0.061 0.0490659
0.062 0.0498692
0.063 0.0506725
0.064 0.0514757
0.065 0.0522788
0.066 0.0530819
0.067 0.053885
0.068 0.054688
0.069 0.055491
0.07 0.0562938
0.071 0.0570967
0.072 0.0578995
0.073 0.0587022
0.074 0.0595048
0.075 0.0603074
0.076 0.06111
0.077 0.0619124
0.078 0.0627148
0.079 0.0635172
0.08 0.0643195
0.081 0.0651217
0.082 0.0659238
0.083 0.0667259
0.084 0.0675279
0.085 0.0683299
0.086 0.0691318
0.087 0.0699336
0.088 0.0707353
0.089 0.071537
0.09 0.0723386
0.091 0.0731401
0.092 0.0739415
0.093 0.0747429
0.094 0.0755442
0.095 0.0763454
0.096 0.0771466
0.097 0.0779476
0.098 0.0787486
0.099 0.0795495
0.1 0.0803503
0.101 0.0811511
0.102 0.0819517
0.103 0.0827523
0.104 0.0835528
0.105 0.0843532
0.106 0.0851535
0.107 0.0859538
0.108 0.0867539
0.109 0.087554
0.11 0.0883539
0.111 0.0891538
0.112 0.0899536
0.113 0.0907533
0.114 0.0915529
0.115 0.0923524
0.116 0.0931518
0.117 0.0939512
0.118 0.0947504
0.119 0.0955495
0.12 0.0963486
0.121 0.0971475
0.122 0.0979464
0.123 0.0987451
0.124 0.0995438
0.125 0.100342
0.126 0.101141
0.127 0.101939
0.128 0.102737
0.129 0.103535
0.13 0.104333
0.131 0.105131
0.132 0.105929
0.133 0.106727
0.134 0.107525
0.135 0.108322
0.136 0.109119
0.137 0.109917
0.138 0.110714
0.139 0.111511
0.14 0.112308
0.141 0.113105
0.142 0.113901
0.143 0.114698
0.144 0.115494
0.145 0.116291
0.146 0.117087
0.147 0.117883
0.148 0.118679
0.149 0.119475
0.15 0.120271
0.151 0.121066
0.152 0.121862
0.153 0.122657
0.154 0.123453
0.155 0.124248
0.156 0.125043
0.157 0.125838
0.158 0.126633
0.159 0.127427
0.16 0.128222
0.161 0.129016
0.162 0.12981
0.163 0.130604
0.164 0.131398
0.165 0.132192
0.166 0.132986
0.167 0.13378
0.168 0.134573
0.169 0.135366
0.17 0.13616
0.171 0.136953
0.172 0.137746
0.173 0.138538
0.174 0.139331
0.175 0.140123
0.176 0.140916
0.177 0.141708
0.178 0.1425
0.179 0.143292
0.18 0.144084
0.181 0.144875
0.182 0.145667
0.183 0.146458
0.184 0.147249
0.185 0.148041
0.186 0.148831
0.187 0.149622
0.188 0.150413
0.189 0.151203
0.19 0.151993
0.191 0.152784
0.192 0.153574
0.193 0.154363
0.194 0.155153
0.195 0.155943
0.196 0.156732
0.197 0.157521
0.198 0.15831
0.199 0.159099
0.2 0.159888
0.201 0.160676
0.202 0.161465
0.203 0.162253
0.204 0.163041
0.205 0.163829
0.206 0.164617
0.207 0.165405
0.208 0.166192
0.209 0.166979
0.21 0.167766
0.211 0.168553
0.212 0.16934
0.213 0.170127
0.214 0.170913
0.215 0.171699
0.216 0.172485
0.217 0.173271
0.218 0.174057
0.219 0.174842
0.22 0.175628
0.221 0.176413
0.222 0.177198
0.223 0.177983
0.224 0.178768
0.225 0.179552
0.226 0.180336
0.227 0.181121
0.228 0.181904
0.229 0.182688
0.23 0.183472
0.231 0.184255
0.232 0.185038
0.233 0.185821
0.234 0.186604
0.235 0.187387
0.236 0.188169
0.237 0.188952
0.238 0.189734
0.239 0.190516
0.24 0.191297
0.241 0.192079
0.242 0.19286
0.243 0.193641
0.244 0.194422
0.245 0.195203
0.246 0.195984
0.247 0.196764
0.248 0.197544
0.249 0.198324
0.25 0.199104
0.251 0.199884
0.252 0.200663
0.253 0.201442
0.254 0.202221
0.255 0.203
0.256 0.203778
0.257 0.204557
0.258 0.205335
0.259 0.206113
0.26 0.206891
0.261 0.207668
0.262 0.208446
0.263 0.209223
0.264 0.21
0.265 0.210776
0.266 0.211553
0.267 0.212329
0.268 0.213105
0.269 0.213881
0.27 0.214657
0.271 0.215432
0.272 0.216208
0.273 0.216983
0.274 0.217757
0.275 0.218532
0.276 0.219306
0.277 0.220081
0.278 0.220855
0.279 0.221628
0.28 0.222402
0.281 0.223175
0.282 0.223948
0.283 0.224721
0.284 0.225494
0.285 0.226266
0.286 0.227038
0.287 0.22781
0.288 0.228582
0.289 0.229353
0.29 0.230125
0.291 0.230896
0.292 0.231666
0.293 0.232437
0.294 0.233207
0.295 0.233977
0.296 0.234747
0.297 0.235517
0.298 0.236286
0.299 0.237056
0.3 0.237825
0.301 0.238593
0.302 0.239362
0.303 0.24013
0.304 0.240898
0.305 0.241666
0.306 0.242433
0.307 0.243201
0.308 0.243968
0.309 0.244735
0.31 0.245501
0.311 0.246268
0.312 0.247034
0.313 0.247799
0.314 0.248565
0.315 0.24933
0.316 0.250096
0.317 0.25086
0.318 0.251625
0.319 0.252389
0.32 0.253154
0.321 0.253918
0.322 0.254681
0.323 0.255445
0.324 0.256208
0.325 0.256971
0.326 0.257733
0.327 0.258496
0.328 0.259258
0.329 0.26002
0.33 0.260781
0.331 0.261543
0.332 0.262304
0.333 0.263064
0.334 0.263825
0.335 0.264585
0.336 0.265345
0.337 0.266105
0.338 0.266865
0.339 0.267624
0.34 0.268383
0.341 0.269142
0.342 0.2699
0.343 0.270659
0.344 0.271417
0.345 0.272174
0.346 0.272932
0.347 0.273689
0.348 0.274446
0.349 0.275202
0.35 0.275959
0.351 0.276715
0.352 0.277471
0.353 0.278226
0.354 0.278982
0.355 0.279737
0.356 0.280491
0.357 0.281246
0.358 0.282
0.359 0.282754
0.36 0.283508
0.361 0.284261
0.362 0.285014
0.363 0.285767
0.364 0.286519
0.365 0.287272
0.366 0.288024
0.367 0.288775
0.368 0.289527
0.369 0.290278
0.37 0.291029
0.371 0.291779
0.372 0.29253
0.373 0.29328
0.374 0.294029
0.375 0.294779
0.376 0.295528
0.377 0.296277
0.378 0.297025
0.379 0.297774
0.38 0.298522
0.381 0.299269
0.382 0.300017
0.383 0.300764
0.384 0.301511
0.385 0.302257
0.386 0.303004
0.387 0.30375
0.388 0.304495
0.389 0.305241
0.39 0.305986
0.391 0.306731
0.392 0.307475
0.393 0.308219
0.394 0.308963
0.395 0.309707
0.396 0.31045
0.397 0.311193
0.398 0.311936
0.399 0.312678
0.4 0.31342
0.401 0.314162
0.402 0.314903
0.403 0.315645
0.404 0.316386
0.405 0.317126
0.406 0.317866
0.407 0.318606
0.408 0.319346
0.409 0.320085
0.41 0.320824
0.411 0.321563
0.412 0.322302
0.413 0.32304
0.414 0.323778
0.415 0.324515
0.416 0.325252
0.417 0.325989
0.418 0.326726
0.419 0.327462
0.42 0.328198
0.421 0.328933
0.422 0.329669
0.423 0.330404
0.424 0.331138
0.425 0.331873
0.426 0.332607
0.427 0.333341
0.428 0.334074
0.429 0.334807
0.43 0.33554
0.431 0.336272
0.432 0.337004
0.433 0.337736
0.434 0.338468
0.435 0.339199
0.436 0.33993
0.437 0.34066
0.438 0.34139
0.439 0.34212
0.44 0.34285
0.441 0.343579
0.442 0.344308
0.443 0.345036
0.444 0.345765
0.445 0.346493
0.446 0.34722
0.447 0.347947
0.448 0.348674
0.449 0.349401
0.45 0.350127
0.451 0.350853
0.452 0.351579
0.453 0.352304
0.454 0.353029
0.455 0.353753
0.456 0.354478
0.457 0.355201
0.458 0.355925
0.459 0.356648
0.46 0.357371
0.461 0.358094
0.462 0.358816
0.463 0.359538
0.464 0.360259
0.465 0.36098
0.466 0.361701
0.467 0.362422
0.468 0.363142
0.469 0.363862
0.47 0.364581
0.471 0.3653
0.472 0.366019
0.473 0.366738
0.474 0.367456
0.475 0.368174
0.476 0.368891
0.477 0.369608
0.478 0.370325
0.479 0.371041
0.48 0.371757
0.481 0.372473
0.482 0.373188
0.483 0.373903
0.484 0.374618
0.485 0.375332
0.486 0.376046
0.487 0.376759
0.488 0.377473
0.489 0.378185
0.49 0.378898
0.491 0.37961
0.492 0.380322
0.493 0.381033
0.494 0.381744
0.495 0.382455
0.496 0.383165
0.497 0.383875
0.498 0.384585
0.499 0.385294
0.5 0.386003
0.501 0.386712
0.502 0.38742
0.503 0.388128
0.504 0.388835
0.505 0.389542
0.506 0.390249
0.507 0.390956
0.508 0.391662
0.509 0.392367
0.51 0.393073
0.511 0.393777
0.512 0.394482
0.513 0.395186
0.514 0.39589
0.515 0.396594
0.516 0.397297
0.517 0.397999
0.518 0.398702
0.519 0.399404
0.52 0.400105
0.521 0.400806
0.522 0.401507
0.523 0.402208
0.524 0.402908
0.525 0.403608
0.526 0.404307
0.527 0.405006
0.528 0.405705
0.529 0.406403
0.53 0.407101
0.531 0.407798
0.532 0.408495
0.533 0.409192
0.534 0.409889
0.535 0.410585
0.536 0.41128
0.537 0.411975
0.538 0.41267
0.539 0.413365
0.54 0.414059
0.541 0.414752
0.542 0.415446
0.543 0.416139
0.544 0.416831
0.545 0.417523
0.546 0.418215
0.547 0.418907
0.548 0.419598
0.549 0.420288
0.55 0.420979
0.551 0.421668
0.552 0.422358
0.553 0.423047
0.554 0.423736
0.555 0.424424
0.556 0.425112
0.557 0.4258
0.558 0.426487
0.559 0.427173
0.56 0.42786
0.561 0.428546
0.562 0.429231
0.563 0.429917
0.564 0.430601
0.565 0.431286
0.566 0.43197
0.567 0.432653
0.568 0.433337
0.569 0.434019
0.57 0.434702
0.571 0.435384
0.572 0.436066
0.573 0.436747
0.574 0.437428
0.575 0.438108
0.576 0.438788
0.577 0.439468
0.578 0.440147
0.579 0.440826
0.58 0.441504
0.581 0.442183
0.582 0.44286
0.583 0.443537
0.584 0.444214
0.585 0.444891
0.586 0.445567
0.587 0.446242
0.588 0.446918
0.589 0.447593
0.59 0.448267
0.591 0.448941
0.592 0.449615
0.593 0.450288
0.594 0.450961
0.595 0.451633
0.596 0.452305
0.597 0.452977
0.598 0.453648
0.599 0.454319
0.6 0.454989
0.601 0.455659
0.602 0.456329
0.603 0.456998
0.604 0.457666
0.605 0.458335
0.606 0.459003
0.607 0.45967
0.608 0.460337
0.609 0.461004
0.61 0.46167
0.611 0.462336
0.612 0.463001
0.613 0.463666
0.614 0.464331
0.615 0.464995
0.616 0.465659
0.617 0.466322
0.618 0.466985
0.619 0.467648
0.62 0.46831
0.621 0.468972
0.622 0.469633
0.623 0.470294
0.624 0.470954
0.625 0.471614
0.626 0.472274
0.627 0.472933
0.628 0.473592
0.629 0.47425
0.63 0.474908
0.631 0.475565
0.632 0.476223
0.633 0.476879
0.634 0.477535
0.635 0.478191
0.636 0.478847
0.637 0.479502
0.638 0.480156
0.639 0.48081
0.64 0.481464
0.641 0.482117
0.642 0.48277
0.643 0.483422
0.644 0.484074
0.645 0.484726
0.646 0.485377
0.647 0.486028
0.648 0.486678
0.649 0.487328
0.65 0.487977
0.651 0.488626
0.652 0.489275
0.653 0.489923
0.654 0.49057
0.655 0.491218
0.656 0.491865
0.657 0.492511
0.658 0.493157
0.659 0.493802
0.66 0.494448
0.661 0.495092
0.662 0.495736
0.663 0.49638
0.664 0.497024
0.665 0.497666
0.666 0.498309
0.667 0.498951
0.668 0.499593
0.669 0.500234
0.67 0.500875
0.671 0.501515
0.672 0.502155
0.673 0.502794
0.674 0.503433
0.675 0.504072
0.676 0.50471
0.677 0.505348
0.678 0.505985
0.679 0.506622
0.68 0.507258
0.681 0.507894
0.682 0.508529
0.683 0.509164
0.684 0.509799
0.685 0.510433
0.686 0.511067
0.687 0.5117
0.688 0.512333
0.689 0.512965
0.69 0.513597
0.691 0.514229
0.692 0.51486
0.693 0.515491
0.694 0.516121
0.695 0.51675
0.696 0.51738
0.697 0.518009
0.698 0.518637
0.699 0.519265
0.7 0.519892
0.701 0.520519
0.702 0.521146
0.703 0.521772
0.704 0.522398
0.705 0.523023
0.706 0.523648
0.707 0.524272
0.708 0.524896
0.709 0.52552
0.71 0.526143
0.711 0.526765
0.712 0.527387
0.713 0.528009
0.714 0.52863
0.715 0.529251
0.716 0.529871
0.717 0.530491
0.718 0.531111
0.719 0.53173
0.72 0.532348
0.721 0.532966
0.722 0.533584
0.723 0.534201
0.724 0.534818
0.725 0.535434
0.726 0.53605
0.727 0.536665
0.728 0.53728
0.729 0.537894
0.73 0.538508
0.731 0.539122
0.732 0.539735
0.733 0.540347
0.734 0.54096
0.735 0.541571
0.736 0.542182
0.737 0.542793
0.738 0.543404
0.739 0.544013
0.74 0.544623
0.741 0.545232
0.742 0.54584
0.743 0.546448
0.744 0.547056
0.745 0.547663
0.746 0.548269
0.747 0.548876
0.748 0.549481
0.749 0.550087
0.75 0.550691
0.751 0.551296
0.752 0.5519
0.753 0.552503
0.754 0.553106
0.755 0.553708
0.756 0.55431
0.757 0.554912
0.758 0.555513
0.759 0.556114
0.76 0.556714
0.761 0.557314
0.762 0.557913
0.763 0.558512
0.764 0.55911
0.765 0.559708
0.766 0.560305
0.767 0.560902
0.768 0.561498
0.769 0.562094
0.77 0.56269
0.771 0.563285
0.772 0.56388
0.773 0.564474
0.774 0.565067
0.775 0.565661
0.776 0.566253
0.777 0.566845
0.778 0.567437
0.779 0.568029
0.78 0.568619
0.781 0.56921
0.782 0.5698
0.783 0.570389
0.784 0.570978
0.785 0.571567
0.786 0.572155
0.787 0.572742
0.788 0.573329
0.789 0.573916
0.79 0.574502
0.791 0.575088
0.792 0.575673
0.793 0.576258
0.794 0.576842
0.795 0.577426
0.796 0.578009
0.797 0.578592
0.798 0.579174
0.799 0.579756
0.8 0.580337
0.801 0.580918
0.802 0.581499
0.803 0.582079
0.804 0.582658
0.805 0.583237
0.806 0.583816
0.807 0.584394
0.808 0.584972
0.809 0.585549
0.81 0.586126
0.811 0.586702
0.812 0.587278
0.813 0.587853
0.814 0.588428
0.815 0.589002
0.816 0.589576
0.817 0.590149
0.818 0.590722
0.819 0.591294
0.82 0.591866
0.821 0.592438
0.822 0.593009
0.823 0.593579
0.824 0.594149
0.825 0.594719
0.826 0.595288
0.827 0.595856
0.828 0.596424
0.829 0.596992
0.83 0.597559
0.831 0.598126
0.832 0.598692
0.833 0.599258
0.834 0.599823
0.835 0.600388
0.836 0.600952
0.837 0.601516
0.838 0.602079
0.839 0.602642
0.84 0.603204
0.841 0.603766
0.842 0.604328
0.843 0.604889
0.844 0.605449
0.845 0.606009
0.846 0.606568
0.847 0.607127
0.848 0.607686
0.849 0.608244
0.85 0.608801
0.851 0.609358
0.852 0.609915
0.853 0.610471
0.854 0.611027
0.855 0.611582
0.856 0.612136
0.857 0.612691
0.858 0.613244
0.859 0.613798
0.86 0.61435
0.861 0.614902
0.862 0.615454
0.863 0.616005
0.864 0.616556
0.865 0.617107
0.866 0.617656
0.867 0.618206
0.868 0.618755
0.869 0.619303
0.87 0.619851
0.871 0.620398
0.872 0.620945
0.873 0.621491
0.874 0.622037
0.875 0.622583
0.876 0.623128
0.877 0.623672
0.878 0.624216
0.879 0.62476
0.88 0.625303
0.881 0.625845
0.882 0.626387
0.883 0.626929
0.884 0.62747
0.885 0.628011
0.886 0.628551
0.887 0.62909
0.888 0.629629
0.889 0.630168
0.89 0.630706
0.891 0.631244
0.892 0.631781
0.893 0.632318
0.894 0.632854
0.895 0.63339
0.896 0.633925
0.897 0.63446
0.898 0.634994
0.899 0.635528
0.9 0.636061
0.901 0.636594
0.902 0.637126
0.903 0.637658
0.904 0.638189
0.905 0.63872
0.906 0.63925
0.907 0.63978
0.908 0.64031
0.909 0.640838
0.91 0.641367
0.911 0.641895
0.912 0.642422
0.913 0.642949
0.914 0.643475
0.915 0.644001
0.916 0.644527
0.917 0.645052
0.918 0.645576
0.919 0.6461
0.92 0.646624
0.921 0.647147
0.922 0.647669
0.923 0.648191
0.924 0.648713
0.925 0.649234
0.926 0.649754
0.927 0.650275
0.928 0.650794
0.929 0.651313
0.93 0.651832
0.931 0.65235
0.932 0.652867
0.933 0.653385
0.934 0.653901
0.935 0.654417
0.936 0.654933
0.937 0.655448
0.938 0.655963
0.939 0.656477
0.94 0.656991
0.941 0.657504
0.942 0.658017
0.943 0.658529
0.944 0.659041
0.945 0.659552
0.946 0.660063
0.947 0.660573
0.948 0.661083
0.949 0.661592
0.95 0.662101
0.951 0.662609
0.952 0.663117
0.953 0.663624
0.954 0.664131
0.955 0.664637
0.956 0.665143
0.957 0.665648
0.958 0.666153
0.959 0.666657
0.96 0.667161
0.961 0.667665
0.962 0.668168
0.963 0.66867
0.964 0.669172
0.965 0.669673
0.966 0.670174
0.967 0.670674
0.968 0.671174
0.969 0.671674
0.97 0.672173
0.971 0.672671
0.972 0.673169
0.973 0.673667
0.974 0.674164
0.975 0.67466
0.976 0.675156
0.977 0.675652
0.978 0.676147
0.979 0.676641
0.98 0.677135
0.981 0.677629
0.982 0.678122
0.983 0.678614
0.984 0.679106
0.985 0.679598
0.986 0.680089
0.987 0.680579
0.988 0.681069
0.989 0.681559
0.99 0.682048
0.991 0.682537
0.992 0.683025
0.993 0.683512
0.994 0.684
0.995 0.684486
0.996 0.684972
0.997 0.685458
0.998 0.685943
0.999 0.686428
1 0.686912
1.001 0.687396
1.002 0.687879
1.003 0.688361
1.004 0.688844
1.005 0.689325
1.006 0.689807
1.007 0.690287
1.008 0.690767
1.009 0.691247
1.01 0.691726
1.011 0.692205
1.012 0.692683
1.013 0.693161
1.014 0.693638
1.015 0.694115
1.016 0.694592
1.017 0.695067
1.018 0.695543
1.019 0.696017
1.02 0.696492
1.021 0.696966
1.022 0.697439
1.023 0.697912
1.024 0.698384
1.025 0.698856
1.026 0.699327
1.027 0.699798
1.028 0.700269
1.029 0.700738
1.03 0.701208
1.031 0.701677
1.032 0.702145
1.033 0.702613
1.034 0.703081
1.035 0.703548
1.036 0.704014
1.037 0.70448
1.038 0.704945
1.039 0.70541
1.04 0.705875
1.041 0.706339
1.042 0.706802
1.043 0.707265
1.044 0.707728
1.045 0.70819
1.046 0.708651
1.047 0.709112
1.048 0.709573
1.049 0.710033
1.05 0.710493
1.051 0.710952
1.052 0.71141
1.053 0.711868
1.054 0.712326
1.055 0.712783
1.056 0.71324
1.057 0.713696
1.058 0.714152
1.059 0.714607
1.06 0.715061
1.061 0.715516
1.062 0.715969
1.063 0.716422
1.064 0.716875
1.065 0.717327
1.066 0.717779
1.067 0.71823
1.068 0.718681
1.069 0.719131
1.07 0.719581
1.071 0.72003
1.072 0.720479
1.073 0.720928
1.074 0.721375
1.075 0.721823
1.076 0.72227
1.077 0.722716
1.078 0.723162
1.079 0.723607
1.08 0.724052
1.081 0.724496
1.082 0.72494
1.083 0.725384
1.084 0.725827
1.085 0.726269
1.086 0.726711
1.087 0.727152
1.088 0.727593
1.089 0.728034
1.09 0.728474
1.091 0.728913
1.092 0.729352
1.093 0.729791
1.094 0.730229
1.095 0.730667
1.096 0.731104
1.097 0.73154
1.098 0.731976
1.099 0.732412
1.1 0.732847
1.101 0.733282
1.102 0.733716
1.103 0.734149
1.104 0.734583
1.105 0.735015
1.106 0.735448
1.107 0.735879
1.108 0.736311
1.109 0.736741
1.11 0.737172
1.111 0.737601
1.112 0.738031
1.113 0.738459
1.114 0.738888
1.115 0.739316
1.116 0.739743
1.117 0.74017
1.118 0.740596
1.119 0.741022
1.12 0.741447
1.121 0.741872
1.122 0.742297
1.123 0.742721
1.124 0.743144
1.125 0.743567
1.126 0.74399
1.127 0.744412
1.128 0.744833
1.129 0.745254
1.13 0.745675
1.131 0.746095
1.132 0.746515
1.133 0.746934
1.134 0.747352
1.135 0.74777
1.136 0.748188
1.137 0.748605
1.138 0.749022
1.139 0.749438
1.14 0.749854
1.141 0.750269
1.142 0.750684
1.143 0.751098
1.144 0.751512
1.145 0.751926
1.146 0.752338
1.147 0.752751
1.148 0.753163
1.149 0.753574
1.15 0.753985
1.151 0.754395
1.152 0.754805
1.153 0.755215
1.154 0.755624
1.155 0.756032
1.156 0.75644
1.157 0.756848
1.158 0.757255
1.159 0.757662
1.16 0.758068
1.161 0.758473
1.162 0.758879
1.163 0.759283
1.164 0.759688
1.165 0.760091
1.166 0.760495
1.167 0.760897
1.168 0.7613
1.169 0.761701
1.17 0.762103
1.171 0.762504
1.172 0.762904
1.173 0.763304
1.174 0.763703
1.175 0.764102
1.176 0.764501
1.177 0.764899
1.178 0.765296
1.179 0.765693
1.18 0.76609
1.181 0.766486
1.182 0.766882
1.183 0.767277
1.184 0.767672
1.185 0.768066
1.186 0.768459
1.187 0.768853
1.188 0.769245
1.189 0.769638
1.19 0.77003
1.191 0.770421
1.192 0.770812
1.193 0.771202
1.194 0.771592
1.195 0.771982
1.196 0.772371
1.197 0.772759
1.198 0.773147
1.199 0.773535
1.2 0.773922
1.201 0.774308
1.202 0.774695
1.203 0.77508
1.204 0.775465
1.205 0.77585
1.206 0.776234
1.207 0.776618
1.208 0.777002
1.209 0.777384
1.21 0.777767
1.211 0.778149
1.212 0.77853
1.213 0.778911
1.214 0.779292
1.215 0.779672
1.216 0.780051
1.217 0.78043
1.218 0.780809
1.219 0.781187
1.22 0.781565
1.221 0.781942
1.222 0.782319
1.223 0.782695
1.224 0.783071
1.225 0.783446
1.226 0.783821
1.227 0.784195
1.228 0.784569
1.229 0.784943
1.23 0.785316
1.231 0.785688
1.232 0.78606
1.233 0.786432
1.234 0.786803
1.235 0.787174
1.236 0.787544
1.237 0.787914
1.238 0.788283
1.239 0.788652
1.24 0.78902
1.241 0.789388
1.242 0.789755
1.243 0.790122
1.244 0.790489
1.245 0.790855
1.246 0.79122
1.247 0.791586
1.248 0.79195
1.249 0.792314
1.25 0.792678
1.251 0.793041
1.252 0.793404
1.253 0.793766
1.254 0.794128
1.255 0.79449
1.256 0.794851
1.257 0.795211
1.258 0.795571
1.259 0.795931
1.26 0.79629
1.261 0.796648
1.262 0.797007
1.263 0.797364
1.264 0.797722
1.265 0.798078
1.266 0.798435
1.267 0.798791
1.268 0.799146
1.269 0.799501
1.27 0.799856
1.271 0.80021
1.272 0.800563
1.273 0.800916
1.274 0.801269
1.275 0.801621
1.276 0.801973
1.277 0.802324
1.278 0.802675
1.279 0.803026
1.28 0.803375
1.281 0.803725
1.282 0.804074
1.283 0.804423
1.284 0.804771
1.285 0.805118
1.286 0.805466
1.287 0.805812
1.288 0.806159
1.289 0.806504
1.29 0.80685
1.291 0.807195
1.292 0.807539
1.293 0.807883
1.294 0.808227
1.295 0.80857
1.296 0.808913
1.297 0.809255
1.298 0.809597
1.299 0.809938
1.3 0.810279
1.301 0.810619
1.302 0.810959
1.303 0.811299
1.304 0.811638
1.305 0.811977
1.306 0.812315
1.307 0.812652
1.308 0.81299
1.309 0.813327
1.31 0.813663
1.311 0.813999
1.312 0.814334
1.313 0.814669
1.314 0.815004
1.315 0.815338
1.316 0.815672
1.317 0.816005
1.318 0.816338
1.319 0.81667
1.32 0.817002
1.321 0.817334
1.322 0.817665
1.323 0.817995
1.324 0.818325
1.325 0.818655
1.326 0.818984
1.327 0.819313
1.328 0.819641
1.329 0.819969
1.33 0.820297
1.331 0.820624
1.332 0.82095
1.333 0.821276
1.334 0.821602
1.335 0.821927
1.336 0.822252
1.337 0.822577
1.338 0.822901
1.339 0.823224
1.34 0.823547
1.341 0.82387
1.342 0.824192
1.343 0.824514
1.344 0.824835
1.345 0.825156
1.346 0.825476
1.347 0.825796
1.348 0.826116
1.349 0.826435
1.35 0.826753
1.351 0.827072
1.352 0.827389
1.353 0.827707
1.354 0.828024
1.355 0.82834
1.356 0.828656
1.357 0.828972
1.358 0.829287
1.359 0.829602
1.36 0.829916
1.361 0.83023
1.362 0.830543
1.363 0.830856
1.364 0.831169
1.365 0.831481
1.366 0.831793
1.367 0.832104
1.368 0.832415
1.369 0.832725
1.37 0.833035
1.371 0.833345
1.372 0.833654
1.373 0.833962
1.374 0.834271
1.375 0.834578
1.376 0.834886
1.377 0.835193
1.378 0.835499
1.379 0.835805
1.38 0.836111
1.381 0.836416
1.382 0.836721
1.383 0.837025
1.384 0.837329
1.385 0.837633
1.386 0.837936
1.387 0.838239
1.388 0.838541
1.389 0.838843
1.39 0.839144
1.391 0.839445
1.392 0.839746
1.393 0.840046
1.394 0.840345
1.395 0.840645
1.396 0.840943
1.397 0.841242
1.398 0.84154
1.399 0.841837
1.4 0.842135
1.401 0.842431
1.402 0.842728
1.403 0.843023
1.404 0.843319
1.405 0.843614
1.406 0.843908
1.407 0.844203
1.408 0.844496
1.409 0.84479
1.41 0.845083
1.411 0.845375
1.412 0.845667
1.413 0.845959
1.414 0.84625
1.415 0.846541
1.416 0.846831
1.417 0.847121
1.418 0.847411
1.419 0.8477
1.42 0.847989
1.421 0.848277
1.422 0.848565
1.423 0.848853
1.424 0.84914
1.425 0.849426
1.426 0.849712
1.427 0.849998
1.428 0.850284
1.429 0.850569
1.43 0.850853
1.431 0.851137
1.432 0.851421
1.433 0.851705
1.434 0.851987
1.435 0.85227
1.436 0.852552
1.437 0.852834
1.438 0.853115
1.439 0.853396
1.44 0.853676
1.441 0.853956
1.442 0.854236
1.443 0.854515
1.444 0.854794
1.445 0.855072
1.446 0.85535
1.447 0.855628
1.448 0.855905
1.449 0.856182
1.45 0.856458
1.451 0.856734
1.452 0.85701
1.453 0.857285
1.454 0.85756
1.455 0.857834
1.456 0.858108
1.457 0.858381
1.458 0.858655
1.459 0.858927
1.46 0.8592
1.461 0.859472
1.462 0.859743
1.463 0.860014
1.464 0.860285
1.465 0.860555
1.466 0.860825
1.467 0.861094
1.468 0.861364
1.469 0.861632
1.47 0.8619
1.471 0.862168
1.472 0.862436
1.473 0.862703
1.474 0.86297
1.475 0.863236
1.476 0.863502
1.477 0.863767
1.478 0.864032
1.479 0.864297
1.48 0.864561
1.481 0.864825
1.482 0.865089
1.483 0.865352
1.484 0.865614
1.485 0.865877
1.486 0.866139
1.487 0.8664
1.488 0.866661
1.489 0.866922
1.49 0.867182
1.491 0.867442
1.492 0.867702
1.493 0.867961
1.494 0.868219
1.495 0.868478
1.496 0.868736
1.497 0.868993
1.498 0.869251
1.499 0.869507
1.5 0.869764
1.501 0.87002
1.502 0.870275
1.503 0.87053
1.504 0.870785
1.505 0.87104
1.506 0.871294
1.507 0.871547
1.508 0.871801
1.509 0.872054
1.51 0.872306
1.511 0.872558
1.512 0.87281
1.513 0.873061
1.514 0.873312
1.515 0.873563
1.516 0.873813
1.517 0.874063
1.518 0.874312
1.519 0.874561
1.52 0.87481
1.521 0.875058
1.522 0.875306
1.523 0.875553
1.524 0.8758
1.525 0.876047
1.526 0.876293
1.527 0.876539
1.528 0.876785
1.529 0.87703
1.53 0.877275
1.531 0.877519
1.532 0.877763
1.533 0.878007
1.534 0.87825
1.535 0.878493
1.536 0.878736
1.537 0.878978
1.538 0.87922
1.539 0.879461
1.54 0.879702
1.541 0.879943
1.542 0.880183
1.543 0.880423
1.544 0.880662
1.545 0.880901
1.546 0.88114
1.547 0.881379
1.548 0.881617
1.549 0.881854
1.55 0.882091
1.551 0.882328
1.552 0.882565
1.553 0.882801
1.554 0.883037
1.555 0.883272
1.556 0.883507
1.557 0.883742
1.558 0.883976
1.559 0.88421
1.56 0.884443
1.561 0.884677
1.562 0.884909
1.563 0.885142
1.564 0.885374
1.565 0.885606
1.566 0.885837
1.567 0.886068
1.568 0.886298
1.569 0.886529
1.57 0.886758
1.571 0.886988
1.572 0.887217
1.573 0.887446
1.574 0.887674
1.575 0.887902
1.576 0.88813
1.577 0.888357
1.578 0.888584
1.579 0.888811
1.58 0.889037
1.581 0.889263
1.582 0.889488
1.583 0.889713
1.584 0.889938
1.585 0.890162
1.586 0.890386
1.587 0.89061
1.588 0.890833
1.589 0.891056
1.59 0.891279
1.591 0.891501
1.592 0.891723
1.593 0.891944
1.594 0.892165
1.595 0.892386
1.596 0.892607
1.597 0.892827
1.598 0.893046
1.599 0.893266
1.6 0.893485
1.601 0.893703
1.602 0.893922
1.603 0.894139
1.604 0.894357
1.605 0.894574
1.606 0.894791
1.607 0.895008
1.608 0.895224
1.609 0.895439
1.61 0.895655
1.611 0.89587
1.612 0.896085
1.613 0.896299
1.614 0.896513
1.615 0.896727
1.616 0.89694
1.617 0.897153
1.618 0.897366
1.619 0.897578
1.62 0.89779
1.621 0.898002
1.622 0.898213
1.623 0.898424
1.624 0.898634
1.625 0.898844
1.626 0.899054
1.627 0.899264
1.628 0.899473
1.629 0.899682
1.63 0.89989
1.631 0.900098
1.632 0.900306
1.633 0.900513
1.634 0.90072
1.635 0.900927
1.636 0.901134
1.637 0.90134
1.638 0.901545
1.639 0.901751
1.64 0.901956
1.641 0.90216
1.642 0.902365
1.643 0.902569
1.644 0.902772
1.645 0.902976
1.646 0.903179
1.647 0.903381
1.648 0.903584
1.649 0.903786
1.65 0.903987
1.651 0.904188
1.652 0.904389
1.653 0.90459
1.654 0.90479
1.655 0.90499
1.656 0.90519
1.657 0.905389
1.658 0.905588
1.659 0.905786
1.66 0.905985
1.661 0.906183
1.662 0.90638
1.663 0.906577
1.664 0.906774
1.665 0.906971
1.666 0.907167
1.667 0.907363
1.668 0.907559
1.669 0.907754
1.67 0.907949
1.671 0.908143
1.672 0.908338
1.673 0.908532
1.674 0.908725
1.675 0.908918
1.676 0.909111
1.677 0.909304
1.678 0.909496
1.679 0.909688
1.68 0.90988
1.681 0.910071
1.682 0.910262
1.683 0.910453
1.684 0.910643
1.685 0.910833
1.686 0.911023
1.687 0.911212
1.688 0.911401
1.689 0.91159
1.69 0.911778
1.691 0.911966
1.692 0.912154
1.693 0.912341
1.694 0.912528
1.695 0.912715
1.696 0.912902
1.697 0.913088
1.698 0.913273
1.699 0.913459
1.7 0.913644
1.701 0.913829
1.702 0.914013
1.703 0.914198
1.704 0.914381
1.705 0.914565
1.706 0.914748
1.707 0.914931
1.708 0.915114
1.709 0.915296
1.71 0.915478
1.711 0.91566
1.712 0.915841
1.713 0.916022
1.714 0.916203
1.715 0.916383
1.716 0.916563
1.717 0.916743
1.718 0.916922
1.719 0.917101
1.72 0.91728
1.721 0.917459
1.722 0.917637
1.723 0.917815
1.724 0.917992
1.725 0.91817
1.726 0.918347
1.727 0.918523
1.728 0.9187
1.729 0.918876
1.73 0.919051
1.731 0.919227
1.732 0.919402
1.733 0.919577
1.734 0.919751
1.735 0.919925
1.736 0.920099
1.737 0.920273
1.738 0.920446
1.739 0.920619
1.74 0.920791
1.741 0.920964
1.742 0.921136
1.743 0.921307
1.744 0.921479
1.745 0.92165
1.746 0.921821
1.747 0.921991
1.748 0.922161
1.749 0.922331
1.75 0.922501
1.751 0.92267
1.752 0.922839
1.753 0.923008
1.754 0.923176
1.755 0.923344
1.756 0.923512
1.757 0.92368
1.758 0.923847
1.759 0.924014
1.76 0.92418
1.761 0.924347
1.762 0.924513
1.763 0.924678
1.764 0.924844
1.765 0.925009
1.766 0.925174
1.767 0.925338
1.768 0.925502
1.769 0.925666
1.77 0.92583
1.771 0.925993
1.772 0.926156
1.773 0.926319
1.774 0.926482
1.775 0.926644
1.776 0.926806
1.777 0.926967
1.778 0.927128
1.779 0.927289
1.78 0.92745
1.781 0.92761
1.782 0.927771
1.783 0.92793
1.784 0.92809
1.785 0.928249
1.786 0.928408
1.787 0.928567
1.788 0.928725
1.789 0.928883
1.79 0.929041
1.791 0.929199
1.792 0.929356
1.793 0.929513
1.794 0.929669
1.795 0.929826
1.796 0.929982
1.797 0.930138
1.798 0.930293
1.799 0.930448
1.8 0.930603
1.801 0.930758
1.802 0.930912
1.803 0.931067
1.804 0.93122
1.805 0.931374
1.806 0.931527
1.807 0.93168
1.808 0.931833
1.809 0.931985
1.81 0.932137
1.811 0.932289
1.812 0.932441
1.813 0.932592
1.814 0.932743
1.815 0.932894
1.816 0.933044
1.817 0.933195
1.818 0.933344
1.819 0.933494
1.82 0.933643
1.821 0.933792
1.822 0.933941
1.823 0.93409
1.824 0.934238
1.825 0.934386
1.826 0.934534
1.827 0.934681
1.828 0.934828
1.829 0.934975
1.83 0.935122
1.831 0.935268
1.832 0.935414
1.833 0.93556
1.834 0.935705
1.835 0.935851
1.836 0.935996
1.837 0.93614
1.838 0.936285
1.839 0.936429
1.84 0.936573
1.841 0.936716
1.842 0.93686
1.843 0.937003
1.844 0.937146
1.845 0.937288
1.846 0.93743
1.847 0.937572
1.848 0.937714
1.849 0.937856
1.85 0.937997
1.851 0.938138
1.852 0.938279
1.853 0.938419
1.854 0.938559
1.855 0.938699
1.856 0.938839
1.857 0.938978
1.858 0.939117
1.859 0.939256
1.86 0.939394
1.861 0.939533
1.862 0.939671
1.863 0.939809
1.864 0.939946
1.865 0.940083
1.866 0.94022
1.867 0.940357
1.868 0.940494
1.869 0.94063
1.87 0.940766
1.871 0.940902
1.872 0.941037
1.873 0.941172
1.874 0.941307
1.875 0.941442
1.876 0.941576
1.877 0.94171
1.878 0.941844
1.879 0.941978
1.88 0.942111
1.881 0.942245
1.882 0.942377
1.883 0.94251
1.884 0.942642
1.885 0.942775
1.886 0.942906
1.887 0.943038
1.888 0.943169
1.889 0.943301
1.89 0.943431
1.891 0.943562
1.892 0.943692
1.893 0.943823
1.894 0.943952
1.895 0.944082
1.896 0.944211
1.897 0.94434
1.898 0.944469
1.899 0.944598
1.9 0.944726
1.901 0.944854
1.902 0.944982
1.903 0.94511
1.904 0.945237
1.905 0.945364
1.906 0.945491
1.907 0.945618
1.908 0.945744
1.909 0.94587
1.91 0.945996
1.911 0.946122
1.912 0.946247
1.913 0.946373
1.914 0.946498
1.915 0.946622
1.916 0.946747
1.917 0.946871
1.918 0.946995
1.919 0.947119
1.92 0.947242
1.921 0.947365
1.922 0.947488
1.923 0.947611
1.924 0.947733
1.925 0.947856
1.926 0.947978
1.927 0.9481
1.928 0.948221
1.929 0.948342
1.93 0.948464
1.931 0.948584
1.932 0.948705
1.933 0.948825
1.934 0.948945
1.935 0.949065
1.936 0.949185
1.937 0.949304
1.938 0.949424
1.939 0.949543
1.94 0.949661
1.941 0.94978
1.942 0.949898
1.943 0.950016
1.944 0.950134
1.945 0.950251
1.946 0.950369
1.947 0.950486
1.948 0.950603
1.949 0.950719
1.95 0.950836
1.951 0.950952
1.952 0.951068
1.953 0.951183
1.954 0.951299
1.955 0.951414
1.956 0.951529
1.957 0.951644
1.958 0.951759
1.959 0.951873
1.96 0.951987
1.961 0.952101
1.962 0.952214
1.963 0.952328
1.964 0.952441
1.965 0.952554
1.966 0.952667
1.967 0.952779
1.968 0.952892
1.969 0.953004
1.97 0.953115
1.971 0.953227
1.972 0.953338
1.973 0.95345
1.974 0.953561
1.975 0.953671
1.976 0.953782
1.977 0.953892
1.978 0.954002
1.979 0.954112
1.98 0.954222
1.981 0.954331
1.982 0.95444
1.983 0.954549
1.984 0.954658
1.985 0.954766
1.986 0.954875
1.987 0.954983
1.988 0.955091
1.989 0.955198
1.99 0.955306
1.991 0.955413
1.992 0.95552
1.993 0.955627
1.994 0.955733
1.995 0.95584
1.996 0.955946
1.997 0.956052
1.998 0.956157
1.999 0.956263
2 0.956368
