-2 -0.02356
-1.999 -0.0236153
-1.998 -0.0236706
-1.997 -0.0237261
-1.996 -0.0237817
-1.995 -0.0238374
-1.994 -0.0238932
-1.993 -0.0239491
-1.992 -0.0240051
-1.991 -0.0240613
-1.99 -0.0241175
-1.989 -0.0241739
-1.988 -0.0242303
-1.987 -0.0242869
-1.986 -0.0243436
-1.985 -0.0244004
-1.984 -0.0244573
-1.983 -0.0245143
-1.982 -0.0245715
-1.981 -0.0246287
-1.98 -0.0246861
-1.979 -0.0247436
-1.978 -0.0248011
-1.977 -0.0248588
-1.976 -0.0249166
-1.975 -0.0249746
-1.974 -0.0250326
-1.973 -0.0250907
-1.972 -0.025149
-1.971 -0.0252074
-1.97 -0.0252658
-1.969 -0.0253244
-1.968 -0.0253832
-1.967 -0.025442
-1.966 -0.0255009
-1.965 -0.02556
-1.964 -0.0256192
-1.963 -0.0256784
-1.962 -0.0257378
-1.961 -0.0257973
-1.96 -0.025857
-1.959 -0.0259167
-1.958 -0.0259766
-1.957 -0.0260366
-1.956 -0.0260966
-1.955 -0.0261569
-1.954 -0.0262172
-1.953 -0.0262776
-1.952 -0.0263382
-1.951 -0.0263988
-1.95 -0.0264596
-1.949 -0.0265205
-1.948 -0.0265816
-1.947 -0.0266427
-1.946 -0.026704
-1.945 -0.0267653
-1.944 -0.0268268
-1.943 -0.0268884
-1.942 -0.0269502
-1.941 -0.027012
-1.94 -0.027074
-1.939 -0.0271361
-1.938 -0.0271983
-1.937 -0.0272606
-1.936 -0.027323
-1.935 -0.0273856
-1.934 -0.0274483
-1.933 -0.0275111
-1.932 -0.027574
-1.931 -0.027637
-1.93 -0.0277002
-1.929 -0.0277635
-1.928 -0.0278269
-1.927 -0.0278904
-1.926 -0.027954
-1.925 -0.0280178
-1.924 -0.0280817
-1.923 -0.0281457
-1.922 -0.0282098
-1.921 -0.028274
-1.92 -0.0283384
-1.919 -0.0284029
-1.918 -0.0284675
-1.917 -0.0285322
-1.916 -0.0285971
-1.915 -0.0286621
-1.914 -0.0287272
-1.913 -0.0287924
-1.912 -0.0288577
-1.911 -0.0289232
-1.91 -0.0289888
-1.909 -0.0290545
-1.908 -0.0291204
-1.907 -0.0291863
-1.906 -0.0292524
-1.905 -0.0293186
-1.904 -0.029385
-1.903 -0.0294514
-1.902 -0.029518
-1.901 -0.0295847
-1.9 -0.0296516
-1.899 -0.0297185
-1.898 -0.0297856
-1.897 -0.0298528
-1.896 -0.0299202
-1.895 -0.0299876
-1.894 -0.0300552
-1.893 -0.030123
-1.892 -0.0301908
-1.891 -0.0302588
-1.89 -0.0303269
-1.889 -0.0303951
-1.888 -0.0304634
-1.887 -0.0305319
-1.886 -0.0306005
-1.885 -0.0306693
-1.884 -0.0307381
-1.883 -0.0308071
-1.882 -0.0308762
-1.881 -0.0309455
-1.88 -0.0310149
-1.879 -0.0310844
-1.878 -0.031154
-1.877 -0.0312238
-1.876 -0.0312936
-1.875 -0.0313637
-1.874 -0.0314338
-1.873 -0.0315041
-1.872 -0.0315745
-1.871 -0.031645
-1.87 -0.0317157
-1.869 -0.0317865
-1.868 -0.0318574
-1.867 -0.0319285
-1.866 -0.0319997
-1.865 -0.032071
-1.864 -0.0321425
-1.863 -0.032214
-1.862 -0.0322858
-1.861 -0.0323576
-1.86 -0.0324296
-1.859 -0.0325017
-1.858 -0.0325739
-1.857 -0.0326463
-1.856 -0.0327188
-1.855 -0.0327915
-1.854 -0.0328642
-1.853 -0.0329371
-1.852 -0.0330102
-1.851 -0.0330834
-1.85 -0.0331567
-1.849 -0.0332301
-1.848 -0.0333037
-1.847 -0.0333774
-1.846 -0.0334512
-1.845 -0.0335252
-1.844 -0.0335993
-1.843 -0.0336736
-1.842 -0.0337479
-1.841 -0.0338225
-1.84 -0.0338971
-1.839 -0.0339719
-1.838 -0.0340468
-1.837 -0.0341219
-1.836 -0.0341971
-1.835 -0.0342724
-1.834 -0.0343479
-1.833 -0.0344235
-1.832 -0.0344992
-1.831 -0.0345751
-1.83 -0.0346511
-1.829 -0.0347273
-1.828 -0.0348036
-1.827 -0.03488
-1.826 -0.0349565
-1.825 -0.0350332
-1.824 -0.0351101
-1.823 -0.0351871
-1.822 -0.0352642
-1.821 -0.0353414
-1.82 -0.0354188
-1.819 -0.0354964
-1.818 -0.035574
-1.817 -0.0356518
-1.816 -0.0357298
-1.815 -0.0358079
-1.814 -0.0358861
-1.813 -0.0359645
-1.812 -0.036043
-1.811 -0.0361216
-1.81 -0.0362004
-1.809 -0.0362794
-1.808 -0.0363584
-1.807 -0.0364377
-1.806 -0.036517
-1.805 -0.0365965
-1.804 -0.0366761
-1.803 -0.0367559
-1.802 -0.0368358
-1.801 -0.0369159
-1.8 -0.0369961
-1.799 -0.0370765
-1.798 -0.0371569
-1.797 -0.0372376
-1.796 -0.0373184
-1.795 -0.0373993
-1.794 -0.0374803
-1.793 -0.0375615
-1.792 -0.0376429
-1.791 -0.0377244
-1.79 -0.037806
-1.789 -0.0378878
-1.788 -0.0379697
-1.787 -0.0380518
-1.786 -0.038134
-1.785 -0.0382164
-1.784 -0.0382989
-1.783 -0.0383815
-1.782 -0.0384643
-1.781 -0.0385472
-1.78 -0.0386303
-1.779 -0.0387136
-1.778 -0.0387969
-1.777 -0.0388805
-1.776 -0.0389641
-1.775 -0.0390479
-1.774 -0.0391319
-1.773 -0.039216
-1.772 -0.0393003
-1.771 -0.0393847
-1.77 -0.0394692
-1.769 -0.0395539
-1.768 -0.0396388
-1.767 -0.0397238
-1.766 -0.0398089
-1.765 -0.0398942
-1.764 -0.0399796
-1.763 -0.0400652
-1.762 -0.040151
-1.761 -0.0402368
-1.76 -0.0403229
-1.759 -0.0404091
-1.758 -0.0404954
-1.757 -0.0405819
-1.756 -0.0406685
-1.755 -0.0407553
-1.754 -0.0408422
-1.753 -0.0409293
-1.752 -0.0410165
-1.751 -0.0411039
-1.75 -0.0411915
-1.749 -0.0412791
-1.748 -0.041367
-1.747 -0.041455
-1.746 -0.0415431
-1.745 -0.0416314
-1.744 -0.0417198
-1.743 -0.0418084
-1.742 -0.0418972
-1.741 -0.0419861
-1.74 -0.0420751
-1.739 -0.0421644
-1.738 -0.0422537
-1.737 -0.0423432
-1.736 -0.0424329
-1.735 -0.0425227
-1.734 -0.0426127
-1.733 -0.0427028
-1.732 -0.0427931
-1.731 -0.0428835
-1.73 -0.0429741
-1.729 -0.0430649
-1.728 -0.0431558
-1.727 -0.0432468
-1.726 -0.043338
-1.725 -0.0434294
-1.724 -0.0435209
-1.723 -0.0436126
-1.722 -0.0437044
-1.721 -0.0437964
-1.72 -0.0438885
-1.719 -0.0439808
-1.718 -0.0440733
-1.717 -0.0441659
-1.716 -0.0442587
-1.715 -0.0443516
-1.714 -0.0444447
-1.713 -0.0445379
-1.712 -0.0446313
-1.711 -0.0447249
-1.71 -0.0448186
-1.709 -0.0449124
-1.708 -0.0450065
-1.707 -0.0451006
-1.706 -0.045195
-1.705 -0.0452895
-1.704 -0.0453842
-1.703 -0.045479
-1.702 -0.045574
-1.701 -0.0456691
-1.7 -0.0457644
-1.699 -0.0458599
-1.698 -0.0459555
-1.697 -0.0460513
-1.696 -0.0461472
-1.695 -0.0462433
-1.694 -0.0463396
-1.693 -0.046436
-1.692 -0.0465326
-1.691 -0.0466293
-1.69 -0.0467262
-1.689 -0.0468233
-1.688 -0.0469205
-1.687 -0.0470179
-1.686 -0.0471154
-1.685 -0.0472132
-1.684 -0.047311
-1.683 -0.0474091
-1.682 -0.0475073
-1.681 -0.0476056
-1.68 -0.0477042
-1.679 -0.0478028
-1.678 -0.0479017
-1.677 -0.0480007
-1.676 -0.0480999
-1.675 -0.0481992
-1.674 -0.0482987
-1.673 -0.0483984
-1.672 -0.0484983
-1.671 -0.0485983
-1.67 -0.0486984
-1.669 -0.0487988
-1.668 -0.0488992
-1.667 -0.0489999
-1.666 -0.0491007
-1.665 -0.0492017
-1.664 -0.0493029
-1.663 -0.0494042
-1.662 -0.0495057
-1.661 -0.0496074
-1.66 -0.0497092
-1.659 -0.0498112
-1.658 -0.0499133
-1.657 -0.0500156
-1.656 -0.0501181
-1.655 -0.0502208
-1.654 -0.0503236
-1.653 -0.0504266
-1.652 -0.0505298
-1.651 -0.0506331
-1.65 -0.0507366
-1.649 -0.0508402
-1.648 -0.0509441
-1.647 -0.0510481
-1.646 -0.0511523
-1.645 -0.0512566
-1.644 -0.0513611
-1.643 -0.0514658
-1.642 -0.0515706
-1.641 -0.0516756
-1.64 -0.0517808
-1.639 -0.0518862
-1.638 -0.0519917
-1.637 -0.0520974
-1.636 -0.0522033
-1.635 -0.0523093
-1.634 -0.0524155
-1.633 -0.0525219
-1.632 -0.0526284
-1.631 -0.0527352
-1.63 -0.0528421
-1.629 -0.0529491
-1.628 -0.0530564
-1.627 -0.0531638
-1.626 -0.0532714
-1.625 -0.0533791
-1.624 -0.053487
-1.623 -0.0535951
-1.622 -0.0537034
-1.621 -0.0538119
-1.62 -0.0539205
-1.619 -0.0540293
-1.618 -0.0541382
-1.617 -0.0542474
-1.616 -0.0543567
-1.615 -0.0544662
-1.614 -0.0545758
-1.613 -0.0546857
-1.612 -0.0547957
-1.611 -0.0549059
-1.61 -0.0550162
-1.609 -0.0551268
-1.608 -0.0552375
-1.607 -0.0553483
-1.606 -0.0554594
-1.605 -0.0555706
-1.604 -0.0556821
-1.603 -0.0557936
-1.602 -0.0559054
-1.601 -0.0560173
-1.6 -0.0561295
-1.599 -0.0562418
-1.598 -0.0563542
-1.597 -0.0564669
-1.596 -0.0565797
-1.595 -0.0566927
-1.594 -0.0568059
-1.593 -0.0569192
-1.592 -0.0570328
-1.591 -0.0571465
-1.59 -0.0572604
-1.589 -0.0573745
-1.588 -0.0574887
-1.587 -0.0576031
-1.586 -0.0577177
-1.585 -0.0578325
-1.584 -0.0579475
-1.583 -0.0580626
-1.582 -0.058178
-1.581 -0.0582935
-1.58 -0.0584091
-1.579 -0.058525
-1.578 -0.058641
-1.577 -0.0587573
-1.576 -0.0588737
-1.575 -0.0589903
-1.574 -0.059107
-1.573 -0.059224
-1.572 -0.0593411
-1.571 -0.0594584
-1.57 -0.0595759
-1.569 -0.0596936
-1.568 -0.0598114
-1.567 -0.0599295
-1.566 -0.0600477
-1.565 -0.0601661
-1.564 -0.0602846
-1.563 -0.0604034
-1.562 -0.0605224
-1.561 -0.0606415
-1.56 -0.0607608
-1.559 -0.0608803
-1.558 -0.061
-1.557 -0.0611198
-1.556 -0.0612399
-1.555 -0.0613601
-1.554 -0.0614805
-1.553 -0.0616011
-1.552 -0.0617219
-1.551 -0.0618429
-1.55 -0.061964
-1.549 -0.0620854
-1.548 -0.0622069
-1.547 -0.0623286
-1.546 -0.0624505
-1.545 -0.0625726
-1.544 -0.0626948
-1.543 -0.0628173
-1.542 -0.0629399
-1.541 -0.0630628
-1.54 -0.0631858
-1.539 -0.063309
-1.538 -0.0634323
-1.537 -0.0635559
-1.536 -0.0636797
-1.535 -0.0638036
-1.534 -0.0639277
-1.533 -0.064052
-1.532 -0.0641765
-1.531 -0.0643012
-1.53 -0.0644261
-1.529 -0.0645512
-1.528 -0.0646764
-1.527 -0.0648019
-1.526 -0.0649275
-1.525 -0.0650533
-1.524 -0.0651793
-1.523 -0.0653055
-1.522 -0.0654319
-1.521 -0.0655585
-1.52 -0.0656853
-1.519 -0.0658122
-1.518 -0.0659394
-1.517 -0.0660667
-1.516 -0.0661942
-1.515 -0.0663219
-1.514 -0.0664498
-1.513 -0.0665779
-1.512 -0.0667062
-1.511 -0.0668347
-1.51 -0.0669634
-1.509 -0.0670922
-1.508 -0.0672213
-1.507 -0.0673505
-1.506 -0.0674799
-1.505 -0.0676096
-1.504 -0.0677394
-1.503 -0.0678694
-1.502 -0.0679996
-1.501 -0.06813
-1.5 -0.0682606
-1.499 -0.0683913
-1.498 -0.0685223
-1.497 -0.0686535
-1.496 -0.0687848
-1.495 -0.0689164
-1.494 -0.0690481
-1.493 -0.0691801
-1.492 -0.0693122
-1.491 -0.0694445
-1.49 -0.069577
-1.489 -0.0697097
-1.488 -0.0698426
-1.487 -0.0699757
-1.486 -0.070109
-1.485 -0.0702425
-1.484 -0.0703762
-1.483 -0.0705101
-1.482 -0.0706441
-1.481 -0.0707784
-1.48 -0.0709129
-1.479 -0.0710475
-1.478 -0.0711824
-1.477 -0.0713174
-1.476 -0.0714527
-1.475 -0.0715881
-1.474 -0.0717237
-1.473 -0.0718596
-1.472 -0.0719956
-1.471 -0.0721318
-1.47 -0.0722682
-1.469 -0.0724049
-1.468 -0.0725417
-1.467 -0.0726787
-1.466 -0.0728159
-1.465 -0.0729533
-1.464 -0.0730909
-1.463 -0.0732287
-1.462 -0.0733667
-1.461 -0.0735049
-1.46 -0.0736433
-1.459 -0.0737819
-1.458 -0.0739207
-1.457 -0.0740597
-1.456 -0.0741989
-1.455 -0.0743383
-1.454 -0.0744778
-1.453 -0.0746176
-1.452 -0.0747576
-1.451 -0.0748978
-1.45 -0.0750382
-1.449 -0.0751788
-1.448 -0.0753195
-1.447 -0.0754605
-1.446 -0.0756017
-1.445 -0.0757431
-1.444 -0.0758847
-1.443 -0.0760265
-1.442 -0.0761684
-1.441 -0.0763106
-1.44 -0.076453
-1.439 -0.0765956
-1.438 -0.0767384
-1.437 -0.0768814
-1.436 -0.0770246
-1.435 -0.0771679
-1.434 -0.0773115
-1.433 -0.0774553
-1.432 -0.0775993
-1.431 -0.0777435
-1.43 -0.0778879
-1.429 -0.0780325
-1.428 -0.0781773
-1.427 -0.0783223
-1.426 -0.0784675
-1.425 -0.078613
-1.424 -0.0787586
-1.423 -0.0789044
-1.422 -0.0790504
-1.421 -0.0791966
-1.42 -0.079343
-1.419 -0.0794897
-1.418 -0.0796365
-1.417 -0.0797835
-1.416 -0.0799308
-1.415 -0.0800782
-1.414 -0.0802259
-1.413 -0.0803737
-1.412 -0.0805218
-1.411 -0.08067
-1.41 -0.0808185
-1.409 -0.0809672
-1.408 -0.081116
-1.407 -0.0812651
-1.406 -0.0814144
-1.405 -0.0815639
-1.404 -0.0817136
-1.403 -0.0818635
-1.402 -0.0820136
-1.401 -0.0821639
-1.4 -0.0823144
-1.399 -0.0824651
-1.398 -0.082616
-1.397 -0.0827672
-1.396 -0.0829185
-1.395 -0.08307
-1.394 -0.0832218
-1.393 -0.0833738
-1.392 -0.0835259
-1.391 -0.0836783
-1.39 -0.0838309
-1.389 -0.0839836
-1.388 -0.0841366
-1.387 -0.0842898
-1.386 -0.0844432
-1.385 -0.0845968
-1.384 -0.0847506
-1.383 -0.0849047
-1.382 -0.0850589
-1.381 -0.0852133
-1.38 -0.085368
-1.379 -0.0855228
-1.378 -0.0856779
-1.377 -0.0858332
-1.376 -0.0859886
-1.375 -0.0861443
-1.374 -0.0863002
-1.373 -0.0864563
-1.372 -0.0866126
-1.371 -0.0867692
-1.37 -0.0869259
-1.369 -0.0870828
-1.368 -0.08724
-1.367 -0.0873973
-1.366 -0.0875549
-1.365 -0.0877127
-1.364 -0.0878706
-1.363 -0.0880288
-1.362 -0.0881872
-1.361 -0.0883458
-1.36 -0.0885047
-1.359 -0.0886637
-1.358 -0.0888229
-1.357 -0.0889824
-1.356 -0.089142
-1.355 -0.0893019
-1.354 -0.089462
-1.353 -0.0896223
-1.352 -0.0897828
-1.351 -0.0899435
-1.35 -0.0901044
-1.349 -0.0902655
-1.348 -0.0904268
-1.347 -0.0905884
-1.346 -0.0907502
-1.345 -0.0909121
-1.344 -0.0910743
-1.343 -0.0912367
-1.342 -0.0913993
-1.341 -0.0915621
-1.34 -0.0917251
-1.339 -0.0918884
-1.338 -0.0920518
-1.337 -0.0922155
-1.336 -0.0923793
-1.335 -0.0925434
-1.334 -0.0927077
-1.333 -0.0928722
-1.332 -0.0930369
-1.331 -0.0932019
-1.33 -0.093367
-1.329 -0.0935324
-1.328 -0.0936979
-1.327 -0.0938637
-1.326 -0.0940297
-1.325 -0.0941959
-1.324 -0.0943623
-1.323 -0.0945289
-1.322 -0.0946958
-1.321 -0.0948628
-1.32 -0.0950301
-1.319 -0.0951975
-1.318 -0.0953652
-1.317 -0.0955331
-1.316 -0.0957012
-1.315 -0.0958696
-1.314 -0.0960381
-1.313 -0.0962068
-1.312 -0.0963758
-1.311 -0.096545
-1.31 -0.0967144
-1.309 -0.096884
-1.308 -0.0970538
-1.307 -0.0972238
-1.306 -0.097394
-1.305 -0.0975645
-1.304 -0.0977351
-1.303 -0.097906
-1.302 -0.0980771
-1.301 -0.0982484
-1.3 -0.0984199
-1.299 -0.0985917
-1.298 -0.0987636
-1.297 -0.0989358
-1.296 -0.0991081
-1.295 -0.0992807
-1.294 -0.0994535
-1.293 -0.0996265
-1.292 -0.0997998
-1.291 -0.0999732
-1.29 -0.100147
-1.289 -0.100321
-1.288 -0.100495
-1.287 -0.100669
-1.286 -0.100844
-1.285 -0.101018
-1.284 -0.101193
-1.283 -0.101368
-1.282 -0.101544
-1.281 -0.101719
-1.28 -0.101895
-1.279 -0.102071
-1.278 -0.102247
-1.277 -0.102424
-1.276 -0.1026
-1.275 -0.102777
-1.274 -0.102954
-1.273 -0.103132
-1.272 -0.103309
-1.271 -0.103487
-1.27 -0.103665
-1.269 -0.103843
-1.268 -0.104021
-1.267 -0.1042
-1.266 -0.104379
-1.265 -0.104558
-1.264 -0.104737
-1.263 -0.104916
-1.262 -0.105096
-1.261 -0.105276
-1.26 -0.105456
-1.259 -0.105636
-1.258 -0.105816
-1.257 -0.105997
-1.256 -0.106178
-1.255 -0.106359
-1.254 -0.106541
-1.253 -0.106722
-1.252 -0.106904
-1.251 -0.107086
-1.25 -0.107268
-1.249 -0.10745
-1.248 -0.107633
-1.247 -0.107816
-1.246 -0.107999
-1.245 -0.108182
-1.244 -0.108366
-1.243 -0.108549
-1.242 -0.108733
-1.241 -0.108917
-1.24 -0.109102
-1.239 -0.109286
-1.238 -0.109471
-1.237 -0.109656
-1.236 -0.109841
-1.235 -0.110027
-1.234 -0.110212
-1.233 -0.110398
-1.232 -0.110584
-1.231 -0.11077
-1.23 -0.110957
-1.229 -0.111143
-1.228 -0.11133
-1.227 -0.111517
-1.226 -0.111705
-1.225 -0.111892
-1.224 -0.11208
-1.223 -0.112268
-1.222 -0.112456
-1.221 -0.112644
-1.22 -0.112833
-1.219 -0.113022
-1.218 -0.113211
-1.217 -0.1134
-1.216 -0.113589
-1.215 -0.113779
-1.214 -0.113969
-1.213 -0.114159
-1.212 -0.114349
-1.211 -0.11454
-1.21 -0.11473
-1.209 -0.114921
-1.208 -0.115112
-1.207 -0.115304
-1.206 -0.115495
-1.205 -0.115687
-1.204 -0.115879
-1.203 -0.116071
-1.202 -0.116264
-1.201 -0.116456
-1.2 -0.116649
-1.199 -0.116842
-1.198 -0.117035
-1.197 -0.117229
-1.196 -0.117422
-1.195 -0.117616
-1.194 -0.11781
-1.193 -0.118004
-1.192 -0.118199
-1.191 -0.118393
-1.19 -0.118588
-1.189 -0.118783
-1.188 -0.118979
-1.187 -0.119174
-1.186 -0.11937
-1.185 -0.119566
-1.184 -0.119762
-1.183 -0.119958
-1.182 -0.120155
-1.181 -0.120352
-1.18 -0.120549
-1.179 -0.120746
-1.178 -0.120943
-1.177 -0.121141
-1.176 -0.121339
-1.175 -0.121537
-1.174 -0.121735
-1.173 -0.121933
-1.172 -0.122132
-1.171 -0.122331
-1.17 -0.12253
-1.169 -0.122729
-1.168 -0.122928
-1.167 -0.123128
-1.166 -0.123328
-1.165 -0.123528
-1.164 -0.123728
-1.163 -0.123928
-1.162 -0.124129
-1.161 -0.12433
-1.16 -0.124531
-1.159 -0.124732
-1.158 -0.124934
-1.157 -0.125135
-1.156 -0.125337
-1.155 -0.125539
-1.154 -0.125742
-1.153 -0.125944
-1.152 -0.126147
-1.151 -0.12635
-1.15 -0.126553
-1.149 -0.126756
-1.148 -0.126959
-1.147 -0.127163
-1.146 -0.127367
-1.145 -0.127571
-1.144 -0.127775
-1.143 -0.12798
-1.142 -0.128184
-1.141 -0.128389
-1.14 -0.128594
-1.139 -0.1288
-1.138 -0.129005
-1.137 -0.129211
-1.136 -0.129417
-1.135 -0.129623
-1.134 -0.129829
-1.133 -0.130035
-1.132 -0.130242
-1.131 -0.130449
-1.13 -0.130656
-1.129 -0.130863
-1.128 -0.131071
-1.127 -0.131278
-1.126 -0.131486
-1.125 -0.131694
-1.124 -0.131902
-1.123 -0.132111
-1.122 -0.132319
-1.121 -0.132528
-1.12 -0.132737
-1.119 -0.132946
-1.118 -0.133155
-1.117 -0.133365
-1.116 -0.133575
-1.115 -0.133785
-1.114 -0.133995
-1.113 -0.134205
-1.112 -0.134415
-1.111 -0.134626
-1.11 -0.134837
-1.109 -0.135048
-1.108 -0.135259
-1.107 -0.135471
-1.106 -0.135682
-1.105 -0.135894
-1.104 -0.136106
-1.103 -0.136318
-1.102 -0.136531
-1.101 -0.136743
-1.1 -0.136956
-1.099 -0.137169
-1.098 -0.137382
-1.097 -0.137595
-1.096 -0.137809
-1.095 -0.138022
-1.094 -0.138236
-1.093 -0.13845
-1.092 -0.138664
-1.091 -0.138879
-1.09 -0.139093
-1.089 -0.139308
-1.088 -0.139523
-1.087 -0.139738
-1.086 -0.139953
-1.085 -0.140168
-1.084 -0.140384
-1.083 -0.1406
-1.082 -0.140816
-1.081 -0.141032
-1.08 -0.141248
-1.079 -0.141465
-1.078 -0.141681
-1.077 -0.141898
-1.076 -0.142115
-1.075 -0.142332
-1.074 -0.14255
-1.073 -0.142767
-1.072 -0.142985
-1.071 -0.143203
-1.07 -0.143421
-1.069 -0.143639
-1.068 -0.143857
-1.067 -0.144076
-1.066 -0.144295
-1.065 -0.144513
-1.064 -0.144732
-1.063 -0.144952
-1.062 -0.145171
-1.061 -0.145391
-1.06 -0.14561
-1.059 -0.14583
-1.058 -0.14605
-1.057 -0.14627
-1.056 -0.146491
-1.055 -0.146711
-1.054 -0.146932
-1.053 -0.147152
-1.052 -0.147373
-1.051 -0.147595
-1.05 -0.147816
-1.049 -0.148037
-1.048 -0.148259
-1.047 -0.148481
-1.046 -0.148703
-1.045 -0.148925
-1.044 -0.149147
-1.043 -0.149369
-1.042 -0.149592
-1.041 -0.149814
-1.04 -0.150037
-1.039 -0.15026
-1.038 -0.150483
-1.037 -0.150707
-1.036 -0.15093
-1.035 -0.151153
-1.034 -0.151377
-1.033 -0.151601
-1.032 -0.151825
-1.031 -0.152049
-1.03 -0.152273
-1.029 -0.152498
-1.028 -0.152722
-1.027 -0.152947
-1.026 -0.153172
-1.025 -0.153397
-1.024 -0.153622
-1.023 -0.153847
-1.022 -0.154073
-1.021 -0.154298
-1.02 -0.154524
-1.019 -0.15475
-1.018 -0.154976
-1.017 -0.155202
-1.016 -0.155428
-1.015 -0.155654
-1.014 -0.155881
-1.013 -0.156107
-1.012 -0.156334
-1.011 -0.156561
-1.01 -0.156788
-1.009 -0.157015
-1.008 -0.157242
-1.007 -0.157469
-1.006 -0.157697
-1.005 -0.157924
-1.004 -0.158152
-1.003 -0.15838
-1.002 -0.158608
-1.001 -0.158836
-1 -0.159064
-0.999 -0.159292
-0.998 -0.159521
-0.997 -0.159749
-0.996 -0.159978
-0.995 -0.160207
-0.994 -0.160435
-0.993 -0.160664
-0.992 -0.160894
-0.991 -0.161123
-0.99 -0.161352
-0.989 -0.161581
-0.988 -0.161811
-0.987 -0.16204
-0.986 -0.16227
-0.985 -0.1625
-0.984 -0.16273
-0.983 -0.16296
-0.982 -0.16319
-0.981 -0.16342
-0.98 -0.16365
-0.979 -0.163881
-0.978 -0.164111
-0.977 -0.164342
-0.976 -0.164573
-0.975 -0.164803
-0.974 -0.165034
-0.973 -0.165265
-0.972 -0.165496
-0.971 -0.165727
-0.97 -0.165958
-0.969 -0.16619
-0.968 -0.166421
-0.967 -0.166652
-0.966 -0.166884
-0.965 -0.167115
-0.964 -0.167347
-0.963 -0.167579
-0.962 -0.167811
-0.961 -0.168043
-0.96 -0.168275
-0.959 -0.168507
-0.958 -0.168739
-0.957 -0.168971
-0.956 -0.169203
-0.955 -0.169435
-0.954 -0.169668
-0.953 -0.1699
-0.952 -0.170133
-0.951 -0.170365
-0.95 -0.170598
-0.949 -0.170831
-0.948 -0.171063
-0.947 -0.171296
-0.946 -0.171529
-0.945 -0.171762
-0.944 -0.171995
-0.943 -0.172228
-0.942 -0.172461
-0.941 -0.172694
-0.94 -0.172927
-0.939 -0.17316
-0.938 -0.173393
-0.937 -0.173626
-0.936 -0.17386
-0.935 -0.174093
-0.934 -0.174326
-0.933 -0.17456
-0.932 -0.174793
-0.931 -0.175027
-0.93 -0.17526
-0.929 -0.175494
-0.928 -0.175727
-0.927 -0.175961
-0.926 -0.176194
-0.925 -0.176428
-0.924 -0.176662
-0.923 -0.176895
-0.922 -0.177129
-0.921 -0.177363
-0.92 -0.177596
-0.919 -0.17783
-0.918 -0.178064
-0.917 -0.178298
-0.916 -0.178531
-0.915 -0.178765
-0.914 -0.178999
-0.913 -0.179233
-0.912 -0.179466
-0.911 -0.1797
-0.91 -0.179934
-0.909 -0.180168
-0.908 -0.180401
-0.907 -0.180635
-0.906 -0.180869
-0.905 -0.181103
-0.904 -0.181336
-0.903 -0.18157
-0.902 -0.181804
-0.901 -0.182037
-0.9 -0.182271
-0.899 -0.182504
-0.898 -0.182738
-0.897 -0.182972
-0.896 -0.183205
-0.895 -0.183439
-0.894 -0.183672
-0.893 -0.183906
-0.892 -0.184139
-0.891 -0.184372
-0.89 -0.184606
-0.889 -0.184839
-0.888 -0.185072
-0.887 -0.185305
-0.886 -0.185538
-0.885 -0.185772
-0.884 -0.186005
-0.883 -0.186238
-0.882 -0.186471
-0.881 -0.186703
-0.88 -0.186936
-0.879 -0.187169
-0.878 -0.187402
-0.877 -0.187634
-0.876 -0.187867
-0.875 -0.188099
-0.874 -0.188332
-0.873 -0.188564
-0.872 -0.188796
-0.871 -0.189029
-0.87 -0.189261
-0.869 -0.189493
-0.868 -0.189725
-0.867 -0.189957
-0.866 -0.190188
-0.865 -0.19042
-0.864 -0.190652
-0.863 -0.190883
-0.862 -0.191115
-0.861 -0.191346
-0.86 -0.191577
-0.859 -0.191808
-0.858 -0.192039
-0.857 -0.19227
-0.856 -0.192501
-0.855 -0.192731
-0.854 -0.192962
-0.853 -0.193192
-0.852 -0.193423
-0.851 -0.193653
-0.85 -0.193883
-0.849 -0.194113
-0.848 -0.194343
-0.847 -0.194572
-0.846 -0.194802
-0.845 -0.195031
-0.844 -0.195261
-0.843 -0.19549
-0.842 -0.195719
-0.841 -0.195947
-0.84 -0.196176
-0.839 -0.196405
-0.838 -0.196633
-0.837 -0.196861
-0.836 -0.197089
-0.835 -0.197317
-0.834 -0.197545
-0.833 -0.197772
-0.832 -0.198
-0.831 -0.198227
-0.83 -0.198454
-0.829 -0.198681
-0.828 -0.198908
-0.827 -0.199134
-0.826 -0.19936
-0.825 -0.199586
-0.824 -0.199812
-0.823 -0.200038
-0.822 -0.200264
-0.821 -0.200489
-0.82 -0.200714
-0.819 -0.200939
-0.818 -0.201164
-0.817 -0.201388
-0.816 -0.201613
-0.815 -0.201837
-0.814 -0.202061
-0.813 -0.202284
-0.812 -0.202508
-0.811 -0.202731
-0.81 -0.202954
-0.809 -0.203177
-0.808 -0.203399
-0.807 -0.203621
-0.806 -0.203843
-0.805 -0.204065
-0.804 -0.204287
-0.803 -0.204508
-0.802 -0.204729
-0.801 -0.20495
-0.8 -0.20517
-0.799 -0.205391
-0.798 -0.205611
-0.797 -0.20583
-0.796 -0.20605
-0.795 -0.206269
-0.794 -0.206488
-0.793 -0.206706
-0.792 -0.206925
-0.791 -0.207143
-0.79 -0.207361
-0.789 -0.207578
-0.788 -0.207795
-0.787 -0.208012
-0.786 -0.208229
-0.785 -0.208445
-0.784 -0.208661
-0.783 -0.208877
-0.782 -0.209092
-0.781 -0.209307
-0.78 -0.209522
-0.779 -0.209736
-0.778 -0.20995
-0.777 -0.210164
-0.776 -0.210377
-0.775 -0.21059
-0.774 -0.210803
-0.773 -0.211015
-0.772 -0.211227
-0.771 -0.211439
-0.77 -0.21165
-0.769 -0.211861
-0.768 -0.212072
-0.767 -0.212282
-0.766 -0.212492
-0.765 -0.212702
-0.764 -0.212911
-0.763 -0.213119
-0.762 -0.213328
-0.761 -0.213536
-0.76 -0.213743
-0.759 -0.213951
-0.758 -0.214157
-0.757 -0.214364
-0.756 -0.21457
-0.755 -0.214775
-0.754 -0.214981
-0.753 -0.215185
-0.752 -0.21539
-0.751 -0.215594
-0.75 -0.215797
-0.749 -0.216
-0.748 -0.216203
-0.747 -0.216405
-0.746 -0.216607
-0.745 -0.216808
-0.744 -0.217009
-0.743 -0.21721
-0.742 -0.21741
-0.741 -0.217609
-0.74 -0.217808
-0.739 -0.218007
-0.738 -0.218205
-0.737 -0.218403
-0.736 -0.2186
-0.735 -0.218797
-0.734 -0.218993
-0.733 -0.219189
-0.732 -0.219384
-0.731 -0.219579
-0.73 -0.219773
-0.729 -0.219967
-0.728 -0.22016
-0.727 -0.220353
-0.726 -0.220545
-0.725 -0.220737
-0.724 -0.220928
-0.723 -0.221119
-0.722 -0.221309
-0.721 -0.221499
-0.72 -0.221688
-0.719 -0.221877
-0.718 -0.222065
-0.717 -0.222252
-0.716 -0.222439
-0.715 -0.222625
-0.714 -0.222811
-0.713 -0.222996
-0.712 -0.223181
-0.711 -0.223365
-0.71 -0.223549
-0.709 -0.223732
-0.708 -0.223914
-0.707 -0.224096
-0.706 -0.224277
-0.705 -0.224458
-0.704 -0.224638
-0.703 -0.224817
-0.702 -0.224996
-0.701 -0.225174
-0.7 -0.225351
-0.699 -0.225528
-0.698 -0.225705
-0.697 -0.22588
-0.696 -0.226055
-0.695 -0.22623
-0.694 -0.226403
-0.693 -0.226577
-0.692 -0.226749
-0.691 -0.226921
-0.69 -0.227092
-0.689 -0.227262
-0.688 -0.227432
-0.687 -0.227601
-0.686 -0.22777
-0.685 -0.227938
-0.684 -0.228105
-0.683 -0.228271
-0.682 -0.228437
-0.681 -0.228602
-0.68 -0.228766
-0.679 -0.22893
-0.678 -0.229093
-0.677 -0.229255
-0.676 -0.229416
-0.675 -0.229577
-0.674 -0.229737
-0.673 -0.229896
-0.672 -0.230055
-0.671 -0.230212
-0.67 -0.230369
-0.669 -0.230526
-0.668 -0.230681
-0.667 -0.230836
-0.666 -0.23099
-0.665 -0.231143
-0.664 -0.231296
-0.663 -0.231447
-0.662 -0.231598
-0.661 -0.231748
-0.66 -0.231898
-0.659 -0.232046
-0.658 -0.232194
-0.657 -0.232341
-0.656 -0.232487
-0.655 -0.232632
-0.654 -0.232776
-0.653 -0.23292
-0.652 -0.233063
-0.651 -0.233205
-0.65 -0.233346
-0.649 -0.233486
-0.648 -0.233626
-0.647 -0.233764
-0.646 -0.233902
-0.645 -0.234039
-0.644 -0.234175
-0.643 -0.23431
-0.642 -0.234444
-0.641 -0.234577
-0.64 -0.23471
-0.639 -0.234842
-0.638 -0.234972
-0.637 -0.235102
-0.636 -0.235231
-0.635 -0.235359
-0.634 -0.235486
-0.633 -0.235612
-0.632 -0.235737
-0.631 -0.235862
-0.63 -0.235985
-0.629 -0.236107
-0.628 -0.236229
-0.627 -0.236349
-0.626 -0.236469
-0.625 -0.236588
-0.624 -0.236705
-0.623 -0.236822
-0.622 -0.236938
-0.621 -0.237052
-0.62 -0.237166
-0.619 -0.237279
-0.618 -0.237391
-0.617 -0.237501
-0.616 -0.237611
-0.615 -0.23772
-0.614 -0.237828
-0.613 -0.237934
-0.612 -0.23804
-0.611 -0.238145
-0.61 -0.238249
-0.609 -0.238351
-0.608 -0.238453
-0.607 -0.238553
-0.606 -0.238653
-0.605 -0.238751
-0.604 -0.238849
-0.603 -0.238945
-0.602 -0.23904
-0.601 -0.239135
-0.6 -0.239228
-0.599 -0.23932
-0.598 -0.239411
-0.597 -0.2395
-0.596 -0.239589
-0.595 -0.239677
-0.594 -0.239763
-0.593 -0.239849
-0.592 -0.239933
-0.591 -0.240016
-0.59 -0.240098
-0.589 -0.240179
-0.588 -0.240259
-0.587 -0.240338
-0.586 -0.240415
-0.585 -0.240491
-0.584 -0.240566
-0.583 -0.24064
-0.582 -0.240713
-0.581 -0.240785
-0.58 -0.240855
-0.579 -0.240925
-0.578 -0.240993
-0.577 -0.24106
-0.576 -0.241125
-0.575 -0.24119
-0.574 -0.241253
-0.573 -0.241315
-0.572 -0.241376
-0.571 -0.241436
-0.57 -0.241494
-0.569 -0.241552
-0.568 -0.241607
-0.567 -0.241662
-0.566 -0.241716
-0.565 -0.241768
-0.564 -0.241819
-0.563 -0.241868
-0.562 -0.241917
-0.561 -0.241964
-0.56 -0.24201
-0.559 -0.242055
-0.558 -0.242098
-0.557 -0.24214
-0.556 -0.242181
-0.555 -0.24222
-0.554 -0.242258
-0.553 -0.242295
-0.552 -0.24233
-0.551 -0.242364
-0.55 -0.242397
-0.549 -0.242429
-0.548 -0.242459
-0.547 -0.242488
-0.546 -0.242515
-0.545 -0.242541
-0.544 -0.242566
-0.543 -0.242589
-0.542 -0.242611
-0.541 -0.242632
-0.54 -0.242651
-0.539 -0.242669
-0.538 -0.242686
-0.537 -0.242701
-0.536 -0.242715
-0.535 -0.242727
-0.534 -0.242738
-0.533 -0.242747
-0.532 -0.242755
-0.531 -0.242762
-0.53 -0.242767
-0.529 -0.242771
-0.528 -0.242774
-0.527 -0.242775
-0.526 -0.242774
-0.525 -0.242772
-0.524 -0.242769
-0.523 -0.242764
-0.522 -0.242758
-0.521 -0.24275
-0.52 -0.24274
-0.519 -0.24273
-0.518 -0.242717
-0.517 -0.242704
-0.516 -0.242689
-0.515 -0.242672
-0.514 -0.242654
-0.513 -0.242634
-0.512 -0.242613
-0.511 -0.24259
-0.51 -0.242566
-0.509 -0.24254
-0.508 -0.242513
-0.507 -0.242484
-0.506 -0.242453
-0.505 -0.242422
-0.504 -0.242388
-0.503 -0.242353
-0.502 -0.242317
-0.501 -0.242278
-0.5 -0.242239
-0.499 -0.242197
-0.498 -0.242155
-0.497 -0.24211
-0.496 -0.242064
-0.495 -0.242017
-0.494 -0.241967
-0.493 -0.241917
-0.492 -0.241864
-0.491 -0.24181
-0.49 -0.241755
-0.489 -0.241697
-0.488 -0.241638
-0.487 -0.241578
-0.486 -0.241516
-0.485 -0.241452
-0.484 -0.241387
-0.483 -0.24132
-0.482 -0.241251
-0.481 -0.241181
-0.48 -0.241109
-0.479 -0.241035
-0.478 -0.24096
-0.477 -0.240883
-0.476 -0.240804
-0.475 -0.240724
-0.474 -0.240642
-0.473 -0.240558
-0.472 -0.240473
-0.471 -0.240386
-0.47 -0.240297
-0.469 -0.240207
-0.468 -0.240115
-0.467 -0.240021
-0.466 -0.239925
-0.465 -0.239828
-0.464 -0.239729
-0.463 -0.239628
-0.462 -0.239526
-0.461 -0.239421
-0.46 -0.239316
-0.459 -0.239208
-0.458 -0.239098
-0.457 -0.238987
-0.456 -0.238874
-0.455 -0.23876
-0.454 -0.238643
-0.453 -0.238525
-0.452 -0.238405
-0.451 -0.238283
-0.45 -0.23816
-0.449 -0.238034
-0.448 -0.237907
-0.447 -0.237778
-0.446 -0.237648
-0.445 -0.237515
-0.444 -0.237381
-0.443 -0.237245
-0.442 -0.237107
-0.441 -0.236967
-0.44 -0.236826
-0.439 -0.236682
-0.438 -0.236537
-0.437 -0.23639
-0.436 -0.236242
-0.435 -0.236091
-0.434 -0.235939
-0.433 -0.235784
-0.432 -0.235628
-0.431 -0.23547
-0.43 -0.23531
-0.429 -0.235149
-0.428 -0.234985
-0.427 -0.23482
-0.426 -0.234652
-0.425 -0.234483
-0.424 -0.234312
-0.423 -0.234139
-0.422 -0.233965
-0.421 -0.233788
-0.42 -0.23361
-0.419 -0.233429
-0.418 -0.233247
-0.417 -0.233063
-0.416 -0.232877
-0.415 -0.232689
-0.414 -0.232499
-0.413 -0.232307
-0.412 -0.232114
-0.411 -0.231918
-0.41 -0.231721
-0.409 -0.231521
-0.408 -0.23132
-0.407 -0.231117
-0.406 -0.230912
-0.405 -0.230705
-0.404 -0.230496
-0.403 -0.230285
-0.402 -0.230072
-0.401 -0.229857
-0.4 -0.229641
-0.399 -0.229422
-0.398 -0.229201
-0.397 -0.228979
-0.396 -0.228754
-0.395 -0.228528
-0.394 -0.2283
-0.393 -0.228069
-0.392 -0.227837
-0.391 -0.227603
-0.39 -0.227367
-0.389 -0.227128
-0.388 -0.226888
-0.387 -0.226646
-0.386 -0.226402
-0.385 -0.226156
-0.384 -0.225908
-0.383 -0.225658
-0.382 -0.225406
-0.381 -0.225152
-0.38 -0.224896
-0.379 -0.224638
-0.378 -0.224378
-0.377 -0.224116
-0.376 -0.223853
-0.375 -0.223587
-0.374 -0.223319
-0.373 -0.223049
-0.372 -0.222777
-0.371 -0.222503
-0.37 -0.222227
-0.369 -0.22195
-0.368 -0.22167
-0.367 -0.221388
-0.366 -0.221104
-0.365 -0.220818
-0.364 -0.22053
-0.363 -0.22024
-0.362 -0.219948
-0.361 -0.219654
-0.36 -0.219359
-0.359 -0.219061
-0.358 -0.218761
-0.357 -0.218459
-0.356 -0.218155
-0.355 -0.217849
-0.354 -0.217541
-0.353 -0.21723
-0.352 -0.216918
-0.351 -0.216604
-0.35 -0.216288
-0.349 -0.21597
-0.348 -0.21565
-0.347 -0.215327
-0.346 -0.215003
-0.345 -0.214677
-0.344 -0.214349
-0.343 -0.214018
-0.342 -0.213686
-0.341 -0.213351
-0.34 -0.213015
-0.339 -0.212677
-0.338 -0.212336
-0.337 -0.211993
-0.336 -0.211649
-0.335 -0.211302
-0.334 -0.210954
-0.333 -0.210603
-0.332 -0.21025
-0.331 -0.209895
-0.33 -0.209539
-0.329 -0.20918
-0.328 -0.208819
-0.327 -0.208456
-0.326 -0.208091
-0.325 -0.207724
-0.324 -0.207355
-0.323 -0.206984
-0.322 -0.206611
-0.321 -0.206236
-0.32 -0.205858
-0.319 -0.205479
-0.318 -0.205098
-0.317 -0.204715
-0.316 -0.204329
-0.315 -0.203942
-0.314 -0.203553
-0.313 -0.203161
-0.312 -0.202768
-0.311 -0.202372
-0.31 -0.201975
-0.309 -0.201575
-0.308 -0.201173
-0.307 -0.20077
-0.306 -0.200364
-0.305 -0.199957
-0.304 -0.199547
-0.303 -0.199135
-0.302 -0.198721
-0.301 -0.198305
-0.3 -0.197888
-0.299 -0.197468
-0.298 -0.197046
-0.297 -0.196622
-0.296 -0.196196
-0.295 -0.195768
-0.294 -0.195338
-0.293 -0.194906
-0.292 -0.194472
-0.291 -0.194036
-0.29 -0.193598
-0.289 -0.193158
-0.288 -0.192716
-0.287 -0.192272
-0.286 -0.191826
-0.285 -0.191378
-0.284 -0.190928
-0.283 -0.190476
-0.282 -0.190022
-0.281 -0.189566
-0.28 -0.189108
-0.279 -0.188648
-0.278 -0.188186
-0.277 -0.187722
-0.276 -0.187256
-0.275 -0.186788
-0.274 -0.186318
-0.273 -0.185846
-0.272 -0.185372
-0.271 -0.184896
-0.27 -0.184418
-0.269 -0.183938
-0.268 -0.183457
-0.267 -0.182973
-0.266 -0.182487
-0.265 -0.181999
-0.264 -0.18151
-0.263 -0.181018
-0.262 -0.180524
-0.261 -0.180029
-0.26 -0.179531
-0.259 -0.179032
-0.258 -0.17853
-0.257 -0.178027
-0.256 -0.177522
-0.255 -0.177015
-0.254 -0.176505
-0.253 -0.175994
-0.252 -0.175481
-0.251 -0.174966
-0.25 -0.17445
-0.249 -0.173931
-0.248 -0.17341
-0.247 -0.172888
-0.246 -0.172363
-0.245 -0.171837
-0.244 -0.171308
-0.243 -0.170778
-0.242 -0.170246
-0.241 -0.169712
-0.24 -0.169176
-0.239 -0.168638
-0.238 -0.168099
-0.237 -0.167557
-0.236 -0.167014
-0.235 -0.166469
-0.234 -0.165921
-0.233 -0.165373
-0.232 -0.164822
-0.231 -0.164269
-0.23 -0.163714
-0.229 -0.163158
-0.228 -0.1626
-0.227 -0.16204
-0.226 -0.161478
-0.225 -0.160914
-0.224 -0.160349
-0.223 -0.159781
-0.222 -0.159212
-0.221 -0.158641
-0.22 -0.158068
-0.219 -0.157494
-0.218 -0.156917
-0.217 -0.156339
-0.216 -0.155759
-0.215 -0.155177
-0.214 -0.154594
-0.213 -0.154009
-0.212 -0.153421
-0.211 -0.152833
-0.21 -0.152242
-0.209 -0.15165
-0.208 -0.151056
-0.207 -0.15046
-0.206 -0.149862
-0.205 -0.149263
-0.204 -0.148662
-0.203 -0.148059
-0.202 -0.147454
-0.201 -0.146848
-0.2 -0.14624
-0.199 -0.145631
-0.198 -0.145019
-0.197 -0.144406
-0.196 -0.143792
-0.195 -0.143175
-0.194 -0.142557
-0.193 -0.141937
-0.192 -0.141316
-0.191 -0.140693
-0.19 -0.140068
-0.189 -0.139442
-0.188 -0.138814
-0.187 -0.138184
-0.186 -0.137553
-0.185 -0.13692
-0.184 -0.136286
-0.183 -0.13565
-0.182 -0.135012
-0.181 -0.134372
-0.18 -0.133732
-0.179 -0.133089
-0.178 -0.132445
-0.177 -0.131799
-0.176 -0.131152
-0.175 -0.130503
-0.174 -0.129853
-0.173 -0.129201
-0.172 -0.128548
-0.171 -0.127893
-0.17 -0.127236
-0.169 -0.126578
-0.168 -0.125918
-0.167 -0.125257
-0.166 -0.124595
-0.165 -0.123931
-0.164 -0.123265
-0.163 -0.122598
-0.162 -0.12193
-0.161 -0.12126
-0.16 -0.120588
-0.159 -0.119915
-0.158 -0.119241
-0.157 -0.118565
-0.156 -0.117888
-0.155 -0.117209
-0.154 -0.116529
-0.153 -0.115848
-0.152 -0.115165
-0.151 -0.11448
-0.15 -0.113795
-0.149 -0.113108
-0.148 -0.112419
-0.147 -0.111729
-0.146 -0.111038
-0.145 -0.110346
-0.144 -0.109652
-0.143 -0.108956
-0.142 -0.10826
-0.141 -0.107562
-0.14 -0.106863
-0.139 -0.106162
-0.138 -0.10546
-0.137 -0.104757
-0.136 -0.104053
-0.135 -0.103347
-0.134 -0.10264
-0.133 -0.101932
-0.132 -0.101222
-0.131 -0.100512
-0.13 -0.0997997
-0.129 -0.0990865
-0.128 -0.0983721
-0.127 -0.0976564
-0.126 -0.0969396
-0.125 -0.0962215
-0.124 -0.0955023
-0.123 -0.0947818
-0.122 -0.0940602
-0.121 -0.0933374
-0.12 -0.0926135
-0.119 -0.0918884
-0.118 -0.0911622
-0.117 -0.0904348
-0.116 -0.0897064
-0.115 -0.0889768
-0.114 -0.0882461
-0.113 -0.0875142
-0.112 -0.0867813
-0.111 -0.0860474
-0.11 -0.0853123
-0.109 -0.0845762
-0.108 -0.083839
-0.107 -0.0831008
-0.106 -0.0823615
-0.105 -0.0816212
-0.104 -0.0808799
-0.103 -0.0801375
-0.102 -0.0793942
-0.101 -0.0786498
-0.1 -0.0779045
-0.099 -0.0771582
-0.098 -0.0764109
-0.097 -0.0756627
-0.096 -0.0749135
-0.095 -0.0741634
-0.094 -0.0734123
-0.093 -0.0726603
-0.092 -0.0719074
-0.091 -0.0711536
-0.09 -0.0703989
-0.089 -0.0696433
-0.088 -0.0688868
-0.087 -0.0681295
-0.086 -0.0673713
-0.085 -0.0666122
-0.084 -0.0658523
-0.083 -0.0650916
-0.082 -0.06433
-0.081 -0.0635676
-0.08 -0.0628045
-0.079 -0.0620405
-0.078 -0.0612757
-0.077 -0.0605102
-0.076 -0.0597439
-0.075 -0.0589768
-0.074 -0.058209
-0.073 -0.0574404
-0.072 -0.0566712
-0.071 -0.0559012
-0.07 -0.0551304
-0.069 -0.054359
-0.068 -0.0535869
-0.067 -0.0528141
-0.066 -0.0520407
-0.065 -0.0512665
-0.064 -0.0504918
-0.063 -0.0497163
-0.062 -0.0489403
-0.061 -0.0481636
-0.06 -0.0473863
-0.059 -0.0466084
-0.058 -0.0458299
-0.057 -0.0450509
-0.056 -0.0442712
-0.055 -0.043491
-0.054 -0.0427102
-0.053 -0.0419289
-0.052 -0.041147
-0.051 -0.0403646
-0.05 -0.0395817
-0.049 -0.0387983
-0.048 -0.0380144
-0.047 -0.03723
-0.046 -0.0364452
-0.045 -0.0356598
-0.044 -0.0348741
-0.043 -0.0340878
-0.042 -0.0333011
-0.041 -0.032514
-0.04 -0.0317265
-0.039 -0.0309386
-0.038 -0.0301503
-0.037 -0.0293616
-0.036 -0.0285725
-0.035 -0.027783
-0.034 -0.0269932
-0.033 -0.0262031
-0.032 -0.0254126
-0.031 -0.0246218
-0.03 -0.0238306
-0.029 -0.0230392
-0.028 -0.0222475
-0.027 -0.0214554
-0.026 -0.0206631
-0.025 -0.0198706
-0.024 -0.0190778
-0.023 -0.0182847
-0.022 -0.0174914
-0.021 -0.0166979
-0.02 -0.0159041
-0.019 -0.0151102
-0.018 -0.0143161
-0.017 -0.0135217
-0.016 -0.0127272
-0.015 -0.0119326
-0.014 -0.0111378
-0.013 -0.0103428
-0.012 -0.00954773
-0.011 -0.00875252
-0.01 -0.00795719
-0.009 -0.00716176
-0.008 -0.00636624
-0.007 -0.00557064
-0.006 -0.00477497
-0.005 -0.00397924
-0.004 -0.00318345
-0.003 -0.00238762
-0.002 -0.00159177
-0.001 -0.000795888
-1.09253e-13 -8.69533e-14
0.001 0.000795888
0.002 0.00159177
0.003 0.00238762
0.004 0.00318345
0.005 0.00397924
0.006 0.00477497
0.007 0.00557064
0.008 0.00636624
0.009 0.00716176
0.01 0.00795719
0.011 0.00875252
0.012 0.00954773
0.013 0.0103428
0.014 0.0111378
0.015 0.0119326
0.016 0.0127272
0.017 0.0135217
0.018 0.0143161
0.019 0.0151102
0.02 0.0159041
0.021 0.0166979
0.022 0.0174914
0.023 0.0182847
0.024 0.0190778
0.025 0.0198706
0.026 0.0206631
0.027 0.0214554
0.028 0.0222475
0.029 0.0230392
0.03 0.0238306
0.031 0.0246218
0.032 0.0254126
0.033 0.0262031
0.034 0.0269932
0.035 0.027783
0.036 0.0285725
0.037 0.0293616
0.038 0.0301503
0.039 0.0309386
0.04 0.0317265
0.041 0.032514
0.042 0.0333011
0.043 0.0340878
0.044 0.0348741
0.045 0.0356598
0.046 0.0364452
0.047 0.03723
0.048 0.0380144
0.049 0.0387983
0.05 0.0395817
0.051 0.0403646
0.052 0.041147
0.053 0.0419289
0.054 0.0427102
0.055 0.043491
0.056 0.0442712
0.057 0.0450509
0.058 0.0458299
0.059 0.0466084
0.06 0.0473863
0.061 0.0481636
0.062 0.0489403
0.063 0.0497163
0.064 0.0504918
0.065 0.0512665
0.066 0.0520407
0.067 0.0528141
0.068 0.0535869
0.069 0.054359
0.07 0.0551304
0.071 0.0559012
0.072 0.0566712
0.073 0.0574404
0.074 0.058209
0.075 0.0589768
0.076 0.0597439
0.077 0.0605102
0.078 0.0612757
0.079 0.0620405
0.08 0.0628045
0.081 0.0635676
0.082 0.06433
0.083 0.0650916
0.084 0.0658523
0.085 0.0666122
0.086 0.0673713
0.087 0.0681295
0.088 0.0688868
0.089 0.0696433
0.09 0.0703989
0.091 0.0711536
0.092 0.0719074
0.093 0.0726603
0.094 0.0734123
0.095 0.0741634
0.096 0.0749135
0.097 0.0756627
0.098 0.0764109
0.099 0.0771582
0.1 0.0779045
0.101 0.0786498
0.102 0.0793942
0.103 0.0801375
0.104 0.0808799
0.105 0.0816212
0.106 0.0823615
0.107 0.0831008
0.108 0.083839
0.109 0.0845762
0.11 0.0853123
0.111 0.0860474
0.112 0.0867813
0.113 0.0875142
0.114 0.0882461
0.115 0.0889768
0.116 0.0897064
0.117 0.0904348
0.118 0.0911622
0.119 0.0918884
0.12 0.0926135
0.121 0.0933374
0.122 0.0940602
0.123 0.0947818
0.124 0.0955023
0.125 0.0962215
0.126 0.0969396
0.127 0.0976564
0.128 0.0983721
0.129 0.0990865
0.13 0.0997997
0.131 0.100512
0.132 0.101222
0.133 0.101932
0.134 0.10264
0.135 0.103347
0.136 0.104053
0.137 0.104757
0.138 0.10546
0.139 0.106162
0.14 0.106863
0.141 0.107562
0.142 0.10826
0.143 0.108956
0.144 0.109652
0.145 0.110346
0.146 0.111038
0.147 0.111729
0.148 0.112419
0.149 0.113108
0.15 0.113795
0.151 0.11448
0.152 0.115165
0.153 0.115848
0.154 0.116529
0.155 0.117209
0.156 0.117888
0.157 0.118565
0.158 0.119241
0.159 0.119915
0.16 0.120588
0.161 0.12126
0.162 0.12193
0.163 0.122598
0.164 0.123265
0.165 0.123931
0.166 0.124595
0.167 0.125257
0.168 0.125918
0.169 0.126578
0.17 0.127236
0.171 0.127893
0.172 0.128548
0.173 0.129201
0.174 0.129853
0.175 0.130503
0.176 0.131152
0.177 0.131799
0.178 0.132445
0.179 0.133089
0.18 0.133732
0.181 0.134372
0.182 0.135012
0.183 0.13565
0.184 0.136286
0.185 0.13692
0.186 0.137553
0.187 0.138184
0.188 0.138814
0.189 0.139442
0.19 0.140068
0.191 0.140693
0.192 0.141316
0.193 0.141937
0.194 0.142557
0.195 0.143175
0.196 0.143792
0.197 0.144406
0.198 0.145019
0.199 0.145631
0.2 0.14624
0.201 0.146848
0.202 0.147454
0.203 0.148059
0.204 0.148662
0.205 0.149263
0.206 0.149862
0.207 0.15046
0.208 0.151056
0.209 0.15165
0.21 0.152242
0.211 0.152833
0.212 0.153421
0.213 0.154009
0.214 0.154594
0.215 0.155177
0.216 0.155759
0.217 0.156339
0.218 0.156917
0.219 0.157494
0.22 0.158068
0.221 0.158641
0.222 0.159212
0.223 0.159781
0.224 0.160349
0.225 0.160914
0.226 0.161478
0.227 0.16204
0.228 0.1626
0.229 0.163158
0.23 0.163714
0.231 0.164269
0.232 0.164822
0.233 0.165373
0.234 0.165921
0.235 0.166469
0.236 0.167014
0.237 0.167557
0.238 0.168099
0.239 0.168638
0.24 0.169176
0.241 0.169712
0.242 0.170246
0.243 0.170778
0.244 0.171308
0.245 0.171837
0.246 0.172363
0.247 0.172888
0.248 0.17341
0.249 0.173931
0.25 0.17445
0.251 0.174966
0.252 0.175481
0.253 0.175994
0.254 0.176505
0.255 0.177015
0.256 0.177522
0.257 0.178027
0.258 0.17853
0.259 0.179032
0.26 0.179531
0.261 0.180029
0.262 0.180524
0.263 0.181018
0.264 0.18151
0.265 0.181999
0.266 0.182487
0.267 0.182973
0.268 0.183457
0.269 0.183938
0.27 0.184418
0.271 0.184896
0.272 0.185372
0.273 0.185846
0.274 0.186318
0.275 0.186788
0.276 0.187256
0.277 0.187722
0.278 0.188186
0.279 0.188648
0.28 0.189108
0.281 0.189566
0.282 0.190022
0.283 0.190476
0.284 0.190928
0.285 0.191378
0.286 0.191826
0.287 0.192272
0.288 0.192716
0.289 0.193158
0.29 0.193598
0.291 0.194036
0.292 0.194472
0.293 0.194906
0.294 0.195338
0.295 0.195768
0.296 0.196196
0.297 0.196622
0.298 0.197046
0.299 0.197468
0.3 0.197888
0.301 0.198305
0.302 0.198721
0.303 0.199135
0.304 0.199547
0.305 0.199957
0.306 0.200364
0.307 0.20077
0.308 0.201173
0.309 0.201575
0.31 0.201975
0.311 0.202372
0.312 0.202768
0.313 0.203161
0.314 0.203553
0.315 0.203942
0.316 0.204329
0.317 0.204715
0.318 0.205098
0.319 0.205479
0.32 0.205858
0.321 0.206236
0.322 0.206611
0.323 0.206984
0.324 0.207355
0.325 0.207724
0.326 0.208091
0.327 0.208456
0.328 0.208819
0.329 0.20918
0.33 0.209539
0.331 0.209895
0.332 0.21025
0.333 0.210603
0.334 0.210954
0.335 0.211302
0.336 0.211649
0.337 0.211993
0.338 0.212336
0.339 0.212677
0.34 0.213015
0.341 0.213351
0.342 0.213686
0.343 0.214018
0.344 0.214349
0.345 0.214677
0.346 0.215003
0.347 0.215327
0.348 0.21565
0.349 0.21597
0.35 0.216288
0.351 0.216604
0.352 0.216918
0.353 0.21723
0.354 0.217541
0.355 0.217849
0.356 0.218155
0.357 0.218459
0.358 0.218761
0.359 0.219061
0.36 0.219359
0.361 0.219654
0.362 0.219948
0.363 0.22024
0.364 0.22053
0.365 0.220818
0.366 0.221104
0.367 0.221388
0.368 0.22167
0.369 0.22195
0.37 0.222227
0.371 0.222503
0.372 0.222777
0.373 0.223049
0.374 0.223319
0.375 0.223587
0.376 0.223853
0.377 0.224116
0.378 0.224378
0.379 0.224638
0.38 0.224896
0.381 0.225152
0.382 0.225406
0.383 0.225658
0.384 0.225908
0.385 0.226156
0.386 0.226402
0.387 0.226646
0.388 0.226888
0.389 0.227128
0.39 0.227367
0.391 0.227603
0.392 0.227837
0.393 0.228069
0.394 0.2283
0.395 0.228528
0.396 0.228754
0.397 0.228979
0.398 0.229201
0.399 0.229422
0.4 0.229641
0.401 0.229857
0.402 0.230072
0.403 0.230285
0.404 0.230496
0.405 0.230705
0.406 0.230912
0.407 0.231117
0.408 0.23132
0.409 0.231521
0.41 0.231721
0.411 0.231918
0.412 0.232114
0.413 0.232307
0.414 0.232499
0.415 0.232689
0.416 0.232877
0.417 0.233063
0.418 0.233247
0.419 0.233429
0.42 0.23361
0.421 0.233788
0.422 0.233965
0.423 0.234139
0.424 0.234312
0.425 0.234483
0.426 0.234652
0.427 0.23482
0.428 0.234985
0.429 0.235149
0.43 0.23531
0.431 0.23547
0.432 0.235628
0.433 0.235784
0.434 0.235939
0.435 0.236091
0.436 0.236242
0.437 0.23639
0.438 0.236537
0.439 0.236682
0.44 0.236826
0.441 0.236967
0.442 0.237107
0.443 0.237245
0.444 0.237381
0.445 0.237515
0.446 0.237648
0.447 0.237778
0.448 0.237907
0.449 0.238034
0.45 0.23816
0.451 0.238283
0.452 0.238405
0.453 0.238525
0.454 0.238643
0.455 0.23876
0.456 0.238874
0.457 0.238987
0.458 0.239098
0.459 0.239208
0.46 0.239316
0.461 0.239421
0.462 0.239526
0.463 0.239628
0.464 0.239729
0.465 0.239828
0.466 0.239925
0.467 0.240021
0.468 0.240115
0.469 0.240207
0.47 0.240297
0.471 0.240386
0.472 0.240473
0.473 0.240558
0.474 0.240642
0.475 0.240724
0.476 0.240804
0.477 0.240883
0.478 0.24096
0.479 0.241035
0.48 0.241109
0.481 0.241181
0.482 0.241251
0.483 0.24132
0.484 0.241387
0.485 0.241452
0.486 0.241516
0.487 0.241578
0.488 0.241638
0.489 0.241697
0.49 0.241755
0.491 0.24181
0.492 0.241864
0.493 0.241917
0.494 0.241967
0.495 0.242017
0.496 0.242064
0.497 0.24211
0.498 0.242155
0.499 0.242197
0.5 0.242239
0.501 0.242278
0.502 0.242317
0.503 0.242353
0.504 0.242388
0.505 0.242422
0.506 0.242453
0.507 0.242484
0.508 0.242513
0.509 0.24254
0.51 0.242566
0.511 0.24259
0.512 0.242613
0.513 0.242634
0.514 0.242654
0.515 0.242672
0.516 0.242689
0.517 0.242704
0.518 0.242717
0.519 0.24273
0.52 0.24274
0.521 0.24275
0.522 0.242758
0.523 0.242764
0.524 0.242769
0.525 0.242772
0.526 0.242774
0.527 0.242775
0.528 0.242774
0.529 0.242771
0.53 0.242767
0.531 0.242762
0.532 0.242755
0.533 0.242747
0.534 0.242738
0.535 0.242727
0.536 0.242715
0.537 0.242701
0.538 0.242686
0.539 0.242669
0.54 0.242651
0.541 0.242632
0.542 0.242611
0.543 0.242589
0.544 0.242566
0.545 0.242541
0.546 0.242515
0.547 0.242488
0.548 0.242459
0.549 0.242429
0.55 0.242397
0.551 0.242364
0.552 0.24233
0.553 0.242295
0.554 0.242258
0.555 0.24222
0.556 0.242181
0.557 0.24214
0.558 0.242098
0.559 0.242055
0.56 0.24201
0.561 0.241964
0.562 0.241917
0.563 0.241868
0.564 0.241819
0.565 0.241768
0.566 0.241716
0.567 0.241662
0.568 0.241607
0.569 0.241552
0.57 0.241494
0.571 0.241436
0.572 0.241376
0.573 0.241315
0.574 0.241253
0.575 0.24119
0.576 0.241125
0.577 0.24106
0.578 0.240993
0.579 0.240925
0.58 0.240855
0.581 0.240785
0.582 0.240713
0.583 0.24064
0.584 0.240566
0.585 0.240491
0.586 0.240415
0.587 0.240338
0.588 0.240259
0.589 0.240179
0.59 0.240098
0.591 0.240016
0.592 0.239933
0.593 0.239849
0.594 0.239763
0.595 0.239677
0.596 0.239589
0.597 0.2395
0.598 0.239411
0.599 0.23932
0.6 0.239228
0.601 0.239135
0.602 0.23904
0.603 0.238945
0.604 0.238849
0.605 0.238751
0.606 0.238653
0.607 0.238553
0.608 0.238453
0.609 0.238351
0.61 0.238249
0.611 0.238145
0.612 0.23804
0.613 0.237934
0.614 0.237828
0.615 0.23772
0.616 0.237611
0.617 0.237501
0.618 0.237391
0.619 0.237279
0.62 0.237166
0.621 0.237052
0.622 0.236938
0.623 0.236822
0.624 0.236705
0.625 0.236588
0.626 0.236469
0.627 0.236349
0.628 0.236229
0.629 0.236107
0.63 0.235985
0.631 0.235862
0.632 0.235737
0.633 0.235612
0.634 0.235486
0.635 0.235359
0.636 0.235231
0.637 0.235102
0.638 0.234972
0.639 0.234842
0.64 0.23471
0.641 0.234577
0.642 0.234444
0.643 0.23431
0.644 0.234175
0.645 0.234039
0.646 0.233902
0.647 0.233764
0.648 0.233626
0.649 0.233486
0.65 0.233346
0.651 0.233205
0.652 0.233063
0.653 0.23292
0.654 0.232776
0.655 0.232632
0.656 0.232487
0.657 0.232341
0.658 0.232194
0.659 0.232046
0.66 0.231898
0.661 0.231748
0.662 0.231598
0.663 0.231447
0.664 0.231296
0.665 0.231143
0.666 0.23099
0.667 0.230836
0.668 0.230681
0.669 0.230526
0.67 0.230369
0.671 0.230212
0.672 0.230055
0.673 0.229896
0.674 0.229737
0.675 0.229577
0.676 0.229416
0.677 0.229255
0.678 0.229093
0.679 0.22893
0.68 0.228766
0.681 0.228602
0.682 0.228437
0.683 0.228271
0.684 0.228105
0.685 0.227938
0.686 0.22777
0.687 0.227601
0.688 0.227432
0.689 0.227262
0.69 0.227092
0.691 0.226921
0.692 0.226749
0.693 0.226577
0.694 0.226403
0.695 0.22623
0.696 0.226055
0.697 0.22588
0.698 0.225705
0.699 0.225528
0.7 0.225351
0.701 0.225174
0.702 0.224996
0.703 0.224817
0.704 0.224638
0.705 0.224458
0.706 0.224277
0.707 0.224096
0.708 0.223914
0.709 0.223732
0.71 0.223549
0.711 0.223365
0.712 0.223181
0.713 0.222996
0.714 0.222811
0.715 0.222625
0.716 0.222439
0.717 0.222252
0.718 0.222065
0.719 0.221877
0.72 0.221688
0.721 0.221499
0.722 0.221309
0.723 0.221119
0.724 0.220928
0.725 0.220737
0.726 0.220545
0.727 0.220353
0.728 0.22016
0.729 0.219967
0.73 0.219773
0.731 0.219579
0.732 0.219384
0.733 0.219189
0.734 0.218993
0.735 0.218797
0.736 0.2186
0.737 0.218403
0.738 0.218205
0.739 0.218007
0.74 0.217808
0.741 0.217609
0.742 0.21741
0.743 0.21721
0.744 0.217009
0.745 0.216808
0.746 0.216607
0.747 0.216405
0.748 0.216203
0.749 0.216
0.75 0.215797
0.751 0.215594
0.752 0.21539
0.753 0.215185
0.754 0.214981
0.755 0.214775
0.756 0.21457
0.757 0.214364
0.758 0.214157
0.759 0.213951
0.76 0.213743
0.761 0.213536
0.762 0.213328
0.763 0.213119
0.764 0.212911
0.765 0.212702
0.766 0.212492
0.767 0.212282
0.768 0.212072
0.769 0.211861
0.77 0.21165
0.771 0.211439
0.772 0.211227
0.773 0.211015
0.774 0.210803
0.775 0.21059
0.776 0.210377
0.777 0.210164
0.778 0.20995
0.779 0.209736
0.78 0.209522
0.781 0.209307
0.782 0.209092
0.783 0.208877
0.784 0.208661
0.785 0.208445
0.786 0.208229
0.787 0.208012
0.788 0.207795
0.789 0.207578
0.79 0.207361
0.791 0.207143
0.792 0.206925
0.793 0.206706
0.794 0.206488
0.795 0.206269
0.796 0.20605
0.797 0.20583
0.798 0.205611
0.799 0.205391
0.8 0.20517
0.801 0.20495
0.802 0.204729
0.803 0.204508
0.804 0.204287
0.805 0.204065
0.806 0.203843
0.807 0.203621
0.808 0.203399
0.809 0.203177
0.81 0.202954
0.811 0.202731
0.812 0.202508
0.813 0.202284
0.814 0.202061
0.815 0.201837
0.816 0.201613
0.817 0.201388
0.818 0.201164
0.819 0.200939
0.82 0.200714
0.821 0.200489
0.822 0.200264
0.823 0.200038
0.824 0.199812
0.825 0.199586
0.826 0.19936
0.827 0.199134
0.828 0.198908
0.829 0.198681
0.83 0.198454
0.831 0.198227
0.832 0.198
0.833 0.197772
0.834 0.197545
0.835 0.197317
0.836 0.197089
0.837 0.196861
0.838 0.196633
0.839 0.196405
0.84 0.196176
0.841 0.195947
0.842 0.195719
0.843 0.19549
0.844 0.195261
0.845 0.195031
0.846 0.194802
0.847 0.194572
0.848 0.194343
0.849 0.194113
0.85 0.193883
0.851 0.193653
0.852 0.193423
0.853 0.193192
0.854 0.192962
0.855 0.192731
0.856 0.192501
0.857 0.19227
0.858 0.192039
0.859 0.191808
0.86 0.191577
0.861 0.191346
0.862 0.191115
0.863 0.190883
0.864 0.190652
0.865 0.19042
0.866 0.190188
0.867 0.189957
0.868 0.189725
0.869 0.189493
0.87 0.189261
0.871 0.189029
0.872 0.188796
0.873 0.188564
0.874 0.188332
0.875 0.188099
0.876 0.187867
0.877 0.187634
0.878 0.187402
0.879 0.187169
0.88 0.186936
0.881 0.186703
0.882 0.186471
0.883 0.186238
0.884 0.186005
0.885 0.185772
0.886 0.185538
0.887 0.185305
0.888 0.185072
0.889 0.184839
0.89 0.184606
0.891 0.184372
0.892 0.184139
0.893 0.183906
0.894 0.183672
0.895 0.183439
0.896 0.183205
0.897 0.182972
0.898 0.182738
0.899 0.182504
0.9 0.182271
0.901 0.182037
0.902 0.181804
0.903 0.18157
0.904 0.181336
0.905 0.181103
0.906 0.180869
0.907 0.180635
0.908 0.180401
0.909 0.180168
0.91 0.179934
0.911 0.1797
0.912 0.179466
0.913 0.179233
0.914 0.178999
0.915 0.178765
0.916 0.178531
0.917 0.178298
0.918 0.178064
0.919 0.17783
0.92 0.177596
0.921 0.177363
0.922 0.177129
0.923 0.176895
0.924 0.176662
0.925 0.176428
0.926 0.176194
0.927 0.175961
0.928 0.175727
0.929 0.175494
0.93 0.17526
0.931 0.175027
0.932 0.174793
0.933 0.17456
0.934 0.174326
0.935 0.174093
0.936 0.17386
0.937 0.173626
0.938 0.173393
0.939 0.17316
0.94 0.172927
0.941 0.172694
0.942 0.172461
0.943 0.172228
0.944 0.171995
0.945 0.171762
0.946 0.171529
0.947 0.171296
0.948 0.171063
0.949 0.170831
0.95 0.170598
0.951 0.170365
0.952 0.170133
0.953 0.1699
0.954 0.169668
0.955 0.169435
0.956 0.169203
0.957 0.168971
0.958 0.168739
0.959 0.168507
0.96 0.168275
0.961 0.168043
0.962 0.167811
0.963 0.167579
0.964 0.167347
0.965 0.167115
0.966 0.166884
0.967 0.166652
0.968 0.166421
0.969 0.16619
0.97 0.165958
0.971 0.165727
0.972 0.165496
0.973 0.165265
0.974 0.165034
0.975 0.164803
0.976 0.164573
0.977 0.164342
0.978 0.164111
0.979 0.163881
0.98 0.16365
0.981 0.16342
0.982 0.16319
0.983 0.16296
0.984 0.16273
0.985 0.1625
0.986 0.16227
0.987 0.16204
0.988 0.161811
0.989 0.161581
0.99 0.161352
0.991 0.161123
0.992 0.160894
0.993 0.160664
0.994 0.160435
0.995 0.160207
0.996 0.159978
0.997 0.159749
0.998 0.159521
0.999 0.159292
1 0.159064
1.001 0.158836
1.002 0.158608
1.003 0.15838
1.004 0.158152
1.005 0.157924
1.006 0.157697
1.007 0.157469
1.008 0.157242
1.009 0.157015
1.01 0.156788
1.011 0.156561
1.012 0.156334
1.013 0.156107
1.014 0.155881
1.015 0.155654
1.016 0.155428
1.017 0.155202
1.018 0.154976
1.019 0.15475
1.02 0.154524
1.021 0.154298
1.022 0.154073
1.023 0.153847
1.024 0.153622
1.025 0.153397
1.026 0.153172
1.027 0.152947
1.028 0.152722
1.029 0.152498
1.03 0.152273
1.031 0.152049
1.032 0.151825
1.033 0.151601
1.034 0.151377
1.035 0.151153
1.036 0.15093
1.037 0.150707
1.038 0.150483
1.039 0.15026
1.04 0.150037
1.041 0.149814
1.042 0.149592
1.043 0.149369
1.044 0.149147
1.045 0.148925
1.046 0.148703
1.047 0.148481
1.048 0.148259
1.049 0.148037
1.05 0.147816
1.051 0.147595
1.052 0.147373
1.053 0.147152
1.054 0.146932
1.055 0.146711
1.056 0.146491
1.057 0.14627
1.058 0.14605
1.059 0.14583
1.06 0.14561
1.061 0.145391
1.062 0.145171
1.063 0.144952
1.064 0.144732
1.065 0.144513
1.066 0.144295
1.067 0.144076
1.068 0.143857
1.069 0.143639
1.07 0.143421
1.071 0.143203
1.072 0.142985
1.073 0.142767
1.074 0.14255
1.075 0.142332
1.076 0.142115
1.077 0.141898
1.078 0.141681
1.079 0.141465
1.08 0.141248
1.081 0.141032
1.082 0.140816
1.083 0.1406
1.084 0.140384
1.085 0.140168
1.086 0.139953
1.087 0.139738
1.088 0.139523
1.089 0.139308
1.09 0.139093
1.091 0.138879
1.092 0.138664
1.093 0.13845
1.094 0.138236
1.095 0.138022
1.096 0.137809
1.097 0.137595
1.098 0.137382
1.099 0.137169
1.1 0.136956
1.101 0.136743
1.102 0.136531
1.103 0.136318
1.104 0.136106
1.105 0.135894
1.106 0.135682
1.107 0.135471
1.108 0.135259
1.109 0.135048
1.11 0.134837
1.111 0.134626
1.112 0.134415
1.113 0.134205
1.114 0.133995
1.115 0.133785
1.116 0.133575
1.117 0.133365
1.118 0.133155
1.119 0.132946
1.12 0.132737
1.121 0.132528
1.122 0.132319
1.123 0.132111
1.124 0.131902
1.125 0.131694
1.126 0.131486
1.127 0.131278
1.128 0.131071
1.129 0.130863
1.13 0.130656
1.131 0.130449
1.132 0.130242
1.133 0.130035
1.134 0.129829
1.135 0.129623
1.136 0.129417
1.137 0.129211
1.138 0.129005
1.139 0.1288
1.14 0.128594
1.141 0.128389
1.142 0.128184
1.143 0.12798
1.144 0.127775
1.145 0.127571
1.146 0.127367
1.147 0.127163
1.148 0.126959
1.149 0.126756
1.15 0.126553
1.151 0.12635
1.152 0.126147
1.153 0.125944
1.154 0.125742
1.155 0.125539
1.156 0.125337
1.157 0.125135
1.158 0.124934
1.159 0.124732
1.16 0.124531
1.161 0.12433
1.162 0.124129
1.163 0.123928
1.164 0.123728
1.165 0.123528
1.166 0.123328
1.167 0.123128
1.168 0.122928
1.169 0.122729
1.17 0.12253
1.171 0.122331
1.172 0.122132
1.173 0.121933
1.174 0.121735
1.175 0.121537
1.176 0.121339
1.177 0.121141
1.178 0.120943
1.179 0.120746
1.18 0.120549
1.181 0.120352
1.182 0.120155
1.183 0.119958
1.184 0.119762
1.185 0.119566
1.186 0.11937
1.187 0.119174
1.188 0.118979
1.189 0.118783
1.19 0.118588
1.191 0.118393
1.192 0.118199
1.193 0.118004
1.194 0.11781
1.195 0.117616
1.196 0.117422
1.197 0.117229
1.198 0.117035
1.199 0.116842
1.2 0.116649
1.201 0.116456
1.202 0.116264
1.203 0.116071
1.204 0.115879
1.205 0.115687
1.206 0.115495
1.207 0.115304
1.208 0.115112
1.209 0.114921
1.21 0.11473
1.211 0.11454
1.212 0.114349
1.213 0.114159
1.214 0.113969
1.215 0.113779
1.216 0.113589
1.217 0.1134
1.218 0.113211
1.219 0.113022
1.22 0.112833
1.221 0.112644
1.222 0.112456
1.223 0.112268
1.224 0.11208
1.225 0.111892
1.226 0.111705
1.227 0.111517
1.228 0.11133
1.229 0.111143
1.23 0.110957
1.231 0.11077
1.232 0.110584
1.233 0.110398
1.234 0.110212
1.235 0.110027
1.236 0.109841
1.237 0.109656
1.238 0.109471
1.239 0.109286
1.24 0.109102
1.241 0.108917
1.242 0.108733
1.243 0.108549
1.244 0.108366
1.245 0.108182
1.246 0.107999
1.247 0.107816
1.248 0.107633
1.249 0.10745
1.25 0.107268
1.251 0.107086
1.252 0.106904
1.253 0.106722
1.254 0.106541
1.255 0.106359
1.256 0.106178
1.257 0.105997
1.258 0.105816
1.259 0.105636
1.26 0.105456
1.261 0.105276
1.262 0.105096
1.263 0.104916
1.264 0.104737
1.265 0.104558
1.266 0.104379
1.267 0.1042
1.268 0.104021
1.269 0.103843
1.27 0.103665
1.271 0.103487
1.272 0.103309
1.273 0.103132
1.274 0.102954
1.275 0.102777
1.276 0.1026
1.277 0.102424
1.278 0.102247
1.279 0.102071
1.28 0.101895
1.281 0.101719
1.282 0.101544
1.283 0.101368
1.284 0.101193
1.285 0.101018
1.286 0.100844
1.287 0.100669
1.288 0.100495
1.289 0.100321
1.29 0.100147
1.291 0.0999732
1.292 0.0997998
1.293 0.0996265
1.294 0.0994535
1.295 0.0992807
1.296 0.0991081
1.297 0.0989358
1.298 0.0987636
1.299 0.0985917
1.3 0.0984199
1.301 0.0982484
1.302 0.0980771
1.303 0.097906
1.304 0.0977351
1.305 0.0975645
1.306 0.097394
1.307 0.0972238
1.308 0.0970538
1.309 0.096884
1.31 0.0967144
1.311 0.096545
1.312 0.0963758
1.313 0.0962068
1.314 0.0960381
1.315 0.0958696
1.316 0.0957012
1.317 0.0955331
1.318 0.0953652
1.319 0.0951975
1.32 0.0950301
1.321 0.0948628
1.322 0.0946958
1.323 0.0945289
1.324 0.0943623
1.325 0.0941959
1.326 0.0940297
1.327 0.0938637
1.328 0.0936979
1.329 0.0935324
1.33 0.093367
1.331 0.0932019
1.332 0.0930369
1.333 0.0928722
1.334 0.0927077
1.335 0.0925434
1.336 0.0923793
1.337 0.0922155
1.338 0.0920518
1.339 0.0918884
1.34 0.0917251
1.341 0.0915621
1.342 0.0913993
1.343 0.0912367
1.344 0.0910743
1.345 0.0909121
1.346 0.0907502
1.347 0.0905884
1.348 0.0904268
1.349 0.0902655
1.35 0.0901044
1.351 0.0899435
1.352 0.0897828
1.353 0.0896223
1.354 0.089462
1.355 0.0893019
1.356 0.089142
1.357 0.0889824
1.358 0.0888229
1.359 0.0886637
1.36 0.0885047
1.361 0.0883458
1.362 0.0881872
1.363 0.0880288
1.364 0.0878706
1.365 0.0877127
1.366 0.0875549
1.367 0.0873973
1.368 0.08724
1.369 0.0870828
1.37 0.0869259
1.371 0.0867692
1.372 0.0866126
1.373 0.0864563
1.374 0.0863002
1.375 0.0861443
1.376 0.0859886
1.377 0.0858332
1.378 0.0856779
1.379 0.0855228
1.38 0.085368
1.381 0.0852133
1.382 0.0850589
1.383 0.0849047
1.384 0.0847506
1.385 0.0845968
1.386 0.0844432
1.387 0.0842898
1.388 0.0841366
1.389 0.0839836
1.39 0.0838309
1.391 0.0836783
1.392 0.0835259
1.393 0.0833738
1.394 0.0832218
1.395 0.08307
1.396 0.0829185
1.397 0.0827672
1.398 0.082616
1.399 0.0824651
1.4 0.0823144
1.401 0.0821639
1.402 0.0820136
1.403 0.0818635
1.404 0.0817136
1.405 0.0815639
1.406 0.0814144
1.407 0.0812651
1.408 0.081116
1.409 0.0809672
1.41 0.0808185
1.411 0.08067
1.412 0.0805218
1.413 0.0803737
1.414 0.0802259
1.415 0.0800782
1.416 0.0799308
1.417 0.0797835
1.418 0.0796365
1.419 0.0794897
1.42 0.079343
1.421 0.0791966
1.422 0.0790504
1.423 0.0789044
1.424 0.0787586
1.425 0.078613
1.426 0.0784675
1.427 0.0783223
1.428 0.0781773
1.429 0.0780325
1.43 0.0778879
1.431 0.0777435
1.432 0.0775993
1.433 0.0774553
1.434 0.0773115
1.435 0.0771679
1.436 0.0770246
1.437 0.0768814
1.438 0.0767384
1.439 0.0765956
1.44 0.076453
1.441 0.0763106
1.442 0.0761684
1.443 0.0760265
1.444 0.0758847
1.445 0.0757431
1.446 0.0756017
1.447 0.0754605
1.448 0.0753195
1.449 0.0751788
1.45 0.0750382
1.451 0.0748978
1.452 0.0747576
1.453 0.0746176
1.454 0.0744778
1.455 0.0743383
1.456 0.0741989
1.457 0.0740597
1.458 0.0739207
1.459 0.0737819
1.46 0.0736433
1.461 0.0735049
1.462 0.0733667
1.463 0.0732287
1.464 0.0730909
1.465 0.0729533
1.466 0.0728159
1.467 0.0726787
1.468 0.0725417
1.469 0.0724049
1.47 0.0722682
1.471 0.0721318
1.472 0.0719956
1.473 0.0718596
1.474 0.0717237
1.475 0.0715881
1.476 0.0714527
1.477 0.0713174
1.478 0.0711824
1.479 0.0710475
1.48 0.0709129
1.481 0.0707784
1.482 0.0706441
1.483 0.0705101
1.484 0.0703762
1.485 0.0702425
1.486 0.070109
1.487 0.0699757
1.488 0.0698426
1.489 0.0697097
1.49 0.069577
1.491 0.0694445
1.492 0.0693122
1.493 0.0691801
1.494 0.0690481
1.495 0.0689164
1.496 0.0687848
1.497 0.0686535
1.498 0.0685223
1.499 0.0683913
1.5 0.0682606
1.501 0.06813
1.502 0.0679996
1.503 0.0678694
1.504 0.0677394
1.505 0.0676096
1.506 0.0674799
1.507 0.0673505
1.508 0.0672213
1.509 0.0670922
1.51 0.0669634
1.511 0.0668347
1.512 0.0667062
1.513 0.0665779
1.514 0.0664498
1.515 0.0663219
1.516 0.0661942
1.517 0.0660667
1.518 0.0659394
1.519 0.0658122
1.52 0.0656853
1.521 0.0655585
1.522 0.0654319
1.523 0.0653055
1.524 0.0651793
1.525 0.0650533
1.526 0.0649275
1.527 0.0648019
1.528 0.0646764
1.529 0.0645512
1.53 0.0644261
1.531 0.0643012
1.532 0.0641765
1.533 0.064052
1.534 0.0639277
1.535 0.0638036
1.536 0.0636797
1.537 0.0635559
1.538 0.0634323
1.539 0.063309
1.54 0.0631858
1.541 0.0630628
1.542 0.0629399
1.543 0.0628173
1.544 0.0626948
1.545 0.0625726
1.546 0.0624505
1.547 0.0623286
1.548 0.0622069
1.549 0.0620854
1.55 0.061964
1.551 0.0618429
1.552 0.0617219
1.553 0.0616011
1.554 0.0614805
1.555 0.0613601
1.556 0.0612399
1.557 0.0611198
1.558 0.061
1.559 0.0608803
1.56 0.0607608
1.561 0.0606415
1.562 0.0605224
1.563 0.0604034
1.564 0.0602846
1.565 0.0601661
1.566 0.0600477
1.567 0.0599295
1.568 0.0598114
1.569 0.0596936
1.57 0.0595759
1.571 0.0594584
1.572 0.0593411
1.573 0.059224
1.574 0.059107
1.575 0.0589903
1.576 0.0588737
1.577 0.0587573
1.578 0.058641
1.579 0.058525
1.58 0.0584091
1.581 0.0582935
1.582 0.058178
1.583 0.0580626
1.584 0.0579475
1.585 0.0578325
1.586 0.0577177
1.587 0.0576031
1.588 0.0574887
1.589 0.0573745
1.59 0.0572604
1.591 0.0571465
1.592 0.0570328
1.593 0.0569192
1.594 0.0568059
1.595 0.0566927
1.596 0.0565797
1.597 0.0564669
1.598 0.0563542
1.599 0.0562418
1.6 0.0561295
1.601 0.0560173
1.602 0.0559054
1.603 0.0557936
1.604 0.0556821
1.605 0.0555706
1.606 0.0554594
1.607 0.0553483
1.608 0.0552375
1.609 0.0551268
1.61 0.0550162
1.611 0.0549059
1.612 0.0547957
1.613 0.0546857
1.614 0.0545758
1.615 0.0544662
1.616 0.0543567
1.617 0.0542474
1.618 0.0541382
1.619 0.0540293
1.62 0.0539205
1.621 0.0538119
1.622 0.0537034
1.623 0.0535951
1.624 0.053487
1.625 0.0533791
1.626 0.0532714
1.627 0.0531638
1.628 0.0530564
1.629 0.0529491
1.63 0.0528421
1.631 0.0527352
1.632 0.0526284
1.633 0.0525219
1.634 0.0524155
1.635 0.0523093
1.636 0.0522033
1.637 0.0520974
1.638 0.0519917
1.639 0.0518862
1.64 0.0517808
1.641 0.0516756
1.642 0.0515706
1.643 0.0514658
1.644 0.0513611
1.645 0.0512566
1.646 0.0511523
1.647 0.0510481
1.648 0.0509441
1.649 0.0508402
1.65 0.0507366
1.651 0.0506331
1.652 0.0505298
1.653 0.0504266
1.654 0.0503236
1.655 0.0502208
1.656 0.0501181
1.657 0.0500156
1.658 0.0499133
1.659 0.0498112
1.66 0.0497092
1.661 0.0496074
1.662 0.0495057
1.663 0.0494042
1.664 0.0493029
1.665 0.0492017
1.666 0.0491007
1.667 0.0489999
1.668 0.0488992
1.669 0.0487988
1.67 0.0486984
1.671 0.0485983
1.672 0.0484983
1.673 0.0483984
1.674 0.0482987
1.675 0.0481992
1.676 0.0480999
1.677 0.0480007
1.678 0.0479017
1.679 0.0478028
1.68 0.0477042
1.681 0.0476056
1.682 0.0475073
1.683 0.0474091
1.684 0.047311
1.685 0.0472132
1.686 0.0471154
1.687 0.0470179
1.688 0.0469205
1.689 0.0468233
1.69 0.0467262
1.691 0.0466293
1.692 0.0465326
1.693 0.046436
1.694 0.0463396
1.695 0.0462433
1.696 0.0461472
1.697 0.0460513
1.698 0.0459555
1.699 0.0458599
1.7 0.0457644
1.701 0.0456691
1.702 0.045574
1.703 0.045479
1.704 0.0453842
1.705 0.0452895
1.706 0.045195
1.707 0.0451006
1.708 0.0450065
1.709 0.0449124
1.71 0.0448186
1.711 0.0447249
1.712 0.0446313
1.713 0.0445379
1.714 0.0444447
1.715 0.0443516
1.716 0.0442587
1.717 0.0441659
1.718 0.0440733
1.719 0.0439808
1.72 0.0438885
1.721 0.0437964
1.722 0.0437044
1.723 0.0436126
1.724 0.0435209
1.725 0.0434294
1.726 0.043338
1.727 0.0432468
1.728 0.0431558
1.729 0.0430649
1.73 0.0429741
1.731 0.0428835
1.732 0.0427931
1.733 0.0427028
1.734 0.0426127
1.735 0.0425227
1.736 0.0424329
1.737 0.0423432
1.738 0.0422537
1.739 0.0421644
1.74 0.0420751
1.741 0.0419861
1.742 0.0418972
1.743 0.0418084
1.744 0.0417198
1.745 0.0416314
1.746 0.0415431
1.747 0.041455
1.748 0.041367
1.749 0.0412791
1.75 0.0411915
1.751 0.0411039
1.752 0.0410165
1.753 0.0409293
1.754 0.0408422
1.755 0.0407553
1.756 0.0406685
1.757 0.0405819
1.758 0.0404954
1.759 0.0404091
1.76 0.0403229
1.761 0.0402368
1.762 0.040151
1.763 0.0400652
1.764 0.0399796
1.765 0.0398942
1.766 0.0398089
1.767 0.0397238
1.768 0.0396388
1.769 0.0395539
1.77 0.0394692
1.771 0.0393847
1.772 0.0393003
1.773 0.039216
1.774 0.0391319
1.775 0.0390479
1.776 0.0389641
1.777 0.0388805
1.778 0.0387969
1.779 0.0387136
1.78 0.0386303
1.781 0.0385472
1.782 0.0384643
1.783 0.0383815
1.784 0.0382989
1.785 0.0382164
1.786 0.038134
1.787 0.0380518
1.788 0.0379697
1.789 0.0378878
1.79 0.037806
1.791 0.0377244
1.792 0.0376429
1.793 0.0375615
1.794 0.0374803
1.795 0.0373993
1.796 0.0373184
1.797 0.0372376
1.798 0.0371569
1.799 0.0370765
1.8 0.0369961
1.801 0.0369159
1.802 0.0368358
1.803 0.0367559
1.804 0.0366761
1.805 0.0365965
1.806 0.036517
1.807 0.0364377
1.808 0.0363584
1.809 0.0362794
1.81 0.0362004
1.811 0.0361216
1.812 0.036043
1.813 0.0359645
1.814 0.0358861
1.815 0.0358079
1.816 0.0357298
1.817 0.0356518
1.818 0.035574
1.819 0.0354964
1.82 0.0354188
1.821 0.0353414
1.822 0.0352642
1.823 0.0351871
1.824 0.0351101
1.825 0.0350332
1.826 0.0349565
1.827 0.03488
1.828 0.0348036
1.829 0.0347273
1.83 0.0346511
1.831 0.0345751
1.832 0.0344992
1.833 0.0344235
1.834 0.0343479
1.835 0.0342724
1.836 0.0341971
1.837 0.0341219
1.838 0.0340468
1.839 0.0339719
1.84 0.0338971
1.841 0.0338225
1.842 0.0337479
1.843 0.0336736
1.844 0.0335993
1.845 0.0335252
1.846 0.0334512
1.847 0.0333774
1.848 0.0333037
1.849 0.0332301
1.85 0.0331567
1.851 0.0330834
1.852 0.0330102
1.853 0.0329371
1.854 0.0328642
1.855 0.0327915
1.856 0.0327188
1.857 0.0326463
1.858 0.0325739
1.859 0.0325017
1.86 0.0324296
1.861 0.0323576
1.862 0.0322858
1.863 0.032214
1.864 0.0321425
1.865 0.032071
1.866 0.0319997
1.867 0.0319285
1.868 0.0318574
1.869 0.0317865
1.87 0.0317157
1.871 0.031645
1.872 0.0315745
1.873 0.0315041
1.874 0.0314338
1.875 0.0313637
1.876 0.0312936
1.877 0.0312238
1.878 0.031154
1.879 0.0310844
1.88 0.0310149
1.881 0.0309455
1.882 0.0308762
1.883 0.0308071
1.884 0.0307381
1.885 0.0306693
1.886 0.0306005
1.887 0.0305319
1.888 0.0304634
1.889 0.0303951
1.89 0.0303269
1.891 0.0302588
1.892 0.0301908
1.893 0.030123
1.894 0.0300552
1.895 0.0299876
1.896 0.0299202
1.897 0.0298528
1.898 0.0297856
1.899 0.0297185
1.9 0.0296516
1.901 0.0295847
1.902 0.029518
1.903 0.0294514
1.904 0.029385
1.905 0.0293186
1.906 0.0292524
1.907 0.0291863
1.908 0.0291204
1.909 0.0290545
1.91 0.0289888
1.911 0.0289232
1.912 0.0288577
1.913 0.0287924
1.914 0.0287272
1.915 0.0286621
1.916 0.0285971
1.917 0.0285322
1.918 0.0284675
1.919 0.0284029
1.92 0.0283384
1.921 0.028274
1.922 0.0282098
1.923 0.0281457
1.924 0.0280817
1.925 0.0280178
1.926 0.027954
1.927 0.0278904
1.928 0.0278269
1.929 0.0277635
1.93 0.0277002
1.931 0.027637
1.932 0.027574
1.933 0.0275111
1.934 0.0274483
1.935 0.0273856
1.936 0.027323
1.937 0.0272606
1.938 0.0271983
1.939 0.0271361
1.94 0.027074
1.941 0.027012
1.942 0.0269502
1.943 0.0268884
1.944 0.0268268
1.945 0.0267653
1.946 0.026704
1.947 0.0266427
1.948 0.0265816
1.949 0.0265205
1.95 0.0264596
1.951 0.0263988
1.952 0.0263382
1.953 0.0262776
1.954 0.0262172
1.955 0.0261569
1.956 0.0260966
1.957 0.0260366
1.958 0.0259766
1.959 0.0259167
1.96 0.025857
1.961 0.0257973
1.962 0.0257378
1.963 0.0256784
1.964 0.0256192
1.965 0.02556
1.966 0.0255009
1.967 0.025442
1.968 0.0253832
1.969 0.0253244
1.97 0.0252658
1.971 0.0252074
1.972 0.025149
1.973 0.0250907
1.974 0.0250326
1.975 0.0249746
1.976 0.0249166
1.977 0.0248588
1.978 0.0248011
1.979 0.0247436
1.98 0.0246861
1.981 0.0246287
1.982 0.0245715
1.983 0.0245143
1.984 0.0244573
1.985 0.0244004
1.986 0.0243436
1.987 0.0242869
1.988 0.0242303
1.989 0.0241739
1.99 0.0241175
1.991 0.0240613
1.992 0.0240051
1.993 0.0239491
1.994 0.0238932
1.995 0.0238374
1.996 0.0237817
1.997 0.0237261
1.998 0.0236706
1.999 0.0236153
2 0.02356
