5    0.309917
6    0.53547
7    0.850308
8    1.26928
9    1.80724
10    2.47906
11    3.29964
12    4.28383
13    5.44651
14    6.80257
15    8.36686
16    10.1543
17    12.1797
18    14.4579
19    17.0039
20    19.8325
21    22.9584
22    26.3965
23    30.1614
24    34.2677
25    38.7295
26    43.5609
27    48.7754
28    54.3859
29    60.4047
30    66.8433
31    73.712
32    81.0202
33    88.7758
34    96.9854
35    105.654
36    114.786
37    124.382
38    134.443
39    144.968
40    155.953
41    167.393
42    179.283
43    191.613
44    204.376
45    217.56
46    231.152
47    245.141
48    259.512
49    274.249
50    289.337
51    304.76
52    320.5
53    336.539
54    352.86
55    369.446
56    386.277
57    403.335
58    420.602
59    438.06
60    455.692
61    473.479
62    491.404
63    509.45
64    527.601
65    545.84
66    564.153
67    582.523
68    600.936
69    619.378
70    637.835
71    656.295
72    674.745
73    693.173
74    711.568
75    729.918
76    748.215
77    766.449
78    784.609
79    802.688
80    820.678
81    838.57
82    856.359
83    874.037
84    891.598
85    909.037
86    926.348
87    943.526
88    960.568
89    977.468
90    994.223
91    1010.83
92    1027.29
93    1043.59
94    1059.73
95    1075.72
96    1091.54
97    1107.21
98    1122.71
99    1138.04
100    1153.21
101    1168.21
102    1183.05
103    1197.72
104    1212.22
105    1226.55
106    1240.72
107    1254.71
108    1268.54
109    1282.21
110    1295.71
111    1309.04
112    1322.21
113    1335.21
114    1348.05
115    1360.73
116    1373.25
117    1385.62
118    1397.82
119    1409.86
120    1421.76
121    1433.49
122    1445.08
123    1456.51
124    1467.79
125    1478.93
126    1489.92
127    1500.77
128    1511.47
129    1522.03
130    1532.45
131    1542.73
132    1552.87
133    1562.89
134    1572.76
135    1582.51
136    1592.12
137    1601.61
138    1610.97
139    1620.2
140    1629.32
141    1638.31
142    1647.18
143    1655.93
144    1664.56
145    1673.08
146    1681.49
147    1689.78
148    1697.96
149    1706.04
150    1714.01
151    1721.87
152    1729.62
153    1737.28
154    1744.83
155    1752.28
156    1759.64
157    1766.89
158    1774.06
159    1781.12
160    1788.1
161    1794.98
162    1801.77
163    1808.48
164    1815.1
165    1821.63
166    1828.07
167    1834.44
168    1840.72
169    1846.91
170    1853.03
171    1859.07
172    1865.04
173    1870.92
174    1876.73
175    1882.47
176    1888.14
177    1893.73
178    1899.25
179    1904.7
180    1910.08
181    1915.4
182    1920.65
183    1925.83
184    1930.95
185    1936
186    1941
187    1945.93
188    1950.8
189    1955.6
190    1960.35
191    1965.05
192    1969.68
193    1974.26
194    1978.78
195    1983.25
196    1987.66
197    1992.02
198    1996.33
199    2000.58
200    2004.79
201    2008.94
202    2013.04
203    2017.1
204    2021.11
205    2025.07
206    2028.98
207    2032.85
208    2036.67
209    2040.45
210    2044.18
211    2047.88
212    2051.52
213    2055.13
214    2058.69
215    2062.22
216    2065.7
217    2069.14
218    2072.55
219    2075.91
220    2079.24
221    2082.53
222    2085.78
223    2088.99
224    2092.17
225    2095.32
226    2098.43
227    2101.5
228    2104.54
229    2107.55
230    2110.52
231    2113.47
232    2116.38
233    2119.25
234    2122.1
235    2124.91
236    2127.7
237    2130.45
238    2133.18
239    2135.87
240    2138.54
241    2141.18
242    2143.79
243    2146.37
244    2148.93
245    2151.46
246    2153.96
247    2156.43
248    2158.88
249    2161.31
250    2163.71
251    2166.08
252    2168.43
253    2170.76
254    2173.06
255    2175.34
256    2177.59
257    2179.82
258    2182.03
259    2184.22
260    2186.38
261    2188.52
262    2190.65
263    2192.75
264    2194.82
265    2196.88
266    2198.92
267    2200.94
268    2202.93
269    2204.91
270    2206.87
271    2208.81
272    2210.73
273    2212.63
274    2214.52
275    2216.38
276    2218.23
277    2220.06
278    2221.87
279    2223.66
280    2225.44
281    2227.2
282    2228.94
283    2230.67
284    2232.38
285    2234.07
286    2235.75
287    2237.41
288    2239.06
289    2240.69
290    2242.31
291    2243.91
292    2245.5
293    2247.07
294    2248.63
295    2250.17
296    2251.7
297    2253.21
298    2254.72
299    2256.2
300    2257.68
301    2259.14
302    2260.59
303    2262.02
304    2263.44
305    2264.85
306    2266.25
307    2267.63
308    2269.01
309    2270.37
310    2271.71
311    2273.05
312    2274.37
313    2275.69
314    2276.99
315    2278.28
316    2279.56
317    2280.82
318    2282.08
319    2283.33
320    2284.56
321    2285.79
322    2287
323    2288.21
324    2289.4
325    2290.58
326    2291.76
327    2292.92
328    2294.07
329    2295.22
330    2296.35
331    2297.48
332    2298.59
333    2299.7
334    2300.8
335    2301.88
336    2302.96
337    2304.03
338    2305.1
339    2306.15
340    2307.19
341    2308.23
342    2309.26
343    2310.27
344    2311.29
345    2312.29
346    2313.28
347    2314.27
348    2315.25
349    2316.22
350    2317.18
351    2318.14
352    2319.08
353    2320.03
354    2320.96
355    2321.88
356    2322.8
357    2323.71
358    2324.62
359    2325.51
360    2326.4
361    2327.29
362    2328.16
363    2329.03
364    2329.9
365    2330.75
366    2331.6
367    2332.44
368    2333.28
369    2334.11
370    2334.94
371    2335.75
372    2336.56
373    2337.37
374    2338.17
375    2338.96
376    2339.75
377    2340.53
378    2341.31
379    2342.08
380    2342.84
381    2343.6
382    2344.35
383    2345.1
384    2345.84
385    2346.58
386    2347.31
387    2348.04
388    2348.76
389    2349.47
390    2350.18
391    2350.89
392    2351.59
393    2352.28
394    2352.97
395    2353.66
396    2354.34
397    2355.01
398    2355.68
399    2356.35
400    2357.01
401    2357.66
402    2358.32
403    2358.96
404    2359.6
405    2360.24
406    2360.88
407    2361.51
408    2362.13
409    2362.75
410    2363.37
411    2363.98
412    2364.58
413    2365.19
414    2365.79
415    2366.38
416    2366.97
417    2367.56
418    2368.14
419    2368.72
420    2369.3
421    2369.87
422    2370.44
423    2371
424    2371.56
425    2372.11
426    2372.67
427    2373.21
428    2373.76
429    2374.3
430    2374.84
431    2375.37
432    2375.9
433    2376.43
434    2376.95
435    2377.47
436    2377.99
437    2378.5
438    2379.01
439    2379.52
440    2380.02
441    2380.52
442    2381.02
443    2381.51
444    2382
445    2382.49
446    2382.97
447    2383.46
448    2383.93
449    2384.41
450    2384.88
451    2385.35
452    2385.81
453    2386.28
454    2386.74
455    2387.19
456    2387.65
457    2388.1
458    2388.55
459    2388.99
460    2389.44
461    2389.88
462    2390.31
463    2390.75
464    2391.18
465    2391.61
466    2392.04
467    2392.46
468    2392.88
469    2393.3
470    2393.72
471    2394.13
472    2394.54
473    2394.95
474    2395.36
475    2395.76
476    2396.16
477    2396.56
478    2396.96
479    2397.35
480    2397.74
481    2398.13
482    2398.52
483    2398.9
484    2399.29
485    2399.67
486    2400.04
487    2400.42
488    2400.79
489    2401.16
490    2401.53
491    2401.9
492    2402.27
493    2402.63
494    2402.99
495    2403.35
496    2403.7
497    2404.06
498    2404.41
499    2404.76
500    2405.11
