-1 1 -1 1 -1
-0.999 1 -0.999 0.997001 -0.994007
-0.998 1 -0.998 0.994006 -0.98803
-0.997 1 -0.997 0.991013 -0.982067
-0.996 1 -0.996 0.988024 -0.97612
-0.995 1 -0.995 0.985038 -0.970187
-0.994 1 -0.994 0.982054 -0.964269
-0.993 1 -0.993 0.979073 -0.958367
-0.992 1 -0.992 0.976096 -0.952479
-0.991 1 -0.991 0.973121 -0.946606
-0.99 1 -0.99 0.97015 -0.940747
-0.989 1 -0.989 0.967181 -0.934904
-0.988 1 -0.988 0.964216 -0.929076
-0.987 1 -0.987 0.961253 -0.923262
-0.986 1 -0.986 0.958294 -0.917463
-0.985 1 -0.985 0.955337 -0.911679
-0.984 1 -0.984 0.952384 -0.90591
-0.983 1 -0.983 0.949433 -0.900155
-0.982 1 -0.982 0.946486 -0.894415
-0.981 1 -0.981 0.943542 -0.88869
-0.98 1 -0.98 0.9406 -0.88298
-0.979 1 -0.979 0.937661 -0.877284
-0.978 1 -0.978 0.934726 -0.871603
-0.977 1 -0.977 0.931793 -0.865937
-0.976 1 -0.976 0.928864 -0.860285
-0.975 1 -0.975 0.925937 -0.854648
-0.974 1 -0.974 0.923014 -0.849026
-0.973 1 -0.973 0.920093 -0.843418
-0.972 1 -0.972 0.917176 -0.837825
-0.971 1 -0.971 0.914261 -0.832247
-0.97 1 -0.97 0.91135 -0.826682
-0.969 1 -0.969 0.908441 -0.821133
-0.968 1 -0.968 0.905536 -0.815598
-0.967 1 -0.967 0.902633 -0.810078
-0.966 1 -0.966 0.899734 -0.804572
-0.965 1 -0.965 0.896837 -0.79908
-0.964 1 -0.964 0.893944 -0.793603
-0.963 1 -0.963 0.891053 -0.788141
-0.962 1 -0.962 0.888166 -0.782693
-0.961 1 -0.961 0.885282 -0.777259
-0.96 1 -0.96 0.8824 -0.77184
-0.959 1 -0.959 0.879521 -0.766435
-0.958 1 -0.958 0.876646 -0.761045
-0.957 1 -0.957 0.873773 -0.755669
-0.956 1 -0.956 0.870904 -0.750307
-0.955 1 -0.955 0.868037 -0.74496
-0.954 1 -0.954 0.865174 -0.739627
-0.953 1 -0.953 0.862313 -0.734308
-0.952 1 -0.952 0.859456 -0.729004
-0.951 1 -0.951 0.856601 -0.723713
-0.95 1 -0.95 0.85375 -0.718437
-0.949 1 -0.949 0.850901 -0.713176
-0.948 1 -0.948 0.848056 -0.707928
-0.947 1 -0.947 0.845213 -0.702695
-0.946 1 -0.946 0.842374 -0.697476
-0.945 1 -0.945 0.839537 -0.692272
-0.944 1 -0.944 0.836704 -0.687081
-0.943 1 -0.943 0.833873 -0.681905
-0.942 1 -0.942 0.831046 -0.676742
-0.941 1 -0.941 0.828221 -0.671594
-0.94 1 -0.94 0.8254 -0.66646
-0.939 1 -0.939 0.822581 -0.66134
-0.938 1 -0.938 0.819766 -0.656234
-0.937 1 -0.937 0.816953 -0.651142
-0.936 1 -0.936 0.814144 -0.646065
-0.935 1 -0.935 0.811337 -0.641001
-0.934 1 -0.934 0.808534 -0.635951
-0.933 1 -0.933 0.805733 -0.630916
-0.932 1 -0.932 0.802936 -0.625894
-0.931 1 -0.931 0.800141 -0.620886
-0.93 1 -0.93 0.79735 -0.615892
-0.929 1 -0.929 0.794561 -0.610913
-0.928 1 -0.928 0.791776 -0.605947
-0.927 1 -0.927 0.788993 -0.600995
-0.926 1 -0.926 0.786214 -0.596057
-0.925 1 -0.925 0.783437 -0.591133
-0.924 1 -0.924 0.780664 -0.586223
-0.923 1 -0.923 0.777893 -0.581326
-0.922 1 -0.922 0.775126 -0.576444
-0.921 1 -0.921 0.772361 -0.571575
-0.92 1 -0.92 0.7696 -0.56672
-0.919 1 -0.919 0.766841 -0.561879
-0.918 1 -0.918 0.764086 -0.557052
-0.917 1 -0.917 0.761333 -0.552238
-0.916 1 -0.916 0.758584 -0.547438
-0.915 1 -0.915 0.755837 -0.542652
-0.914 1 -0.914 0.753094 -0.53788
-0.913 1 -0.913 0.750353 -0.533121
-0.912 1 -0.912 0.747616 -0.528376
-0.911 1 -0.911 0.744881 -0.523645
-0.91 1 -0.91 0.74215 -0.518927
-0.909 1 -0.909 0.739421 -0.514224
-0.908 1 -0.908 0.736696 -0.509533
-0.907 1 -0.907 0.733973 -0.504857
-0.906 1 -0.906 0.731254 -0.500194
-0.905 1 -0.905 0.728537 -0.495544
-0.904 1 -0.904 0.725824 -0.490908
-0.903 1 -0.903 0.723113 -0.486286
-0.902 1 -0.902 0.720406 -0.481677
-0.901 1 -0.901 0.717701 -0.477082
-0.9 1 -0.9 0.715 -0.4725
-0.899 1 -0.899 0.712301 -0.467932
-0.898 1 -0.898 0.709606 -0.463377
-0.897 1 -0.897 0.706913 -0.458836
-0.896 1 -0.896 0.704224 -0.454308
-0.895 1 -0.895 0.701537 -0.449793
-0.894 1 -0.894 0.698854 -0.445292
-0.893 1 -0.893 0.696173 -0.440805
-0.892 1 -0.892 0.693496 -0.436331
-0.891 1 -0.891 0.690821 -0.43187
-0.89 1 -0.89 0.68815 -0.427422
-0.889 1 -0.889 0.685481 -0.422988
-0.888 1 -0.888 0.682816 -0.418568
-0.887 1 -0.887 0.680153 -0.41416
-0.886 1 -0.886 0.677494 -0.409766
-0.885 1 -0.885 0.674837 -0.405385
-0.884 1 -0.884 0.672184 -0.401018
-0.883 1 -0.883 0.669533 -0.396663
-0.882 1 -0.882 0.666886 -0.392322
-0.881 1 -0.881 0.664241 -0.387995
-0.88 1 -0.88 0.6616 -0.38368
-0.879 1 -0.879 0.658961 -0.379379
-0.878 1 -0.878 0.656326 -0.37509
-0.877 1 -0.877 0.653693 -0.370815
-0.876 1 -0.876 0.651064 -0.366553
-0.875 1 -0.875 0.648437 -0.362305
-0.874 1 -0.874 0.645814 -0.358069
-0.873 1 -0.873 0.643193 -0.353847
-0.872 1 -0.872 0.640576 -0.349637
-0.871 1 -0.871 0.637961 -0.345441
-0.87 1 -0.87 0.63535 -0.341257
-0.869 1 -0.869 0.632741 -0.337087
-0.868 1 -0.868 0.630136 -0.33293
-0.867 1 -0.867 0.627533 -0.328786
-0.866 1 -0.866 0.624934 -0.324655
-0.865 1 -0.865 0.622337 -0.320537
-0.864 1 -0.864 0.619744 -0.316431
-0.863 1 -0.863 0.617153 -0.312339
-0.862 1 -0.862 0.614566 -0.30826
-0.861 1 -0.861 0.611981 -0.304193
-0.86 1 -0.86 0.6094 -0.30014
-0.859 1 -0.859 0.606821 -0.296099
-0.858 1 -0.858 0.604246 -0.292072
-0.857 1 -0.857 0.601673 -0.288057
-0.856 1 -0.856 0.599104 -0.284055
-0.855 1 -0.855 0.596537 -0.280066
-0.854 1 -0.854 0.593974 -0.27609
-0.853 1 -0.853 0.591413 -0.272126
-0.852 1 -0.852 0.588856 -0.268176
-0.851 1 -0.851 0.586301 -0.264238
-0.85 1 -0.85 0.58375 -0.260312
-0.849 1 -0.849 0.581201 -0.2564
-0.848 1 -0.848 0.578656 -0.2525
-0.847 1 -0.847 0.576113 -0.248614
-0.846 1 -0.846 0.573574 -0.244739
-0.845 1 -0.845 0.571037 -0.240878
-0.844 1 -0.844 0.568504 -0.237029
-0.843 1 -0.843 0.565973 -0.233193
-0.842 1 -0.842 0.563446 -0.229369
-0.841 1 -0.841 0.560921 -0.225558
-0.84 1 -0.84 0.5584 -0.22176
-0.839 1 -0.839 0.555881 -0.217974
-0.838 1 -0.838 0.553366 -0.214201
-0.837 1 -0.837 0.550853 -0.210441
-0.836 1 -0.836 0.548344 -0.206693
-0.835 1 -0.835 0.545837 -0.202957
-0.834 1 -0.834 0.543334 -0.199234
-0.833 1 -0.833 0.540833 -0.195524
-0.832 1 -0.832 0.538336 -0.191826
-0.831 1 -0.831 0.535841 -0.18814
-0.83 1 -0.83 0.53335 -0.184467
-0.829 1 -0.829 0.530861 -0.180807
-0.828 1 -0.828 0.528376 -0.177159
-0.827 1 -0.827 0.525893 -0.173523
-0.826 1 -0.826 0.523414 -0.1699
-0.825 1 -0.825 0.520937 -0.166289
-0.824 1 -0.824 0.518464 -0.162691
-0.823 1 -0.823 0.515993 -0.159104
-0.822 1 -0.822 0.513526 -0.155531
-0.821 1 -0.821 0.511061 -0.151969
-0.82 1 -0.82 0.5086 -0.14842
-0.819 1 -0.819 0.506141 -0.144883
-0.818 1 -0.818 0.503686 -0.141359
-0.817 1 -0.817 0.501233 -0.137846
-0.816 1 -0.816 0.498784 -0.134346
-0.815 1 -0.815 0.496337 -0.130858
-0.814 1 -0.814 0.493894 -0.127383
-0.813 1 -0.813 0.491453 -0.123919
-0.812 1 -0.812 0.489016 -0.120468
-0.811 1 -0.811 0.486581 -0.117029
-0.81 1 -0.81 0.48415 -0.113602
-0.809 1 -0.809 0.481721 -0.110188
-0.808 1 -0.808 0.479296 -0.106785
-0.807 1 -0.807 0.476873 -0.103395
-0.806 1 -0.806 0.474454 -0.100017
-0.805 1 -0.805 0.472037 -0.0966503
-0.804 1 -0.804 0.469624 -0.0932962
-0.803 1 -0.803 0.467213 -0.0899541
-0.802 1 -0.802 0.464806 -0.086624
-0.801 1 -0.801 0.462401 -0.083306
-0.8 1 -0.8 0.46 -0.08
-0.799 1 -0.799 0.457601 -0.076706
-0.798 1 -0.798 0.455206 -0.073424
-0.797 1 -0.797 0.452813 -0.0701539
-0.796 1 -0.796 0.450424 -0.0668958
-0.795 1 -0.795 0.448037 -0.0636497
-0.794 1 -0.794 0.445654 -0.0604155
-0.793 1 -0.793 0.443273 -0.0571931
-0.792 1 -0.792 0.440896 -0.0539827
-0.791 1 -0.791 0.438521 -0.0507842
-0.79 1 -0.79 0.43615 -0.0475975
-0.789 1 -0.789 0.433781 -0.0444227
-0.788 1 -0.788 0.431416 -0.0412597
-0.787 1 -0.787 0.429053 -0.0381085
-0.786 1 -0.786 0.426694 -0.0349691
-0.785 1 -0.785 0.424337 -0.0318416
-0.784 1 -0.784 0.421984 -0.0287258
-0.783 1 -0.783 0.419633 -0.0256217
-0.782 1 -0.782 0.417286 -0.0225294
-0.781 1 -0.781 0.414941 -0.0194489
-0.78 1 -0.78 0.4126 -0.01638
-0.779 1 -0.779 0.410261 -0.0133228
-0.778 1 -0.778 0.407926 -0.0102774
-0.777 1 -0.777 0.405593 -0.00724358
-0.776 1 -0.776 0.403264 -0.00422144
-0.775 1 -0.775 0.400937 -0.00121094
-0.774 1 -0.774 0.398614 0.00178794
-0.773 1 -0.773 0.396293 0.00477521
-0.772 1 -0.772 0.393976 0.00775088
-0.771 1 -0.771 0.391661 0.010715
-0.77 1 -0.77 0.38935 0.0136675
-0.769 1 -0.769 0.387041 0.0166085
-0.768 1 -0.768 0.384736 0.0195379
-0.767 1 -0.767 0.382433 0.0224558
-0.766 1 -0.766 0.380134 0.0253623
-0.765 1 -0.765 0.377837 0.0282572
-0.764 1 -0.764 0.375544 0.0311406
-0.763 1 -0.763 0.373253 0.0340126
-0.762 1 -0.762 0.370966 0.0368732
-0.761 1 -0.761 0.368681 0.0397223
-0.76 1 -0.76 0.3664 0.04256
-0.759 1 -0.759 0.364121 0.0453863
-0.758 1 -0.758 0.361846 0.0482012
-0.757 1 -0.757 0.359573 0.0510048
-0.756 1 -0.756 0.357304 0.053797
-0.755 1 -0.755 0.355037 0.0565778
-0.754 1 -0.754 0.352774 0.0593473
-0.753 1 -0.753 0.350513 0.0621056
-0.752 1 -0.752 0.348256 0.0648525
-0.751 1 -0.751 0.346001 0.0675881
-0.75 1 -0.75 0.34375 0.0703125
-0.749 1 -0.749 0.341501 0.0730256
-0.748 1 -0.748 0.339256 0.0757275
-0.747 1 -0.747 0.337013 0.0784182
-0.746 1 -0.746 0.334774 0.0810977
-0.745 1 -0.745 0.332537 0.0837659
-0.744 1 -0.744 0.330304 0.086423
-0.743 1 -0.743 0.328073 0.089069
-0.742 1 -0.742 0.325846 0.0917038
-0.741 1 -0.741 0.323621 0.0943274
-0.74 1 -0.74 0.3214 0.09694
-0.739 1 -0.739 0.319181 0.0995415
-0.738 1 -0.738 0.316966 0.102132
-0.737 1 -0.737 0.314753 0.104711
-0.736 1 -0.736 0.312544 0.107279
-0.735 1 -0.735 0.310337 0.109837
-0.734 1 -0.734 0.308134 0.112383
-0.733 1 -0.733 0.305933 0.114918
-0.732 1 -0.732 0.303736 0.117442
-0.731 1 -0.731 0.301541 0.119955
-0.73 1 -0.73 0.29935 0.122458
-0.729 1 -0.729 0.297161 0.124949
-0.728 1 -0.728 0.294976 0.127429
-0.727 1 -0.727 0.292793 0.129899
-0.726 1 -0.726 0.290614 0.132357
-0.725 1 -0.725 0.288437 0.134805
-0.724 1 -0.724 0.286264 0.137241
-0.723 1 -0.723 0.284093 0.139667
-0.722 1 -0.722 0.281926 0.142082
-0.721 1 -0.721 0.279761 0.144487
-0.72 1 -0.72 0.2776 0.14688
-0.719 1 -0.719 0.275441 0.149263
-0.718 1 -0.718 0.273286 0.151634
-0.717 1 -0.717 0.271133 0.153995
-0.716 1 -0.716 0.268984 0.156346
-0.715 1 -0.715 0.266837 0.158685
-0.714 1 -0.714 0.264694 0.161014
-0.713 1 -0.713 0.262553 0.163332
-0.712 1 -0.712 0.260416 0.16564
-0.711 1 -0.711 0.258281 0.167936
-0.71 1 -0.71 0.25615 0.170223
-0.709 1 -0.709 0.254021 0.172498
-0.708 1 -0.708 0.251896 0.174763
-0.707 1 -0.707 0.249773 0.177017
-0.706 1 -0.706 0.247654 0.17926
-0.705 1 -0.705 0.245537 0.181493
-0.704 1 -0.704 0.243424 0.183716
-0.703 1 -0.703 0.241313 0.185928
-0.702 1 -0.702 0.239206 0.188129
-0.701 1 -0.701 0.237101 0.19032
-0.7 1 -0.7 0.235 0.1925
-0.699 1 -0.699 0.232901 0.19467
-0.698 1 -0.698 0.230806 0.196829
-0.697 1 -0.697 0.228713 0.198978
-0.696 1 -0.696 0.226624 0.201116
-0.695 1 -0.695 0.224537 0.203244
-0.694 1 -0.694 0.222454 0.205362
-0.693 1 -0.693 0.220373 0.207469
-0.692 1 -0.692 0.218296 0.209565
-0.691 1 -0.691 0.216221 0.211652
-0.69 1 -0.69 0.21415 0.213728
-0.689 1 -0.689 0.212081 0.215793
-0.688 1 -0.688 0.210016 0.217848
-0.687 1 -0.687 0.207953 0.219893
-0.686 1 -0.686 0.205894 0.221928
-0.685 1 -0.685 0.203837 0.223952
-0.684 1 -0.684 0.201784 0.225966
-0.683 1 -0.683 0.199733 0.22797
-0.682 1 -0.682 0.197686 0.229964
-0.681 1 -0.681 0.195641 0.231947
-0.68 1 -0.68 0.1936 0.23392
-0.679 1 -0.679 0.191561 0.235883
-0.678 1 -0.678 0.189526 0.237836
-0.677 1 -0.677 0.187493 0.239778
-0.676 1 -0.676 0.185464 0.241711
-0.675 1 -0.675 0.183437 0.243633
-0.674 1 -0.674 0.181414 0.245545
-0.673 1 -0.673 0.179393 0.247447
-0.672 1 -0.672 0.177376 0.249339
-0.671 1 -0.671 0.175361 0.251221
-0.67 1 -0.67 0.17335 0.253093
-0.669 1 -0.669 0.171341 0.254954
-0.668 1 -0.668 0.169336 0.256806
-0.667 1 -0.667 0.167333 0.258648
-0.666 1 -0.666 0.165334 0.260479
-0.665 1 -0.665 0.163337 0.262301
-0.664 1 -0.664 0.161344 0.264113
-0.663 1 -0.663 0.159353 0.265914
-0.662 1 -0.662 0.157366 0.267706
-0.661 1 -0.661 0.155381 0.269488
-0.66 1 -0.66 0.1534 0.27126
-0.659 1 -0.659 0.151421 0.273022
-0.658 1 -0.658 0.149446 0.274774
-0.657 1 -0.657 0.147473 0.276517
-0.656 1 -0.656 0.145504 0.278249
-0.655 1 -0.655 0.143537 0.279972
-0.654 1 -0.654 0.141574 0.281684
-0.653 1 -0.653 0.139613 0.283387
-0.652 1 -0.652 0.137656 0.28508
-0.651 1 -0.651 0.135701 0.286764
-0.65 1 -0.65 0.13375 0.288438
-0.649 1 -0.649 0.131801 0.290101
-0.648 1 -0.648 0.129856 0.291756
-0.647 1 -0.647 0.127913 0.2934
-0.646 1 -0.646 0.125974 0.295035
-0.645 1 -0.645 0.124037 0.29666
-0.644 1 -0.644 0.122104 0.298275
-0.643 1 -0.643 0.120173 0.299881
-0.642 1 -0.642 0.118246 0.301477
-0.641 1 -0.641 0.116321 0.303063
-0.64 1 -0.64 0.1144 0.30464
-0.639 1 -0.639 0.112481 0.306207
-0.638 1 -0.638 0.110566 0.307765
-0.637 1 -0.637 0.108653 0.309313
-0.636 1 -0.636 0.106744 0.310851
-0.635 1 -0.635 0.104837 0.31238
-0.634 1 -0.634 0.102934 0.3139
-0.633 1 -0.633 0.101033 0.31541
-0.632 1 -0.632 0.099136 0.31691
-0.631 1 -0.631 0.0972415 0.318401
-0.63 1 -0.63 0.09535 0.319883
-0.629 1 -0.629 0.0934615 0.321355
-0.628 1 -0.628 0.091576 0.322817
-0.627 1 -0.627 0.0896935 0.32427
-0.626 1 -0.626 0.087814 0.325714
-0.625 1 -0.625 0.0859375 0.327148
-0.624 1 -0.624 0.084064 0.328573
-0.623 1 -0.623 0.0821935 0.329989
-0.622 1 -0.622 0.080326 0.331395
-0.621 1 -0.621 0.0784615 0.332792
-0.62 1 -0.62 0.0766 0.33418
-0.619 1 -0.619 0.0747415 0.335558
-0.618 1 -0.618 0.072886 0.336927
-0.617 1 -0.617 0.0710335 0.338287
-0.616 1 -0.616 0.069184 0.339638
-0.615 1 -0.615 0.0673375 0.340979
-0.614 1 -0.614 0.065494 0.342311
-0.613 1 -0.613 0.0636535 0.343634
-0.612 1 -0.612 0.061816 0.344948
-0.611 1 -0.611 0.0599815 0.346252
-0.61 1 -0.61 0.05815 0.347548
-0.609 1 -0.609 0.0563215 0.348834
-0.608 1 -0.608 0.054496 0.350111
-0.607 1 -0.607 0.0526735 0.351379
-0.606 1 -0.606 0.050854 0.352637
-0.605 1 -0.605 0.0490375 0.353887
-0.604 1 -0.604 0.047224 0.355128
-0.603 1 -0.603 0.0454135 0.356359
-0.602 1 -0.602 0.043606 0.357582
-0.601 1 -0.601 0.0418015 0.358795
-0.6 1 -0.6 0.04 0.36
-0.599 1 -0.599 0.0382015 0.361196
-0.598 1 -0.598 0.036406 0.362382
-0.597 1 -0.597 0.0346135 0.36356
-0.596 1 -0.596 0.032824 0.364728
-0.595 1 -0.595 0.0310375 0.365888
-0.594 1 -0.594 0.029254 0.367039
-0.593 1 -0.593 0.0274735 0.36818
-0.592 1 -0.592 0.025696 0.369313
-0.591 1 -0.591 0.0239215 0.370437
-0.59 1 -0.59 0.02215 0.371553
-0.589 1 -0.589 0.0203815 0.372659
-0.588 1 -0.588 0.018616 0.373756
-0.587 1 -0.587 0.0168535 0.374845
-0.586 1 -0.586 0.015094 0.375925
-0.585 1 -0.585 0.0133375 0.376996
-0.584 1 -0.584 0.011584 0.378058
-0.583 1 -0.583 0.0098335 0.379112
-0.582 1 -0.582 0.008086 0.380157
-0.581 1 -0.581 0.0063415 0.381193
-0.58 1 -0.58 0.0046 0.38222
-0.579 1 -0.579 0.0028615 0.383239
-0.578 1 -0.578 0.001126 0.384249
-0.577 1 -0.577 -0.0006065 0.38525
-0.576 1 -0.576 -0.002336 0.386243
-0.575 1 -0.575 -0.0040625 0.387227
-0.574 1 -0.574 -0.005786 0.388202
-0.573 1 -0.573 -0.0075065 0.389169
-0.572 1 -0.572 -0.009224 0.390127
-0.571 1 -0.571 -0.0109385 0.391076
-0.57 1 -0.57 -0.01265 0.392018
-0.569 1 -0.569 -0.0143585 0.39295
-0.568 1 -0.568 -0.016064 0.393874
-0.567 1 -0.567 -0.0177665 0.394789
-0.566 1 -0.566 -0.019466 0.395696
-0.565 1 -0.565 -0.0211625 0.396595
-0.564 1 -0.564 -0.022856 0.397485
-0.563 1 -0.563 -0.0245465 0.398366
-0.562 1 -0.562 -0.026234 0.399239
-0.561 1 -0.561 -0.0279185 0.400104
-0.56 1 -0.56 -0.0296 0.40096
-0.559 1 -0.559 -0.0312785 0.401808
-0.558 1 -0.558 -0.032954 0.402647
-0.557 1 -0.557 -0.0346265 0.403478
-0.556 1 -0.556 -0.036296 0.404301
-0.555 1 -0.555 -0.0379625 0.405115
-0.554 1 -0.554 -0.039626 0.405921
-0.553 1 -0.553 -0.0412865 0.406719
-0.552 1 -0.552 -0.042944 0.407508
-0.551 1 -0.551 -0.0445985 0.40829
-0.55 1 -0.55 -0.04625 0.409063
-0.549 1 -0.549 -0.0478985 0.409827
-0.548 1 -0.548 -0.049544 0.410584
-0.547 1 -0.547 -0.0511865 0.411332
-0.546 1 -0.546 -0.052826 0.412072
-0.545 1 -0.545 -0.0544625 0.412803
-0.544 1 -0.544 -0.056096 0.413527
-0.543 1 -0.543 -0.0577265 0.414242
-0.542 1 -0.542 -0.059354 0.41495
-0.541 1 -0.541 -0.0609785 0.415649
-0.54 1 -0.54 -0.0626 0.41634
-0.539 1 -0.539 -0.0642185 0.417023
-0.538 1 -0.538 -0.065834 0.417698
-0.537 1 -0.537 -0.0674465 0.418365
-0.536 1 -0.536 -0.069056 0.419023
-0.535 1 -0.535 -0.0706625 0.419674
-0.534 1 -0.534 -0.072266 0.420317
-0.533 1 -0.533 -0.0738665 0.420951
-0.532 1 -0.532 -0.075464 0.421578
-0.531 1 -0.531 -0.0770585 0.422197
-0.53 1 -0.53 -0.07865 0.422808
-0.529 1 -0.529 -0.0802385 0.42341
-0.528 1 -0.528 -0.081824 0.424005
-0.527 1 -0.527 -0.0834065 0.424592
-0.526 1 -0.526 -0.084986 0.425171
-0.525 1 -0.525 -0.0865625 0.425742
-0.524 1 -0.524 -0.088136 0.426305
-0.523 1 -0.523 -0.0897065 0.426861
-0.522 1 -0.522 -0.091274 0.427408
-0.521 1 -0.521 -0.0928385 0.427948
-0.52 1 -0.52 -0.0944 0.42848
-0.519 1 -0.519 -0.0959585 0.429004
-0.518 1 -0.518 -0.097514 0.42952
-0.517 1 -0.517 -0.0990665 0.430029
-0.516 1 -0.516 -0.100616 0.43053
-0.515 1 -0.515 -0.102163 0.431023
-0.514 1 -0.514 -0.103706 0.431508
-0.513 1 -0.513 -0.105247 0.431986
-0.512 1 -0.512 -0.106784 0.432456
-0.511 1 -0.511 -0.108319 0.432918
-0.51 1 -0.51 -0.10985 0.433373
-0.509 1 -0.509 -0.111379 0.433819
-0.508 1 -0.508 -0.112904 0.434259
-0.507 1 -0.507 -0.114427 0.43469
-0.506 1 -0.506 -0.115946 0.435114
-0.505 1 -0.505 -0.117463 0.435531
-0.504 1 -0.504 -0.118976 0.43594
-0.503 1 -0.503 -0.120487 0.436341
-0.502 1 -0.502 -0.121994 0.436735
-0.501 1 -0.501 -0.123499 0.437121
-0.5 1 -0.5 -0.125 0.4375
-0.499 1 -0.499 -0.126499 0.437871
-0.498 1 -0.498 -0.127994 0.438235
-0.497 1 -0.497 -0.129487 0.438591
-0.496 1 -0.496 -0.130976 0.43894
-0.495 1 -0.495 -0.132463 0.439282
-0.494 1 -0.494 -0.133946 0.439616
-0.493 1 -0.493 -0.135427 0.439942
-0.492 1 -0.492 -0.136904 0.440261
-0.491 1 -0.491 -0.138379 0.440573
-0.49 1 -0.49 -0.13985 0.440878
-0.489 1 -0.489 -0.141319 0.441175
-0.488 1 -0.488 -0.142784 0.441464
-0.487 1 -0.487 -0.144247 0.441747
-0.486 1 -0.486 -0.145706 0.442022
-0.485 1 -0.485 -0.147163 0.44229
-0.484 1 -0.484 -0.148616 0.44255
-0.483 1 -0.483 -0.150067 0.442804
-0.482 1 -0.482 -0.151514 0.44305
-0.481 1 -0.481 -0.152959 0.443288
-0.48 1 -0.48 -0.1544 0.44352
-0.479 1 -0.479 -0.155839 0.443744
-0.478 1 -0.478 -0.157274 0.443962
-0.477 1 -0.477 -0.158707 0.444172
-0.476 1 -0.476 -0.160136 0.444375
-0.475 1 -0.475 -0.161563 0.44457
-0.474 1 -0.474 -0.162986 0.444759
-0.473 1 -0.473 -0.164407 0.44494
-0.472 1 -0.472 -0.165824 0.445115
-0.471 1 -0.471 -0.167239 0.445282
-0.47 1 -0.47 -0.16865 0.445443
-0.469 1 -0.469 -0.170059 0.445596
-0.468 1 -0.468 -0.171464 0.445742
-0.467 1 -0.467 -0.172867 0.445881
-0.466 1 -0.466 -0.174266 0.446013
-0.465 1 -0.465 -0.175663 0.446138
-0.464 1 -0.464 -0.177056 0.446257
-0.463 1 -0.463 -0.178447 0.446368
-0.462 1 -0.462 -0.179834 0.446472
-0.461 1 -0.461 -0.181219 0.44657
-0.46 1 -0.46 -0.1826 0.44666
-0.459 1 -0.459 -0.183979 0.446744
-0.458 1 -0.458 -0.185354 0.44682
-0.457 1 -0.457 -0.186727 0.44689
-0.456 1 -0.456 -0.188096 0.446953
-0.455 1 -0.455 -0.189463 0.447009
-0.454 1 -0.454 -0.190826 0.447058
-0.453 1 -0.453 -0.192187 0.447101
-0.452 1 -0.452 -0.193544 0.447136
-0.451 1 -0.451 -0.194899 0.447165
-0.45 1 -0.45 -0.19625 0.447188
-0.449 1 -0.449 -0.197599 0.447203
-0.448 1 -0.448 -0.198944 0.447212
-0.447 1 -0.447 -0.200287 0.447213
-0.446 1 -0.446 -0.201626 0.447209
-0.445 1 -0.445 -0.202963 0.447197
-0.444 1 -0.444 -0.204296 0.447179
-0.443 1 -0.443 -0.205627 0.447154
-0.442 1 -0.442 -0.206954 0.447123
-0.441 1 -0.441 -0.208279 0.447085
-0.44 1 -0.44 -0.2096 0.44704
-0.439 1 -0.439 -0.210919 0.446989
-0.438 1 -0.438 -0.212234 0.446931
-0.437 1 -0.437 -0.213547 0.446866
-0.436 1 -0.436 -0.214856 0.446795
-0.435 1 -0.435 -0.216163 0.446718
-0.434 1 -0.434 -0.217466 0.446634
-0.433 1 -0.433 -0.218767 0.446543
-0.432 1 -0.432 -0.220064 0.446446
-0.431 1 -0.431 -0.221359 0.446343
-0.43 1 -0.43 -0.22265 0.446232
-0.429 1 -0.429 -0.223939 0.446116
-0.428 1 -0.428 -0.225224 0.445993
-0.427 1 -0.427 -0.226507 0.445864
-0.426 1 -0.426 -0.227786 0.445728
-0.425 1 -0.425 -0.229063 0.445586
-0.424 1 -0.424 -0.230336 0.445437
-0.423 1 -0.423 -0.231607 0.445283
-0.422 1 -0.422 -0.232874 0.445121
-0.421 1 -0.421 -0.234139 0.444954
-0.42 1 -0.42 -0.2354 0.44478
-0.419 1 -0.419 -0.236659 0.4446
-0.418 1 -0.418 -0.237914 0.444413
-0.417 1 -0.417 -0.239167 0.444221
-0.416 1 -0.416 -0.240416 0.444022
-0.415 1 -0.415 -0.241663 0.443817
-0.414 1 -0.414 -0.242906 0.443605
-0.413 1 -0.413 -0.244147 0.443388
-0.412 1 -0.412 -0.245384 0.443164
-0.411 1 -0.411 -0.246619 0.442934
-0.41 1 -0.41 -0.24785 0.442697
-0.409 1 -0.409 -0.249079 0.442455
-0.408 1 -0.408 -0.250304 0.442207
-0.407 1 -0.407 -0.251527 0.441952
-0.406 1 -0.406 -0.252746 0.441691
-0.405 1 -0.405 -0.253963 0.441425
-0.404 1 -0.404 -0.255176 0.441152
-0.403 1 -0.403 -0.256387 0.440873
-0.402 1 -0.402 -0.257594 0.440588
-0.401 1 -0.401 -0.258799 0.440297
-0.4 1 -0.4 -0.26 0.44
-0.399 1 -0.399 -0.261199 0.439697
-0.398 1 -0.398 -0.262394 0.439388
-0.397 1 -0.397 -0.263587 0.439073
-0.396 1 -0.396 -0.264776 0.438752
-0.395 1 -0.395 -0.265963 0.438425
-0.394 1 -0.394 -0.267146 0.438093
-0.393 1 -0.393 -0.268327 0.437754
-0.392 1 -0.392 -0.269504 0.437409
-0.391 1 -0.391 -0.270679 0.437059
-0.39 1 -0.39 -0.27185 0.436702
-0.389 1 -0.389 -0.273019 0.43634
-0.388 1 -0.388 -0.274184 0.435972
-0.387 1 -0.387 -0.275347 0.435598
-0.386 1 -0.386 -0.276506 0.435219
-0.385 1 -0.385 -0.277663 0.434833
-0.384 1 -0.384 -0.278816 0.434442
-0.383 1 -0.383 -0.279967 0.434045
-0.382 1 -0.382 -0.281114 0.433643
-0.381 1 -0.381 -0.282259 0.433234
-0.38 1 -0.38 -0.2834 0.43282
-0.379 1 -0.379 -0.284539 0.4324
-0.378 1 -0.378 -0.285674 0.431975
-0.377 1 -0.377 -0.286807 0.431543
-0.376 1 -0.376 -0.287936 0.431107
-0.375 1 -0.375 -0.289063 0.430664
-0.374 1 -0.374 -0.290186 0.430216
-0.373 1 -0.373 -0.291307 0.429762
-0.372 1 -0.372 -0.292424 0.429303
-0.371 1 -0.371 -0.293539 0.428838
-0.37 1 -0.37 -0.29465 0.428367
-0.369 1 -0.369 -0.295759 0.427891
-0.368 1 -0.368 -0.296864 0.42741
-0.367 1 -0.367 -0.297967 0.426923
-0.366 1 -0.366 -0.299066 0.42643
-0.365 1 -0.365 -0.300163 0.425932
-0.364 1 -0.364 -0.301256 0.425429
-0.363 1 -0.363 -0.302347 0.42492
-0.362 1 -0.362 -0.303434 0.424405
-0.361 1 -0.361 -0.304519 0.423885
-0.36 1 -0.36 -0.3056 0.42336
-0.359 1 -0.359 -0.306679 0.422829
-0.358 1 -0.358 -0.307754 0.422293
-0.357 1 -0.357 -0.308827 0.421752
-0.356 1 -0.356 -0.309896 0.421205
-0.355 1 -0.355 -0.310963 0.420653
-0.354 1 -0.354 -0.312026 0.420095
-0.353 1 -0.353 -0.313087 0.419533
-0.352 1 -0.352 -0.314144 0.418964
-0.351 1 -0.351 -0.315199 0.418391
-0.35 1 -0.35 -0.31625 0.417812
-0.349 1 -0.349 -0.317299 0.417229
-0.348 1 -0.348 -0.318344 0.41664
-0.347 1 -0.347 -0.319387 0.416045
-0.346 1 -0.346 -0.320426 0.415446
-0.345 1 -0.345 -0.321463 0.414841
-0.344 1 -0.344 -0.322496 0.414231
-0.343 1 -0.343 -0.323527 0.413616
-0.342 1 -0.342 -0.324554 0.412996
-0.341 1 -0.341 -0.325579 0.41237
-0.34 1 -0.34 -0.3266 0.41174
-0.339 1 -0.339 -0.327619 0.411104
-0.338 1 -0.338 -0.328634 0.410464
-0.337 1 -0.337 -0.329647 0.409818
-0.336 1 -0.336 -0.330656 0.409167
-0.335 1 -0.335 -0.331663 0.408512
-0.334 1 -0.334 -0.332666 0.407851
-0.333 1 -0.333 -0.333667 0.407185
-0.332 1 -0.332 -0.334664 0.406514
-0.331 1 -0.331 -0.335659 0.405838
-0.33 1 -0.33 -0.33665 0.405157
-0.329 1 -0.329 -0.337639 0.404472
-0.328 1 -0.328 -0.338624 0.403781
-0.327 1 -0.327 -0.339607 0.403086
-0.326 1 -0.326 -0.340586 0.402385
-0.325 1 -0.325 -0.341563 0.40168
-0.324 1 -0.324 -0.342536 0.400969
-0.323 1 -0.323 -0.343507 0.400254
-0.322 1 -0.322 -0.344474 0.399534
-0.321 1 -0.321 -0.345439 0.39881
-0.32 1 -0.32 -0.3464 0.39808
-0.319 1 -0.319 -0.347359 0.397346
-0.318 1 -0.318 -0.348314 0.396606
-0.317 1 -0.317 -0.349267 0.395862
-0.316 1 -0.316 -0.350216 0.395114
-0.315 1 -0.315 -0.351163 0.39436
-0.314 1 -0.314 -0.352106 0.393602
-0.313 1 -0.313 -0.353047 0.392839
-0.312 1 -0.312 -0.353984 0.392072
-0.311 1 -0.311 -0.354919 0.391299
-0.31 1 -0.31 -0.35585 0.390522
-0.309 1 -0.309 -0.356779 0.389741
-0.308 1 -0.308 -0.357704 0.388955
-0.307 1 -0.307 -0.358627 0.388164
-0.306 1 -0.306 -0.359546 0.387368
-0.305 1 -0.305 -0.360463 0.386568
-0.304 1 -0.304 -0.361376 0.385764
-0.303 1 -0.303 -0.362287 0.384955
-0.302 1 -0.302 -0.363194 0.384141
-0.301 1 -0.301 -0.364099 0.383323
-0.3 1 -0.3 -0.365 0.3825
-0.299 1 -0.299 -0.365899 0.381673
-0.298 1 -0.298 -0.366794 0.380841
-0.297 1 -0.297 -0.367687 0.380005
-0.296 1 -0.296 -0.368576 0.379164
-0.295 1 -0.295 -0.369463 0.378319
-0.294 1 -0.294 -0.370346 0.37747
-0.293 1 -0.293 -0.371227 0.376616
-0.292 1 -0.292 -0.372104 0.375757
-0.291 1 -0.291 -0.372979 0.374895
-0.29 1 -0.29 -0.37385 0.374027
-0.289 1 -0.289 -0.374719 0.373156
-0.288 1 -0.288 -0.375584 0.37228
-0.287 1 -0.287 -0.376447 0.3714
-0.286 1 -0.286 -0.377306 0.370516
-0.285 1 -0.285 -0.378163 0.369627
-0.284 1 -0.284 -0.379016 0.368734
-0.283 1 -0.283 -0.379867 0.367837
-0.282 1 -0.282 -0.380714 0.366936
-0.281 1 -0.281 -0.381559 0.36603
-0.28 1 -0.28 -0.3824 0.36512
-0.279 1 -0.279 -0.383239 0.364206
-0.278 1 -0.278 -0.384074 0.363288
-0.277 1 -0.277 -0.384907 0.362365
-0.276 1 -0.276 -0.385736 0.361439
-0.275 1 -0.275 -0.386563 0.360508
-0.274 1 -0.274 -0.387386 0.359573
-0.273 1 -0.273 -0.388207 0.358634
-0.272 1 -0.272 -0.389024 0.357691
-0.271 1 -0.271 -0.389839 0.356744
-0.27 1 -0.27 -0.39065 0.355792
-0.269 1 -0.269 -0.391459 0.354837
-0.268 1 -0.268 -0.392264 0.353878
-0.267 1 -0.267 -0.393067 0.352915
-0.266 1 -0.266 -0.393866 0.351947
-0.265 1 -0.265 -0.394663 0.350976
-0.264 1 -0.264 -0.395456 0.350001
-0.263 1 -0.263 -0.396247 0.349021
-0.262 1 -0.262 -0.397034 0.348038
-0.261 1 -0.261 -0.397819 0.347051
-0.26 1 -0.26 -0.3986 0.34606
-0.259 1 -0.259 -0.399379 0.345065
-0.258 1 -0.258 -0.400154 0.344066
-0.257 1 -0.257 -0.400927 0.343064
-0.256 1 -0.256 -0.401696 0.342057
-0.255 1 -0.255 -0.402463 0.341047
-0.254 1 -0.254 -0.403226 0.340032
-0.253 1 -0.253 -0.403987 0.339014
-0.252 1 -0.252 -0.404744 0.337992
-0.251 1 -0.251 -0.405499 0.336967
-0.25 1 -0.25 -0.40625 0.335937
-0.249 1 -0.249 -0.406999 0.334904
-0.248 1 -0.248 -0.407744 0.333868
-0.247 1 -0.247 -0.408487 0.332827
-0.246 1 -0.246 -0.409226 0.331783
-0.245 1 -0.245 -0.409963 0.330735
-0.244 1 -0.244 -0.410696 0.329683
-0.243 1 -0.243 -0.411427 0.328628
-0.242 1 -0.242 -0.412154 0.327569
-0.241 1 -0.241 -0.412879 0.326506
-0.24 1 -0.24 -0.4136 0.32544
-0.239 1 -0.239 -0.414319 0.32437
-0.238 1 -0.238 -0.415034 0.323297
-0.237 1 -0.237 -0.415747 0.32222
-0.236 1 -0.236 -0.416456 0.321139
-0.235 1 -0.235 -0.417163 0.320055
-0.234 1 -0.234 -0.417866 0.318968
-0.233 1 -0.233 -0.418567 0.317877
-0.232 1 -0.232 -0.419264 0.316782
-0.231 1 -0.231 -0.419959 0.315684
-0.23 1 -0.23 -0.42065 0.314582
-0.229 1 -0.229 -0.421339 0.313478
-0.228 1 -0.228 -0.422024 0.312369
-0.227 1 -0.227 -0.422707 0.311257
-0.226 1 -0.226 -0.423386 0.310142
-0.225 1 -0.225 -0.424063 0.309023
-0.224 1 -0.224 -0.424736 0.307901
-0.223 1 -0.223 -0.425407 0.306776
-0.222 1 -0.222 -0.426074 0.305647
-0.221 1 -0.221 -0.426739 0.304515
-0.22 1 -0.22 -0.4274 0.30338
-0.219 1 -0.219 -0.428059 0.302241
-0.218 1 -0.218 -0.428714 0.301099
-0.217 1 -0.217 -0.429367 0.299954
-0.216 1 -0.216 -0.430016 0.298806
-0.215 1 -0.215 -0.430663 0.297654
-0.214 1 -0.214 -0.431306 0.296499
-0.213 1 -0.213 -0.431947 0.295341
-0.212 1 -0.212 -0.432584 0.29418
-0.211 1 -0.211 -0.433219 0.293015
-0.21 1 -0.21 -0.43385 0.291847
-0.209 1 -0.209 -0.434479 0.290677
-0.208 1 -0.208 -0.435104 0.289503
-0.207 1 -0.207 -0.435727 0.288326
-0.206 1 -0.206 -0.436346 0.287145
-0.205 1 -0.205 -0.436963 0.285962
-0.204 1 -0.204 -0.437576 0.284776
-0.203 1 -0.203 -0.438187 0.283586
-0.202 1 -0.202 -0.438794 0.282394
-0.201 1 -0.201 -0.439399 0.281198
-0.2 1 -0.2 -0.44 0.28
-0.199 1 -0.199 -0.440599 0.278799
-0.198 1 -0.198 -0.441194 0.277594
-0.197 1 -0.197 -0.441787 0.276387
-0.196 1 -0.196 -0.442376 0.275176
-0.195 1 -0.195 -0.442963 0.273963
-0.194 1 -0.194 -0.443546 0.272747
-0.193 1 -0.193 -0.444127 0.271527
-0.192 1 -0.192 -0.444704 0.270305
-0.191 1 -0.191 -0.445279 0.26908
-0.19 1 -0.19 -0.44585 0.267852
-0.189 1 -0.189 -0.446419 0.266622
-0.188 1 -0.188 -0.446984 0.265388
-0.187 1 -0.187 -0.447547 0.264152
-0.186 1 -0.186 -0.448106 0.262913
-0.185 1 -0.185 -0.448663 0.261671
-0.184 1 -0.184 -0.449216 0.260426
-0.183 1 -0.183 -0.449767 0.259179
-0.182 1 -0.182 -0.450314 0.257929
-0.181 1 -0.181 -0.450859 0.256676
-0.18 1 -0.18 -0.4514 0.25542
-0.179 1 -0.179 -0.451939 0.254162
-0.178 1 -0.178 -0.452474 0.252901
-0.177 1 -0.177 -0.453007 0.251637
-0.176 1 -0.176 -0.453536 0.250371
-0.175 1 -0.175 -0.454063 0.249102
-0.174 1 -0.174 -0.454586 0.24783
-0.173 1 -0.173 -0.455107 0.246556
-0.172 1 -0.172 -0.455624 0.245279
-0.171 1 -0.171 -0.456139 0.243999
-0.17 1 -0.17 -0.45665 0.242717
-0.169 1 -0.169 -0.457159 0.241433
-0.168 1 -0.168 -0.457664 0.240146
-0.167 1 -0.167 -0.458167 0.238856
-0.166 1 -0.166 -0.458666 0.237564
-0.165 1 -0.165 -0.459163 0.23627
-0.164 1 -0.164 -0.459656 0.234973
-0.163 1 -0.163 -0.460147 0.233673
-0.162 1 -0.162 -0.460634 0.232371
-0.161 1 -0.161 -0.461119 0.231067
-0.16 1 -0.16 -0.4616 0.22976
-0.159 1 -0.159 -0.462079 0.228451
-0.158 1 -0.158 -0.462554 0.227139
-0.157 1 -0.157 -0.463027 0.225825
-0.156 1 -0.156 -0.463496 0.224509
-0.155 1 -0.155 -0.463963 0.22319
-0.154 1 -0.154 -0.464426 0.221869
-0.153 1 -0.153 -0.464887 0.220546
-0.152 1 -0.152 -0.465344 0.21922
-0.151 1 -0.151 -0.465799 0.217893
-0.15 1 -0.15 -0.46625 0.216562
-0.149 1 -0.149 -0.466699 0.21523
-0.148 1 -0.148 -0.467144 0.213896
-0.147 1 -0.147 -0.467587 0.212559
-0.146 1 -0.146 -0.468026 0.21122
-0.145 1 -0.145 -0.468463 0.209878
-0.144 1 -0.144 -0.468896 0.208535
-0.143 1 -0.143 -0.469327 0.207189
-0.142 1 -0.142 -0.469754 0.205842
-0.141 1 -0.141 -0.470179 0.204492
-0.14 1 -0.14 -0.4706 0.20314
-0.139 1 -0.139 -0.471019 0.201786
-0.138 1 -0.138 -0.471434 0.20043
-0.137 1 -0.137 -0.471847 0.199072
-0.136 1 -0.136 -0.472256 0.197711
-0.135 1 -0.135 -0.472663 0.196349
-0.134 1 -0.134 -0.473066 0.194985
-0.133 1 -0.133 -0.473467 0.193618
-0.132 1 -0.132 -0.473864 0.19225
-0.131 1 -0.131 -0.474259 0.19088
-0.13 1 -0.13 -0.47465 0.189507
-0.129 1 -0.129 -0.475039 0.188133
-0.128 1 -0.128 -0.475424 0.186757
-0.127 1 -0.127 -0.475807 0.185379
-0.126 1 -0.126 -0.476186 0.183999
-0.125 1 -0.125 -0.476563 0.182617
-0.124 1 -0.124 -0.476936 0.181233
-0.123 1 -0.123 -0.477307 0.179848
-0.122 1 -0.122 -0.477674 0.17846
-0.121 1 -0.121 -0.478039 0.177071
-0.12 1 -0.12 -0.4784 0.17568
-0.119 1 -0.119 -0.478759 0.174287
-0.118 1 -0.118 -0.479114 0.172892
-0.117 1 -0.117 -0.479467 0.171496
-0.116 1 -0.116 -0.479816 0.170098
-0.115 1 -0.115 -0.480163 0.168698
-0.114 1 -0.114 -0.480506 0.167296
-0.113 1 -0.113 -0.480847 0.165893
-0.112 1 -0.112 -0.481184 0.164488
-0.111 1 -0.111 -0.481519 0.163081
-0.11 1 -0.11 -0.48185 0.161672
-0.109 1 -0.109 -0.482179 0.160262
-0.108 1 -0.108 -0.482504 0.158851
-0.107 1 -0.107 -0.482827 0.157437
-0.106 1 -0.106 -0.483146 0.156022
-0.105 1 -0.105 -0.483463 0.154606
-0.104 1 -0.104 -0.483776 0.153188
-0.103 1 -0.103 -0.484087 0.151768
-0.102 1 -0.102 -0.484394 0.150347
-0.101 1 -0.101 -0.484699 0.148924
-0.1 1 -0.1 -0.485 0.1475
-0.099 1 -0.099 -0.485299 0.146074
-0.098 1 -0.098 -0.485594 0.144647
-0.097 1 -0.097 -0.485887 0.143218
-0.096 1 -0.096 -0.486176 0.141788
-0.095 1 -0.095 -0.486463 0.140357
-0.094 1 -0.094 -0.486746 0.138924
-0.093 1 -0.093 -0.487027 0.137489
-0.092 1 -0.092 -0.487304 0.136053
-0.091 1 -0.091 -0.487579 0.134616
-0.09 1 -0.09 -0.48785 0.133177
-0.089 1 -0.089 -0.488119 0.131738
-0.088 1 -0.088 -0.488384 0.130296
-0.087 1 -0.087 -0.488647 0.128854
-0.086 1 -0.086 -0.488906 0.12741
-0.085 1 -0.085 -0.489163 0.125965
-0.084 1 -0.084 -0.489416 0.124518
-0.083 1 -0.083 -0.489667 0.123071
-0.082 1 -0.082 -0.489914 0.121622
-0.081 1 -0.081 -0.490159 0.120171
-0.08 1 -0.08 -0.4904 0.11872
-0.079 1 -0.079 -0.490639 0.117267
-0.078 1 -0.078 -0.490874 0.115814
-0.077 1 -0.077 -0.491107 0.114359
-0.076 1 -0.076 -0.491336 0.112903
-0.075 1 -0.075 -0.491563 0.111445
-0.074 1 -0.074 -0.491786 0.109987
-0.073 1 -0.073 -0.492007 0.108527
-0.072 1 -0.072 -0.492224 0.107067
-0.071 1 -0.071 -0.492439 0.105605
-0.07 1 -0.07 -0.49265 0.104142
-0.069 1 -0.069 -0.492859 0.102679
-0.068 1 -0.068 -0.493064 0.101214
-0.067 1 -0.067 -0.493267 0.0997481
-0.066 1 -0.066 -0.493466 0.0982813
-0.065 1 -0.065 -0.493663 0.0968134
-0.064 1 -0.064 -0.493856 0.0953446
-0.063 1 -0.063 -0.494047 0.0938749
-0.062 1 -0.062 -0.494234 0.0924042
-0.061 1 -0.061 -0.494419 0.0909325
-0.06 1 -0.06 -0.4946 0.08946
-0.059 1 -0.059 -0.494779 0.0879866
-0.058 1 -0.058 -0.494954 0.0865122
-0.057 1 -0.057 -0.495127 0.085037
-0.056 1 -0.056 -0.495296 0.083561
-0.055 1 -0.055 -0.495463 0.0820841
-0.054 1 -0.054 -0.495626 0.0806063
-0.053 1 -0.053 -0.495787 0.0791278
-0.052 1 -0.052 -0.495944 0.0776485
-0.051 1 -0.051 -0.496099 0.0761684
-0.05 1 -0.05 -0.49625 0.0746875
-0.049 1 -0.049 -0.496399 0.0732059
-0.048 1 -0.048 -0.496544 0.0717235
-0.047 1 -0.047 -0.496687 0.0702404
-0.046 1 -0.046 -0.496826 0.0687567
-0.045 1 -0.045 -0.496963 0.0672722
-0.044 1 -0.044 -0.497096 0.065787
-0.043 1 -0.043 -0.497227 0.0643012
-0.042 1 -0.042 -0.497354 0.0628148
-0.041 1 -0.041 -0.497479 0.0613277
-0.04 1 -0.04 -0.4976 0.05984
-0.039 1 -0.039 -0.497719 0.0583517
-0.038 1 -0.038 -0.497834 0.0568628
-0.037 1 -0.037 -0.497947 0.0553734
-0.036 1 -0.036 -0.498056 0.0538834
-0.035 1 -0.035 -0.498163 0.0523928
-0.034 1 -0.034 -0.498266 0.0509017
-0.033 1 -0.033 -0.498367 0.0494102
-0.032 1 -0.032 -0.498464 0.0479181
-0.031 1 -0.031 -0.498559 0.0464255
-0.03 1 -0.03 -0.49865 0.0449325
-0.029 1 -0.029 -0.498739 0.043439
-0.028 1 -0.028 -0.498824 0.0419451
-0.027 1 -0.027 -0.498907 0.0404508
-0.026 1 -0.026 -0.498986 0.0389561
-0.025 1 -0.025 -0.499063 0.0374609
-0.024 1 -0.024 -0.499136 0.0359654
-0.023 1 -0.023 -0.499207 0.0344696
-0.022 1 -0.022 -0.499274 0.0329734
-0.021 1 -0.021 -0.499339 0.0314768
-0.02 1 -0.02 -0.4994 0.02998
-0.019 1 -0.019 -0.499459 0.0284829
-0.018 1 -0.018 -0.499514 0.0269854
-0.017 1 -0.017 -0.499567 0.0254877
-0.016 1 -0.016 -0.499616 0.0239898
-0.015 1 -0.015 -0.499663 0.0224916
-0.014 1 -0.014 -0.499706 0.0209931
-0.013 1 -0.013 -0.499747 0.0194945
-0.012 1 -0.012 -0.499784 0.0179957
-0.011 1 -0.011 -0.499819 0.0164967
-0.01 1 -0.01 -0.49985 0.0149975
-0.009 1 -0.009 -0.499879 0.0134982
-0.008 1 -0.008 -0.499904 0.0119987
-0.007 1 -0.007 -0.499926 0.0104991
-0.006 1 -0.006 -0.499946 0.00899946
-0.005 1 -0.005 -0.499963 0.00749969
-0.004 1 -0.004 -0.499976 0.00599984
-0.003 1 -0.003 -0.499987 0.00449993
-0.002 1 -0.002 -0.499994 0.00299998
-0.001 1 -0.001 -0.499999 0.0015
8.8124e-16 1 8.8124e-16 -0.5 -1.32186e-15
0.001 1 0.001 -0.499999 -0.0015
0.002 1 0.002 -0.499994 -0.00299998
0.003 1 0.003 -0.499987 -0.00449993
0.004 1 0.004 -0.499976 -0.00599984
0.005 1 0.005 -0.499962 -0.00749969
0.006 1 0.006 -0.499946 -0.00899946
0.007 1 0.007 -0.499926 -0.0104991
0.008 1 0.008 -0.499904 -0.0119987
0.009 1 0.009 -0.499879 -0.0134982
0.01 1 0.01 -0.49985 -0.0149975
0.011 1 0.011 -0.499818 -0.0164967
0.012 1 0.012 -0.499784 -0.0179957
0.013 1 0.013 -0.499746 -0.0194945
0.014 1 0.014 -0.499706 -0.0209931
0.015 1 0.015 -0.499662 -0.0224916
0.016 1 0.016 -0.499616 -0.0239898
0.017 1 0.017 -0.499566 -0.0254877
0.018 1 0.018 -0.499514 -0.0269854
0.019 1 0.019 -0.499458 -0.0284829
0.02 1 0.02 -0.4994 -0.02998
0.021 1 0.021 -0.499338 -0.0314768
0.022 1 0.022 -0.499274 -0.0329734
0.023 1 0.023 -0.499206 -0.0344696
0.024 1 0.024 -0.499136 -0.0359654
0.025 1 0.025 -0.499062 -0.0374609
0.026 1 0.026 -0.498986 -0.0389561
0.027 1 0.027 -0.498906 -0.0404508
0.028 1 0.028 -0.498824 -0.0419451
0.029 1 0.029 -0.498738 -0.043439
0.03 1 0.03 -0.49865 -0.0449325
0.031 1 0.031 -0.498558 -0.0464255
0.032 1 0.032 -0.498464 -0.0479181
0.033 1 0.033 -0.498366 -0.0494102
0.034 1 0.034 -0.498266 -0.0509017
0.035 1 0.035 -0.498162 -0.0523928
0.036 1 0.036 -0.498056 -0.0538834
0.037 1 0.037 -0.497946 -0.0553734
0.038 1 0.038 -0.497834 -0.0568628
0.039 1 0.039 -0.497718 -0.0583517
0.04 1 0.04 -0.4976 -0.05984
0.041 1 0.041 -0.497478 -0.0613277
0.042 1 0.042 -0.497354 -0.0628148
0.043 1 0.043 -0.497226 -0.0643012
0.044 1 0.044 -0.497096 -0.065787
0.045 1 0.045 -0.496962 -0.0672722
0.046 1 0.046 -0.496826 -0.0687567
0.047 1 0.047 -0.496686 -0.0702404
0.048 1 0.048 -0.496544 -0.0717235
0.049 1 0.049 -0.496398 -0.0732059
0.05 1 0.05 -0.49625 -0.0746875
0.051 1 0.051 -0.496098 -0.0761684
0.052 1 0.052 -0.495944 -0.0776485
0.053 1 0.053 -0.495786 -0.0791278
0.054 1 0.054 -0.495626 -0.0806063
0.055 1 0.055 -0.495462 -0.0820841
0.056 1 0.056 -0.495296 -0.083561
0.057 1 0.057 -0.495126 -0.085037
0.058 1 0.058 -0.494954 -0.0865122
0.059 1 0.059 -0.494778 -0.0879866
0.06 1 0.06 -0.4946 -0.08946
0.061 1 0.061 -0.494418 -0.0909325
0.062 1 0.062 -0.494234 -0.0924042
0.063 1 0.063 -0.494046 -0.0938749
0.064 1 0.064 -0.493856 -0.0953446
0.065 1 0.065 -0.493662 -0.0968134
0.066 1 0.066 -0.493466 -0.0982813
0.067 1 0.067 -0.493266 -0.0997481
0.068 1 0.068 -0.493064 -0.101214
0.069 1 0.069 -0.492858 -0.102679
0.07 1 0.07 -0.49265 -0.104143
0.071 1 0.071 -0.492438 -0.105605
0.072 1 0.072 -0.492224 -0.107067
0.073 1 0.073 -0.492006 -0.108527
0.074 1 0.074 -0.491786 -0.109987
0.075 1 0.075 -0.491562 -0.111445
0.076 1 0.076 -0.491336 -0.112903
0.077 1 0.077 -0.491106 -0.114359
0.078 1 0.078 -0.490874 -0.115814
0.079 1 0.079 -0.490638 -0.117267
0.08 1 0.08 -0.4904 -0.11872
0.081 1 0.081 -0.490158 -0.120171
0.082 1 0.082 -0.489914 -0.121622
0.083 1 0.083 -0.489666 -0.123071
0.084 1 0.084 -0.489416 -0.124518
0.085 1 0.085 -0.489162 -0.125965
0.086 1 0.086 -0.488906 -0.12741
0.087 1 0.087 -0.488646 -0.128854
0.088 1 0.088 -0.488384 -0.130296
0.089 1 0.089 -0.488118 -0.131738
0.09 1 0.09 -0.48785 -0.133178
0.091 1 0.091 -0.487578 -0.134616
0.092 1 0.092 -0.487304 -0.136053
0.093 1 0.093 -0.487026 -0.137489
0.094 1 0.094 -0.486746 -0.138924
0.095 1 0.095 -0.486462 -0.140357
0.096 1 0.096 -0.486176 -0.141788
0.097 1 0.097 -0.485886 -0.143218
0.098 1 0.098 -0.485594 -0.144647
0.099 1 0.099 -0.485298 -0.146074
0.1 1 0.1 -0.485 -0.1475
0.101 1 0.101 -0.484698 -0.148924
0.102 1 0.102 -0.484394 -0.150347
0.103 1 0.103 -0.484086 -0.151768
0.104 1 0.104 -0.483776 -0.153188
0.105 1 0.105 -0.483462 -0.154606
0.106 1 0.106 -0.483146 -0.156022
0.107 1 0.107 -0.482826 -0.157437
0.108 1 0.108 -0.482504 -0.158851
0.109 1 0.109 -0.482178 -0.160262
0.11 1 0.11 -0.48185 -0.161673
0.111 1 0.111 -0.481518 -0.163081
0.112 1 0.112 -0.481184 -0.164488
0.113 1 0.113 -0.480846 -0.165893
0.114 1 0.114 -0.480506 -0.167296
0.115 1 0.115 -0.480162 -0.168698
0.116 1 0.116 -0.479816 -0.170098
0.117 1 0.117 -0.479466 -0.171496
0.118 1 0.118 -0.479114 -0.172892
0.119 1 0.119 -0.478758 -0.174287
0.12 1 0.12 -0.4784 -0.17568
0.121 1 0.121 -0.478038 -0.177071
0.122 1 0.122 -0.477674 -0.17846
0.123 1 0.123 -0.477306 -0.179848
0.124 1 0.124 -0.476936 -0.181233
0.125 1 0.125 -0.476562 -0.182617
0.126 1 0.126 -0.476186 -0.183999
0.127 1 0.127 -0.475806 -0.185379
0.128 1 0.128 -0.475424 -0.186757
0.129 1 0.129 -0.475038 -0.188133
0.13 1 0.13 -0.47465 -0.189508
0.131 1 0.131 -0.474258 -0.19088
0.132 1 0.132 -0.473864 -0.19225
0.133 1 0.133 -0.473466 -0.193618
0.134 1 0.134 -0.473066 -0.194985
0.135 1 0.135 -0.472662 -0.196349
0.136 1 0.136 -0.472256 -0.197711
0.137 1 0.137 -0.471846 -0.199072
0.138 1 0.138 -0.471434 -0.20043
0.139 1 0.139 -0.471018 -0.201786
0.14 1 0.14 -0.4706 -0.20314
0.141 1 0.141 -0.470178 -0.204492
0.142 1 0.142 -0.469754 -0.205842
0.143 1 0.143 -0.469326 -0.207189
0.144 1 0.144 -0.468896 -0.208535
0.145 1 0.145 -0.468462 -0.209878
0.146 1 0.146 -0.468026 -0.21122
0.147 1 0.147 -0.467586 -0.212559
0.148 1 0.148 -0.467144 -0.213896
0.149 1 0.149 -0.466698 -0.21523
0.15 1 0.15 -0.46625 -0.216563
0.151 1 0.151 -0.465798 -0.217893
0.152 1 0.152 -0.465344 -0.21922
0.153 1 0.153 -0.464886 -0.220546
0.154 1 0.154 -0.464426 -0.221869
0.155 1 0.155 -0.463962 -0.22319
0.156 1 0.156 -0.463496 -0.224509
0.157 1 0.157 -0.463026 -0.225825
0.158 1 0.158 -0.462554 -0.227139
0.159 1 0.159 -0.462078 -0.228451
0.16 1 0.16 -0.4616 -0.22976
0.161 1 0.161 -0.461118 -0.231067
0.162 1 0.162 -0.460634 -0.232371
0.163 1 0.163 -0.460146 -0.233673
0.164 1 0.164 -0.459656 -0.234973
0.165 1 0.165 -0.459162 -0.23627
0.166 1 0.166 -0.458666 -0.237564
0.167 1 0.167 -0.458166 -0.238856
0.168 1 0.168 -0.457664 -0.240146
0.169 1 0.169 -0.457158 -0.241433
0.17 1 0.17 -0.45665 -0.242718
0.171 1 0.171 -0.456138 -0.243999
0.172 1 0.172 -0.455624 -0.245279
0.173 1 0.173 -0.455106 -0.246556
0.174 1 0.174 -0.454586 -0.24783
0.175 1 0.175 -0.454062 -0.249102
0.176 1 0.176 -0.453536 -0.250371
0.177 1 0.177 -0.453006 -0.251637
0.178 1 0.178 -0.452474 -0.252901
0.179 1 0.179 -0.451938 -0.254162
0.18 1 0.18 -0.4514 -0.25542
0.181 1 0.181 -0.450858 -0.256676
0.182 1 0.182 -0.450314 -0.257929
0.183 1 0.183 -0.449766 -0.259179
0.184 1 0.184 -0.449216 -0.260426
0.185 1 0.185 -0.448662 -0.261671
0.186 1 0.186 -0.448106 -0.262913
0.187 1 0.187 -0.447546 -0.264152
0.188 1 0.188 -0.446984 -0.265388
0.189 1 0.189 -0.446418 -0.266622
0.19 1 0.19 -0.44585 -0.267853
0.191 1 0.191 -0.445278 -0.26908
0.192 1 0.192 -0.444704 -0.270305
0.193 1 0.193 -0.444126 -0.271527
0.194 1 0.194 -0.443546 -0.272747
0.195 1 0.195 -0.442962 -0.273963
0.196 1 0.196 -0.442376 -0.275176
0.197 1 0.197 -0.441786 -0.276387
0.198 1 0.198 -0.441194 -0.277594
0.199 1 0.199 -0.440598 -0.278799
0.2 1 0.2 -0.44 -0.28
0.201 1 0.201 -0.439398 -0.281198
0.202 1 0.202 -0.438794 -0.282394
0.203 1 0.203 -0.438186 -0.283586
0.204 1 0.204 -0.437576 -0.284776
0.205 1 0.205 -0.436962 -0.285962
0.206 1 0.206 -0.436346 -0.287145
0.207 1 0.207 -0.435726 -0.288326
0.208 1 0.208 -0.435104 -0.289503
0.209 1 0.209 -0.434478 -0.290677
0.21 1 0.21 -0.43385 -0.291848
0.211 1 0.211 -0.433218 -0.293015
0.212 1 0.212 -0.432584 -0.29418
0.213 1 0.213 -0.431946 -0.295341
0.214 1 0.214 -0.431306 -0.296499
0.215 1 0.215 -0.430662 -0.297654
0.216 1 0.216 -0.430016 -0.298806
0.217 1 0.217 -0.429366 -0.299954
0.218 1 0.218 -0.428714 -0.301099
0.219 1 0.219 -0.428058 -0.302241
0.22 1 0.22 -0.4274 -0.30338
0.221 1 0.221 -0.426738 -0.304515
0.222 1 0.222 -0.426074 -0.305647
0.223 1 0.223 -0.425406 -0.306776
0.224 1 0.224 -0.424736 -0.307901
0.225 1 0.225 -0.424062 -0.309023
0.226 1 0.226 -0.423386 -0.310142
0.227 1 0.227 -0.422706 -0.311257
0.228 1 0.228 -0.422024 -0.312369
0.229 1 0.229 -0.421338 -0.313478
0.23 1 0.23 -0.42065 -0.314583
0.231 1 0.231 -0.419958 -0.315684
0.232 1 0.232 -0.419264 -0.316782
0.233 1 0.233 -0.418566 -0.317877
0.234 1 0.234 -0.417866 -0.318968
0.235 1 0.235 -0.417162 -0.320055
0.236 1 0.236 -0.416456 -0.321139
0.237 1 0.237 -0.415746 -0.32222
0.238 1 0.238 -0.415034 -0.323297
0.239 1 0.239 -0.414318 -0.32437
0.24 1 0.24 -0.4136 -0.32544
0.241 1 0.241 -0.412878 -0.326506
0.242 1 0.242 -0.412154 -0.327569
0.243 1 0.243 -0.411426 -0.328628
0.244 1 0.244 -0.410696 -0.329683
0.245 1 0.245 -0.409962 -0.330735
0.246 1 0.246 -0.409226 -0.331783
0.247 1 0.247 -0.408486 -0.332827
0.248 1 0.248 -0.407744 -0.333868
0.249 1 0.249 -0.406998 -0.334904
0.25 1 0.25 -0.40625 -0.335938
0.251 1 0.251 -0.405498 -0.336967
0.252 1 0.252 -0.404744 -0.337992
0.253 1 0.253 -0.403986 -0.339014
0.254 1 0.254 -0.403226 -0.340032
0.255 1 0.255 -0.402462 -0.341047
0.256 1 0.256 -0.401696 -0.342057
0.257 1 0.257 -0.400926 -0.343064
0.258 1 0.258 -0.400154 -0.344066
0.259 1 0.259 -0.399378 -0.345065
0.26 1 0.26 -0.3986 -0.34606
0.261 1 0.261 -0.397818 -0.347051
0.262 1 0.262 -0.397034 -0.348038
0.263 1 0.263 -0.396246 -0.349021
0.264 1 0.264 -0.395456 -0.350001
0.265 1 0.265 -0.394662 -0.350976
0.266 1 0.266 -0.393866 -0.351947
0.267 1 0.267 -0.393066 -0.352915
0.268 1 0.268 -0.392264 -0.353878
0.269 1 0.269 -0.391458 -0.354837
0.27 1 0.27 -0.39065 -0.355793
0.271 1 0.271 -0.389838 -0.356744
0.272 1 0.272 -0.389024 -0.357691
0.273 1 0.273 -0.388206 -0.358634
0.274 1 0.274 -0.387386 -0.359573
0.275 1 0.275 -0.386562 -0.360508
0.276 1 0.276 -0.385736 -0.361439
0.277 1 0.277 -0.384906 -0.362365
0.278 1 0.278 -0.384074 -0.363288
0.279 1 0.279 -0.383238 -0.364206
0.28 1 0.28 -0.3824 -0.36512
0.281 1 0.281 -0.381558 -0.36603
0.282 1 0.282 -0.380714 -0.366936
0.283 1 0.283 -0.379866 -0.367837
0.284 1 0.284 -0.379016 -0.368734
0.285 1 0.285 -0.378162 -0.369627
0.286 1 0.286 -0.377306 -0.370516
0.287 1 0.287 -0.376446 -0.3714
0.288 1 0.288 -0.375584 -0.37228
0.289 1 0.289 -0.374718 -0.373156
0.29 1 0.29 -0.37385 -0.374028
0.291 1 0.291 -0.372978 -0.374895
0.292 1 0.292 -0.372104 -0.375757
0.293 1 0.293 -0.371226 -0.376616
0.294 1 0.294 -0.370346 -0.37747
0.295 1 0.295 -0.369462 -0.378319
0.296 1 0.296 -0.368576 -0.379164
0.297 1 0.297 -0.367686 -0.380005
0.298 1 0.298 -0.366794 -0.380841
0.299 1 0.299 -0.365898 -0.381673
0.3 1 0.3 -0.365 -0.3825
0.301 1 0.301 -0.364098 -0.383323
0.302 1 0.302 -0.363194 -0.384141
0.303 1 0.303 -0.362286 -0.384955
0.304 1 0.304 -0.361376 -0.385764
0.305 1 0.305 -0.360462 -0.386568
0.306 1 0.306 -0.359546 -0.387368
0.307 1 0.307 -0.358626 -0.388164
0.308 1 0.308 -0.357704 -0.388955
0.309 1 0.309 -0.356778 -0.389741
0.31 1 0.31 -0.35585 -0.390523
0.311 1 0.311 -0.354918 -0.391299
0.312 1 0.312 -0.353984 -0.392072
0.313 1 0.313 -0.353046 -0.392839
0.314 1 0.314 -0.352106 -0.393602
0.315 1 0.315 -0.351162 -0.39436
0.316 1 0.316 -0.350216 -0.395114
0.317 1 0.317 -0.349266 -0.395862
0.318 1 0.318 -0.348314 -0.396606
0.319 1 0.319 -0.347358 -0.397346
0.32 1 0.32 -0.3464 -0.39808
0.321 1 0.321 -0.345438 -0.39881
0.322 1 0.322 -0.344474 -0.399534
0.323 1 0.323 -0.343506 -0.400254
0.324 1 0.324 -0.342536 -0.400969
0.325 1 0.325 -0.341562 -0.40168
0.326 1 0.326 -0.340586 -0.402385
0.327 1 0.327 -0.339606 -0.403086
0.328 1 0.328 -0.338624 -0.403781
0.329 1 0.329 -0.337638 -0.404472
0.33 1 0.33 -0.33665 -0.405158
0.331 1 0.331 -0.335658 -0.405838
0.332 1 0.332 -0.334664 -0.406514
0.333 1 0.333 -0.333666 -0.407185
0.334 1 0.334 -0.332666 -0.407851
0.335 1 0.335 -0.331662 -0.408512
0.336 1 0.336 -0.330656 -0.409167
0.337 1 0.337 -0.329646 -0.409818
0.338 1 0.338 -0.328634 -0.410464
0.339 1 0.339 -0.327618 -0.411104
0.34 1 0.34 -0.3266 -0.41174
0.341 1 0.341 -0.325578 -0.41237
0.342 1 0.342 -0.324554 -0.412996
0.343 1 0.343 -0.323526 -0.413616
0.344 1 0.344 -0.322496 -0.414231
0.345 1 0.345 -0.321462 -0.414841
0.346 1 0.346 -0.320426 -0.415446
0.347 1 0.347 -0.319386 -0.416045
0.348 1 0.348 -0.318344 -0.41664
0.349 1 0.349 -0.317298 -0.417229
0.35 1 0.35 -0.31625 -0.417813
0.351 1 0.351 -0.315198 -0.418391
0.352 1 0.352 -0.314144 -0.418964
0.353 1 0.353 -0.313086 -0.419533
0.354 1 0.354 -0.312026 -0.420095
0.355 1 0.355 -0.310962 -0.420653
0.356 1 0.356 -0.309896 -0.421205
0.357 1 0.357 -0.308826 -0.421752
0.358 1 0.358 -0.307754 -0.422293
0.359 1 0.359 -0.306678 -0.422829
0.36 1 0.36 -0.3056 -0.42336
0.361 1 0.361 -0.304518 -0.423885
0.362 1 0.362 -0.303434 -0.424405
0.363 1 0.363 -0.302346 -0.42492
0.364 1 0.364 -0.301256 -0.425429
0.365 1 0.365 -0.300162 -0.425932
0.366 1 0.366 -0.299066 -0.42643
0.367 1 0.367 -0.297966 -0.426923
0.368 1 0.368 -0.296864 -0.42741
0.369 1 0.369 -0.295758 -0.427891
0.37 1 0.37 -0.29465 -0.428368
0.371 1 0.371 -0.293538 -0.428838
0.372 1 0.372 -0.292424 -0.429303
0.373 1 0.373 -0.291306 -0.429762
0.374 1 0.374 -0.290186 -0.430216
0.375 1 0.375 -0.289062 -0.430664
0.376 1 0.376 -0.287936 -0.431107
0.377 1 0.377 -0.286806 -0.431543
0.378 1 0.378 -0.285674 -0.431975
0.379 1 0.379 -0.284538 -0.4324
0.38 1 0.38 -0.2834 -0.43282
0.381 1 0.381 -0.282258 -0.433234
0.382 1 0.382 -0.281114 -0.433643
0.383 1 0.383 -0.279966 -0.434045
0.384 1 0.384 -0.278816 -0.434442
0.385 1 0.385 -0.277662 -0.434833
0.386 1 0.386 -0.276506 -0.435219
0.387 1 0.387 -0.275346 -0.435598
0.388 1 0.388 -0.274184 -0.435972
0.389 1 0.389 -0.273018 -0.43634
0.39 1 0.39 -0.27185 -0.436703
0.391 1 0.391 -0.270678 -0.437059
0.392 1 0.392 -0.269504 -0.437409
0.393 1 0.393 -0.268326 -0.437754
0.394 1 0.394 -0.267146 -0.438093
0.395 1 0.395 -0.265962 -0.438425
0.396 1 0.396 -0.264776 -0.438752
0.397 1 0.397 -0.263586 -0.439073
0.398 1 0.398 -0.262394 -0.439388
0.399 1 0.399 -0.261198 -0.439697
0.4 1 0.4 -0.26 -0.44
0.401 1 0.401 -0.258798 -0.440297
0.402 1 0.402 -0.257594 -0.440588
0.403 1 0.403 -0.256386 -0.440873
0.404 1 0.404 -0.255176 -0.441152
0.405 1 0.405 -0.253962 -0.441425
0.406 1 0.406 -0.252746 -0.441691
0.407 1 0.407 -0.251526 -0.441952
0.408 1 0.408 -0.250304 -0.442207
0.409 1 0.409 -0.249078 -0.442455
0.41 1 0.41 -0.24785 -0.442698
0.411 1 0.411 -0.246618 -0.442934
0.412 1 0.412 -0.245384 -0.443164
0.413 1 0.413 -0.244146 -0.443388
0.414 1 0.414 -0.242906 -0.443605
0.415 1 0.415 -0.241662 -0.443817
0.416 1 0.416 -0.240416 -0.444022
0.417 1 0.417 -0.239166 -0.444221
0.418 1 0.418 -0.237914 -0.444413
0.419 1 0.419 -0.236658 -0.4446
0.42 1 0.42 -0.2354 -0.44478
0.421 1 0.421 -0.234138 -0.444954
0.422 1 0.422 -0.232874 -0.445121
0.423 1 0.423 -0.231606 -0.445283
0.424 1 0.424 -0.230336 -0.445437
0.425 1 0.425 -0.229062 -0.445586
0.426 1 0.426 -0.227786 -0.445728
0.427 1 0.427 -0.226506 -0.445864
0.428 1 0.428 -0.225224 -0.445993
0.429 1 0.429 -0.223938 -0.446116
0.43 1 0.43 -0.22265 -0.446233
0.431 1 0.431 -0.221358 -0.446343
0.432 1 0.432 -0.220064 -0.446446
0.433 1 0.433 -0.218766 -0.446543
0.434 1 0.434 -0.217466 -0.446634
0.435 1 0.435 -0.216162 -0.446718
0.436 1 0.436 -0.214856 -0.446795
0.437 1 0.437 -0.213546 -0.446866
0.438 1 0.438 -0.212234 -0.446931
0.439 1 0.439 -0.210918 -0.446989
0.44 1 0.44 -0.2096 -0.44704
0.441 1 0.441 -0.208278 -0.447085
0.442 1 0.442 -0.206954 -0.447123
0.443 1 0.443 -0.205626 -0.447154
0.444 1 0.444 -0.204296 -0.447179
0.445 1 0.445 -0.202962 -0.447197
0.446 1 0.446 -0.201626 -0.447209
0.447 1 0.447 -0.200286 -0.447213
0.448 1 0.448 -0.198944 -0.447212
0.449 1 0.449 -0.197598 -0.447203
0.45 1 0.45 -0.19625 -0.447188
0.451 1 0.451 -0.194898 -0.447165
0.452 1 0.452 -0.193544 -0.447136
0.453 1 0.453 -0.192186 -0.447101
0.454 1 0.454 -0.190826 -0.447058
0.455 1 0.455 -0.189462 -0.447009
0.456 1 0.456 -0.188096 -0.446953
0.457 1 0.457 -0.186726 -0.44689
0.458 1 0.458 -0.185354 -0.44682
0.459 1 0.459 -0.183978 -0.446744
0.46 1 0.46 -0.1826 -0.44666
0.461 1 0.461 -0.181218 -0.44657
0.462 1 0.462 -0.179834 -0.446472
0.463 1 0.463 -0.178446 -0.446368
0.464 1 0.464 -0.177056 -0.446257
0.465 1 0.465 -0.175662 -0.446138
0.466 1 0.466 -0.174266 -0.446013
0.467 1 0.467 -0.172866 -0.445881
0.468 1 0.468 -0.171464 -0.445742
0.469 1 0.469 -0.170058 -0.445596
0.47 1 0.47 -0.16865 -0.445442
0.471 1 0.471 -0.167238 -0.445282
0.472 1 0.472 -0.165824 -0.445115
0.473 1 0.473 -0.164406 -0.44494
0.474 1 0.474 -0.162986 -0.444759
0.475 1 0.475 -0.161562 -0.44457
0.476 1 0.476 -0.160136 -0.444375
0.477 1 0.477 -0.158706 -0.444172
0.478 1 0.478 -0.157274 -0.443962
0.479 1 0.479 -0.155838 -0.443744
0.48 1 0.48 -0.1544 -0.44352
0.481 1 0.481 -0.152958 -0.443288
0.482 1 0.482 -0.151514 -0.44305
0.483 1 0.483 -0.150066 -0.442804
0.484 1 0.484 -0.148616 -0.44255
0.485 1 0.485 -0.147162 -0.44229
0.486 1 0.486 -0.145706 -0.442022
0.487 1 0.487 -0.144246 -0.441747
0.488 1 0.488 -0.142784 -0.441464
0.489 1 0.489 -0.141318 -0.441175
0.49 1 0.49 -0.13985 -0.440877
0.491 1 0.491 -0.138378 -0.440573
0.492 1 0.492 -0.136904 -0.440261
0.493 1 0.493 -0.135426 -0.439942
0.494 1 0.494 -0.133946 -0.439616
0.495 1 0.495 -0.132462 -0.439282
0.496 1 0.496 -0.130976 -0.43894
0.497 1 0.497 -0.129486 -0.438591
0.498 1 0.498 -0.127994 -0.438235
0.499 1 0.499 -0.126498 -0.437871
0.5 1 0.5 -0.125 -0.4375
0.501 1 0.501 -0.123498 -0.437121
0.502 1 0.502 -0.121994 -0.436735
0.503 1 0.503 -0.120486 -0.436341
0.504 1 0.504 -0.118976 -0.43594
0.505 1 0.505 -0.117462 -0.435531
0.506 1 0.506 -0.115946 -0.435114
0.507 1 0.507 -0.114426 -0.43469
0.508 1 0.508 -0.112904 -0.434259
0.509 1 0.509 -0.111378 -0.433819
0.51 1 0.51 -0.10985 -0.433372
0.511 1 0.511 -0.108318 -0.432918
0.512 1 0.512 -0.106784 -0.432456
0.513 1 0.513 -0.105246 -0.431986
0.514 1 0.514 -0.103706 -0.431508
0.515 1 0.515 -0.102162 -0.431023
0.516 1 0.516 -0.100616 -0.43053
0.517 1 0.517 -0.0990665 -0.430029
0.518 1 0.518 -0.097514 -0.42952
0.519 1 0.519 -0.0959585 -0.429004
0.52 1 0.52 -0.0944 -0.42848
0.521 1 0.521 -0.0928385 -0.427948
0.522 1 0.522 -0.091274 -0.427408
0.523 1 0.523 -0.0897065 -0.426861
0.524 1 0.524 -0.088136 -0.426305
0.525 1 0.525 -0.0865625 -0.425742
0.526 1 0.526 -0.084986 -0.425171
0.527 1 0.527 -0.0834065 -0.424592
0.528 1 0.528 -0.081824 -0.424005
0.529 1 0.529 -0.0802385 -0.42341
0.53 1 0.53 -0.07865 -0.422807
0.531 1 0.531 -0.0770585 -0.422197
0.532 1 0.532 -0.075464 -0.421578
0.533 1 0.533 -0.0738665 -0.420951
0.534 1 0.534 -0.072266 -0.420317
0.535 1 0.535 -0.0706625 -0.419674
0.536 1 0.536 -0.069056 -0.419023
0.537 1 0.537 -0.0674465 -0.418365
0.538 1 0.538 -0.065834 -0.417698
0.539 1 0.539 -0.0642185 -0.417023
0.54 1 0.54 -0.0626 -0.41634
0.541 1 0.541 -0.0609785 -0.415649
0.542 1 0.542 -0.059354 -0.41495
0.543 1 0.543 -0.0577265 -0.414242
0.544 1 0.544 -0.056096 -0.413527
0.545 1 0.545 -0.0544625 -0.412803
0.546 1 0.546 -0.052826 -0.412072
0.547 1 0.547 -0.0511865 -0.411332
0.548 1 0.548 -0.049544 -0.410584
0.549 1 0.549 -0.0478985 -0.409827
0.55 1 0.55 -0.04625 -0.409062
0.551 1 0.551 -0.0445985 -0.40829
0.552 1 0.552 -0.042944 -0.407508
0.553 1 0.553 -0.0412865 -0.406719
0.554 1 0.554 -0.039626 -0.405921
0.555 1 0.555 -0.0379625 -0.405115
0.556 1 0.556 -0.036296 -0.404301
0.557 1 0.557 -0.0346265 -0.403478
0.558 1 0.558 -0.032954 -0.402647
0.559 1 0.559 -0.0312785 -0.401808
0.56 1 0.56 -0.0296 -0.40096
0.561 1 0.561 -0.0279185 -0.400104
0.562 1 0.562 -0.026234 -0.399239
0.563 1 0.563 -0.0245465 -0.398366
0.564 1 0.564 -0.022856 -0.397485
0.565 1 0.565 -0.0211625 -0.396595
0.566 1 0.566 -0.019466 -0.395696
0.567 1 0.567 -0.0177665 -0.394789
0.568 1 0.568 -0.016064 -0.393874
0.569 1 0.569 -0.0143585 -0.39295
0.57 1 0.57 -0.01265 -0.392017
0.571 1 0.571 -0.0109385 -0.391076
0.572 1 0.572 -0.009224 -0.390127
0.573 1 0.573 -0.0075065 -0.389169
0.574 1 0.574 -0.005786 -0.388202
0.575 1 0.575 -0.0040625 -0.387227
0.576 1 0.576 -0.002336 -0.386243
0.577 1 0.577 -0.0006065 -0.38525
0.578 1 0.578 0.001126 -0.384249
0.579 1 0.579 0.0028615 -0.383239
0.58 1 0.58 0.0046 -0.38222
0.581 1 0.581 0.0063415 -0.381193
0.582 1 0.582 0.008086 -0.380157
0.583 1 0.583 0.0098335 -0.379112
0.584 1 0.584 0.011584 -0.378058
0.585 1 0.585 0.0133375 -0.376996
0.586 1 0.586 0.015094 -0.375925
0.587 1 0.587 0.0168535 -0.374845
0.588 1 0.588 0.018616 -0.373756
0.589 1 0.589 0.0203815 -0.372659
0.59 1 0.59 0.02215 -0.371552
0.591 1 0.591 0.0239215 -0.370437
0.592 1 0.592 0.025696 -0.369313
0.593 1 0.593 0.0274735 -0.36818
0.594 1 0.594 0.029254 -0.367039
0.595 1 0.595 0.0310375 -0.365888
0.596 1 0.596 0.032824 -0.364728
0.597 1 0.597 0.0346135 -0.36356
0.598 1 0.598 0.036406 -0.362382
0.599 1 0.599 0.0382015 -0.361196
0.6 1 0.6 0.04 -0.36
0.601 1 0.601 0.0418015 -0.358795
0.602 1 0.602 0.043606 -0.357582
0.603 1 0.603 0.0454135 -0.356359
0.604 1 0.604 0.047224 -0.355128
0.605 1 0.605 0.0490375 -0.353887
0.606 1 0.606 0.050854 -0.352637
0.607 1 0.607 0.0526735 -0.351379
0.608 1 0.608 0.054496 -0.350111
0.609 1 0.609 0.0563215 -0.348834
0.61 1 0.61 0.05815 -0.347547
0.611 1 0.611 0.0599815 -0.346252
0.612 1 0.612 0.061816 -0.344948
0.613 1 0.613 0.0636535 -0.343634
0.614 1 0.614 0.065494 -0.342311
0.615 1 0.615 0.0673375 -0.340979
0.616 1 0.616 0.069184 -0.339638
0.617 1 0.617 0.0710335 -0.338287
0.618 1 0.618 0.072886 -0.336927
0.619 1 0.619 0.0747415 -0.335558
0.62 1 0.62 0.0766 -0.33418
0.621 1 0.621 0.0784615 -0.332792
0.622 1 0.622 0.080326 -0.331395
0.623 1 0.623 0.0821935 -0.329989
0.624 1 0.624 0.084064 -0.328573
0.625 1 0.625 0.0859375 -0.327148
0.626 1 0.626 0.087814 -0.325714
0.627 1 0.627 0.0896935 -0.32427
0.628 1 0.628 0.091576 -0.322817
0.629 1 0.629 0.0934615 -0.321355
0.63 1 0.63 0.09535 -0.319882
0.631 1 0.631 0.0972415 -0.318401
0.632 1 0.632 0.099136 -0.31691
0.633 1 0.633 0.101034 -0.31541
0.634 1 0.634 0.102934 -0.3139
0.635 1 0.635 0.104838 -0.31238
0.636 1 0.636 0.106744 -0.310851
0.637 1 0.637 0.108654 -0.309313
0.638 1 0.638 0.110566 -0.307765
0.639 1 0.639 0.112482 -0.306207
0.64 1 0.64 0.1144 -0.30464
0.641 1 0.641 0.116322 -0.303063
0.642 1 0.642 0.118246 -0.301477
0.643 1 0.643 0.120174 -0.299881
0.644 1 0.644 0.122104 -0.298275
0.645 1 0.645 0.124038 -0.29666
0.646 1 0.646 0.125974 -0.295035
0.647 1 0.647 0.127914 -0.2934
0.648 1 0.648 0.129856 -0.291756
0.649 1 0.649 0.131802 -0.290101
0.65 1 0.65 0.13375 -0.288437
0.651 1 0.651 0.135702 -0.286764
0.652 1 0.652 0.137656 -0.28508
0.653 1 0.653 0.139614 -0.283387
0.654 1 0.654 0.141574 -0.281684
0.655 1 0.655 0.143538 -0.279972
0.656 1 0.656 0.145504 -0.278249
0.657 1 0.657 0.147474 -0.276517
0.658 1 0.658 0.149446 -0.274774
0.659 1 0.659 0.151422 -0.273022
0.66 1 0.66 0.1534 -0.27126
0.661 1 0.661 0.155382 -0.269488
0.662 1 0.662 0.157366 -0.267706
0.663 1 0.663 0.159354 -0.265914
0.664 1 0.664 0.161344 -0.264113
0.665 1 0.665 0.163338 -0.262301
0.666 1 0.666 0.165334 -0.260479
0.667 1 0.667 0.167334 -0.258648
0.668 1 0.668 0.169336 -0.256806
0.669 1 0.669 0.171342 -0.254954
0.67 1 0.67 0.17335 -0.253092
0.671 1 0.671 0.175362 -0.251221
0.672 1 0.672 0.177376 -0.249339
0.673 1 0.673 0.179394 -0.247447
0.674 1 0.674 0.181414 -0.245545
0.675 1 0.675 0.183438 -0.243633
0.676 1 0.676 0.185464 -0.241711
0.677 1 0.677 0.187494 -0.239778
0.678 1 0.678 0.189526 -0.237836
0.679 1 0.679 0.191562 -0.235883
0.68 1 0.68 0.1936 -0.23392
0.681 1 0.681 0.195642 -0.231947
0.682 1 0.682 0.197686 -0.229964
0.683 1 0.683 0.199734 -0.22797
0.684 1 0.684 0.201784 -0.225966
0.685 1 0.685 0.203838 -0.223952
0.686 1 0.686 0.205894 -0.221928
0.687 1 0.687 0.207954 -0.219893
0.688 1 0.688 0.210016 -0.217848
0.689 1 0.689 0.212082 -0.215793
0.69 1 0.69 0.21415 -0.213727
0.691 1 0.691 0.216222 -0.211652
0.692 1 0.692 0.218296 -0.209565
0.693 1 0.693 0.220374 -0.207469
0.694 1 0.694 0.222454 -0.205362
0.695 1 0.695 0.224538 -0.203244
0.696 1 0.696 0.226624 -0.201116
0.697 1 0.697 0.228714 -0.198978
0.698 1 0.698 0.230806 -0.196829
0.699 1 0.699 0.232902 -0.19467
0.7 1 0.7 0.235 -0.1925
0.701 1 0.701 0.237102 -0.19032
0.702 1 0.702 0.239206 -0.188129
0.703 1 0.703 0.241314 -0.185928
0.704 1 0.704 0.243424 -0.183716
0.705 1 0.705 0.245538 -0.181493
0.706 1 0.706 0.247654 -0.17926
0.707 1 0.707 0.249774 -0.177017
0.708 1 0.708 0.251896 -0.174763
0.709 1 0.709 0.254022 -0.172498
0.71 1 0.71 0.25615 -0.170222
0.711 1 0.711 0.258282 -0.167936
0.712 1 0.712 0.260416 -0.16564
0.713 1 0.713 0.262554 -0.163332
0.714 1 0.714 0.264694 -0.161014
0.715 1 0.715 0.266838 -0.158685
0.716 1 0.716 0.268984 -0.156346
0.717 1 0.717 0.271134 -0.153995
0.718 1 0.718 0.273286 -0.151634
0.719 1 0.719 0.275442 -0.149263
0.72 1 0.72 0.2776 -0.14688
0.721 1 0.721 0.279762 -0.144487
0.722 1 0.722 0.281926 -0.142082
0.723 1 0.723 0.284094 -0.139667
0.724 1 0.724 0.286264 -0.137241
0.725 1 0.725 0.288438 -0.134805
0.726 1 0.726 0.290614 -0.132357
0.727 1 0.727 0.292794 -0.129899
0.728 1 0.728 0.294976 -0.127429
0.729 1 0.729 0.297162 -0.124949
0.73 1 0.73 0.29935 -0.122457
0.731 1 0.731 0.301542 -0.119955
0.732 1 0.732 0.303736 -0.117442
0.733 1 0.733 0.305934 -0.114918
0.734 1 0.734 0.308134 -0.112383
0.735 1 0.735 0.310338 -0.109837
0.736 1 0.736 0.312544 -0.107279
0.737 1 0.737 0.314754 -0.104711
0.738 1 0.738 0.316966 -0.102132
0.739 1 0.739 0.319182 -0.0995415
0.74 1 0.74 0.3214 -0.09694
0.741 1 0.741 0.323622 -0.0943274
0.742 1 0.742 0.325846 -0.0917038
0.743 1 0.743 0.328074 -0.089069
0.744 1 0.744 0.330304 -0.086423
0.745 1 0.745 0.332538 -0.0837659
0.746 1 0.746 0.334774 -0.0810977
0.747 1 0.747 0.337014 -0.0784182
0.748 1 0.748 0.339256 -0.0757275
0.749 1 0.749 0.341502 -0.0730256
0.75 1 0.75 0.34375 -0.0703125
0.751 1 0.751 0.346002 -0.0675881
0.752 1 0.752 0.348256 -0.0648525
0.753 1 0.753 0.350514 -0.0621056
0.754 1 0.754 0.352774 -0.0593473
0.755 1 0.755 0.355038 -0.0565778
0.756 1 0.756 0.357304 -0.053797
0.757 1 0.757 0.359574 -0.0510048
0.758 1 0.758 0.361846 -0.0482012
0.759 1 0.759 0.364122 -0.0453863
0.76 1 0.76 0.3664 -0.04256
0.761 1 0.761 0.368682 -0.0397223
0.762 1 0.762 0.370966 -0.0368732
0.763 1 0.763 0.373254 -0.0340126
0.764 1 0.764 0.375544 -0.0311406
0.765 1 0.765 0.377838 -0.0282572
0.766 1 0.766 0.380134 -0.0253623
0.767 1 0.767 0.382434 -0.0224558
0.768 1 0.768 0.384736 -0.0195379
0.769 1 0.769 0.387042 -0.0166085
0.77 1 0.77 0.38935 -0.0136675
0.771 1 0.771 0.391662 -0.010715
0.772 1 0.772 0.393976 -0.00775088
0.773 1 0.773 0.396294 -0.00477521
0.774 1 0.774 0.398614 -0.00178794
0.775 1 0.775 0.400938 0.00121094
0.776 1 0.776 0.403264 0.00422144
0.777 1 0.777 0.405594 0.00724358
0.778 1 0.778 0.407926 0.0102774
0.779 1 0.779 0.410262 0.0133228
0.78 1 0.78 0.4126 0.01638
0.781 1 0.781 0.414942 0.0194489
0.782 1 0.782 0.417286 0.0225294
0.783 1 0.783 0.419634 0.0256217
0.784 1 0.784 0.421984 0.0287258
0.785 1 0.785 0.424338 0.0318416
0.786 1 0.786 0.426694 0.0349691
0.787 1 0.787 0.429054 0.0381085
0.788 1 0.788 0.431416 0.0412597
0.789 1 0.789 0.433782 0.0444227
0.79 1 0.79 0.43615 0.0475975
0.791 1 0.791 0.438522 0.0507842
0.792 1 0.792 0.440896 0.0539827
0.793 1 0.793 0.443274 0.0571931
0.794 1 0.794 0.445654 0.0604155
0.795 1 0.795 0.448038 0.0636497
0.796 1 0.796 0.450424 0.0668958
0.797 1 0.797 0.452814 0.0701539
0.798 1 0.798 0.455206 0.073424
0.799 1 0.799 0.457602 0.076706
0.8 1 0.8 0.46 0.08
0.801 1 0.801 0.462402 0.083306
0.802 1 0.802 0.464806 0.086624
0.803 1 0.803 0.467214 0.0899541
0.804 1 0.804 0.469624 0.0932962
0.805 1 0.805 0.472038 0.0966503
0.806 1 0.806 0.474454 0.100017
0.807 1 0.807 0.476874 0.103395
0.808 1 0.808 0.479296 0.106785
0.809 1 0.809 0.481722 0.110188
0.81 1 0.81 0.48415 0.113603
0.811 1 0.811 0.486582 0.117029
0.812 1 0.812 0.489016 0.120468
0.813 1 0.813 0.491454 0.123919
0.814 1 0.814 0.493894 0.127383
0.815 1 0.815 0.496338 0.130858
0.816 1 0.816 0.498784 0.134346
0.817 1 0.817 0.501234 0.137846
0.818 1 0.818 0.503686 0.141359
0.819 1 0.819 0.506142 0.144883
0.82 1 0.82 0.5086 0.14842
0.821 1 0.821 0.511062 0.151969
0.822 1 0.822 0.513526 0.155531
0.823 1 0.823 0.515994 0.159104
0.824 1 0.824 0.518464 0.162691
0.825 1 0.825 0.520938 0.166289
0.826 1 0.826 0.523414 0.1699
0.827 1 0.827 0.525894 0.173523
0.828 1 0.828 0.528376 0.177159
0.829 1 0.829 0.530862 0.180807
0.83 1 0.83 0.53335 0.184468
0.831 1 0.831 0.535842 0.18814
0.832 1 0.832 0.538336 0.191826
0.833 1 0.833 0.540834 0.195524
0.834 1 0.834 0.543334 0.199234
0.835 1 0.835 0.545838 0.202957
0.836 1 0.836 0.548344 0.206693
0.837 1 0.837 0.550854 0.210441
0.838 1 0.838 0.553366 0.214201
0.839 1 0.839 0.555882 0.217974
0.84 1 0.84 0.5584 0.22176
0.841 1 0.841 0.560922 0.225558
0.842 1 0.842 0.563446 0.229369
0.843 1 0.843 0.565974 0.233193
0.844 1 0.844 0.568504 0.237029
0.845 1 0.845 0.571038 0.240878
0.846 1 0.846 0.573574 0.244739
0.847 1 0.847 0.576114 0.248614
0.848 1 0.848 0.578656 0.2525
0.849 1 0.849 0.581202 0.2564
0.85 1 0.85 0.58375 0.260313
0.851 1 0.851 0.586302 0.264238
0.852 1 0.852 0.588856 0.268176
0.853 1 0.853 0.591414 0.272126
0.854 1 0.854 0.593974 0.27609
0.855 1 0.855 0.596538 0.280066
0.856 1 0.856 0.599104 0.284055
0.857 1 0.857 0.601674 0.288057
0.858 1 0.858 0.604246 0.292072
0.859 1 0.859 0.606822 0.296099
0.86 1 0.86 0.6094 0.30014
0.861 1 0.861 0.611982 0.304193
0.862 1 0.862 0.614566 0.30826
0.863 1 0.863 0.617154 0.312339
0.864 1 0.864 0.619744 0.316431
0.865 1 0.865 0.622338 0.320537
0.866 1 0.866 0.624934 0.324655
0.867 1 0.867 0.627534 0.328786
0.868 1 0.868 0.630136 0.33293
0.869 1 0.869 0.632742 0.337087
0.87 1 0.87 0.63535 0.341258
0.871 1 0.871 0.637962 0.345441
0.872 1 0.872 0.640576 0.349637
0.873 1 0.873 0.643194 0.353847
0.874 1 0.874 0.645814 0.358069
0.875 1 0.875 0.648438 0.362305
0.876 1 0.876 0.651064 0.366553
0.877 1 0.877 0.653694 0.370815
0.878 1 0.878 0.656326 0.37509
0.879 1 0.879 0.658962 0.379379
0.88 1 0.88 0.6616 0.38368
0.881 1 0.881 0.664242 0.387995
0.882 1 0.882 0.666886 0.392322
0.883 1 0.883 0.669534 0.396663
0.884 1 0.884 0.672184 0.401018
0.885 1 0.885 0.674838 0.405385
0.886 1 0.886 0.677494 0.409766
0.887 1 0.887 0.680154 0.41416
0.888 1 0.888 0.682816 0.418568
0.889 1 0.889 0.685482 0.422988
0.89 1 0.89 0.68815 0.427423
0.891 1 0.891 0.690822 0.43187
0.892 1 0.892 0.693496 0.436331
0.893 1 0.893 0.696174 0.440805
0.894 1 0.894 0.698854 0.445292
0.895 1 0.895 0.701538 0.449793
0.896 1 0.896 0.704224 0.454308
0.897 1 0.897 0.706914 0.458836
0.898 1 0.898 0.709606 0.463377
0.899 1 0.899 0.712302 0.467932
0.9 1 0.9 0.715 0.4725
0.901 1 0.901 0.717702 0.477082
0.902 1 0.902 0.720406 0.481677
0.903 1 0.903 0.723114 0.486286
0.904 1 0.904 0.725824 0.490908
0.905 1 0.905 0.728538 0.495544
0.906 1 0.906 0.731254 0.500194
0.907 1 0.907 0.733974 0.504857
0.908 1 0.908 0.736696 0.509533
0.909 1 0.909 0.739422 0.514224
0.91 1 0.91 0.74215 0.518928
0.911 1 0.911 0.744882 0.523645
0.912 1 0.912 0.747616 0.528376
0.913 1 0.913 0.750354 0.533121
0.914 1 0.914 0.753094 0.53788
0.915 1 0.915 0.755838 0.542652
0.916 1 0.916 0.758584 0.547438
0.917 1 0.917 0.761334 0.552238
0.918 1 0.918 0.764086 0.557052
0.919 1 0.919 0.766842 0.561879
0.92 1 0.92 0.7696 0.56672
0.921 1 0.921 0.772362 0.571575
0.922 1 0.922 0.775126 0.576444
0.923 1 0.923 0.777894 0.581326
0.924 1 0.924 0.780664 0.586223
0.925 1 0.925 0.783438 0.591133
0.926 1 0.926 0.786214 0.596057
0.927 1 0.927 0.788994 0.600995
0.928 1 0.928 0.791776 0.605947
0.929 1 0.929 0.794562 0.610913
0.93 1 0.93 0.79735 0.615893
0.931 1 0.931 0.800142 0.620886
0.932 1 0.932 0.802936 0.625894
0.933 1 0.933 0.805734 0.630916
0.934 1 0.934 0.808534 0.635951
0.935 1 0.935 0.811338 0.641001
0.936 1 0.936 0.814144 0.646065
0.937 1 0.937 0.816954 0.651142
0.938 1 0.938 0.819766 0.656234
0.939 1 0.939 0.822582 0.66134
0.94 1 0.94 0.8254 0.66646
0.941 1 0.941 0.828222 0.671594
0.942 1 0.942 0.831046 0.676742
0.943 1 0.943 0.833874 0.681905
0.944 1 0.944 0.836704 0.687081
0.945 1 0.945 0.839538 0.692272
0.946 1 0.946 0.842374 0.697476
0.947 1 0.947 0.845214 0.702695
0.948 1 0.948 0.848056 0.707928
0.949 1 0.949 0.850902 0.713176
0.95 1 0.95 0.85375 0.718438
0.951 1 0.951 0.856602 0.723713
0.952 1 0.952 0.859456 0.729004
0.953 1 0.953 0.862314 0.734308
0.954 1 0.954 0.865174 0.739627
0.955 1 0.955 0.868038 0.74496
0.956 1 0.956 0.870904 0.750307
0.957 1 0.957 0.873774 0.755669
0.958 1 0.958 0.876646 0.761045
0.959 1 0.959 0.879522 0.766435
0.96 1 0.96 0.8824 0.77184
0.961 1 0.961 0.885282 0.777259
0.962 1 0.962 0.888166 0.782693
0.963 1 0.963 0.891054 0.788141
0.964 1 0.964 0.893944 0.793603
0.965 1 0.965 0.896838 0.79908
0.966 1 0.966 0.899734 0.804572
0.967 1 0.967 0.902634 0.810078
0.968 1 0.968 0.905536 0.815598
0.969 1 0.969 0.908442 0.821133
0.97 1 0.97 0.91135 0.826683
0.971 1 0.971 0.914262 0.832247
0.972 1 0.972 0.917176 0.837825
0.973 1 0.973 0.920094 0.843418
0.974 1 0.974 0.923014 0.849026
0.975 1 0.975 0.925938 0.854648
0.976 1 0.976 0.928864 0.860285
0.977 1 0.977 0.931794 0.865937
0.978 1 0.978 0.934726 0.871603
0.979 1 0.979 0.937662 0.877284
0.98 1 0.98 0.9406 0.88298
0.981 1 0.981 0.943542 0.88869
0.982 1 0.982 0.946486 0.894415
0.983 1 0.983 0.949434 0.900155
0.984 1 0.984 0.952384 0.90591
0.985 1 0.985 0.955338 0.911679
0.986 1 0.986 0.958294 0.917463
0.987 1 0.987 0.961254 0.923262
0.988 1 0.988 0.964216 0.929076
0.989 1 0.989 0.967182 0.934904
0.99 1 0.99 0.97015 0.940748
0.991 1 0.991 0.973122 0.946606
0.992 1 0.992 0.976096 0.952479
0.993 1 0.993 0.979074 0.958367
0.994 1 0.994 0.982054 0.964269
0.995 1 0.995 0.985038 0.970187
0.996 1 0.996 0.988024 0.97612
0.997 1 0.997 0.991014 0.982067
0.998 1 0.998 0.994006 0.98803
0.999 1 0.999 0.997002 0.994007
