0  1.0099  2.0095  9.9993  
0.01  1.02939  2.02704  9.99728  
0.02  1.0578  2.04987  9.99425  
0.03  1.09403  2.07429  9.99021  
0.04  1.13645  2.09614  9.98515  
0.05  1.1828  2.11145  9.97908  
0.06  1.23015  2.11696  9.97199  
0.07  1.27495  2.11047  9.96389  
0.08  1.31321  2.09088  9.95476  
0.09  1.34081  2.05793  9.9446  
0.1  1.35384  2.01181  9.93342  
0.11  1.34891  1.9528  9.92121  
0.12  1.32319  1.88091  9.90797  
0.13  1.27429  1.79565  9.89368  
0.14  1.19979  1.69586  9.87835  
0.15  1.09661  1.5795  9.86198  
0.16  0.960088  1.44327  9.84454  
0.17  0.782816  1.28208  9.82605  
0.18  0.553047  1.08801  9.80649  
0.19  0.253167  0.848651  9.78586  
0.2  -0.138843  0.544427  9.76416  
0.21  -0.633705  0.146391  9.74136  
0.22  -1.18238  -0.37645  9.71747  
0.23  -1.63928  -1.00852  9.69248  
0.24  -1.87879  -1.5947  9.66637  
0.25  -1.92025  -1.92847  9.63914  
0.26  -1.84213  -2.00401  9.61079  
0.27  -1.6945  -1.93246  9.58129  
0.28  -1.49422  -1.78556  9.55064  
0.29  -1.23693  -1.58723  9.51883  
0.3  -0.899913  -1.3356  9.48584  
0.31  -0.434749  -1.01022  9.45167  
0.32  0.236954  -0.565744  9.4163  
0.33  1.11549  0.0789127  9.37971  
0.34  1.80939  0.966321  9.34189  
0.35  1.99939  1.74959  9.30282  
0.36  1.90103  2.0008  9.2625  
0.37  1.68572  1.9158  9.2209  
0.38  1.39008  1.69978  9.178  
0.39  0.989541  1.3994  9.13379  
0.4  0.403642  0.990338  9.08824  
0.41  -0.509441  0.387119  9.04135  
0.42  -1.57666  -0.559931  8.99307  
0.43  -1.99673  -1.63148  8.94339  
0.44  -1.89882  -2.00125  8.8923  
0.45  -1.62657  -1.87518  8.83975  
0.46  -1.23757  -1.5839  8.78573  
0.47  -0.665239  -1.16846  8.7302  
0.48  0.276794  -0.543295  8.67315  
0.49  1.53167  0.500511  8.61452  
0.5  2.00168  1.71048  8.5543  
0.51  1.84024  1.99535  8.49245  
0.52  1.48628  1.7724  8.42893  
0.53  0.961056  1.37858  8.3637  
0.54  0.0902452  0.783508  8.29672  
0.55  -1.30269  -0.244163  8.22794  
0.56  -1.99748  -1.63885  8.15733  
0.57  -1.83101  -1.9925  8.08482  
0.58  -1.42325  -1.72479  8.01037  
0.59  -0.786635  -1.25347  7.93392  
0.6  0.360622  -0.487676  7.85541  
0.61  1.78913  0.908322  7.77477  
0.62  1.95195  1.97164  7.69194  
0.63  1.58987  1.849  7.60683  
0.64  0.991602  1.40086  7.51938  
0.65  -0.0922849  0.664355  7.42949  
0.66  -1.69754  -0.740243  7.33708  
0.67  -1.95648  -1.966  7.24203  
0.68  -1.5625  -1.82908  7.14424  
0.69  -0.885862  -1.3242  7.0436  
0.7  0.421171  -0.447122  6.93997  
0.71  1.91635  1.2308  6.8332  
0.72  1.85174  1.99831  6.72315  
0.73  1.32629  1.65114  6.60964  
0.74  0.381703  0.975707  6.49248  
0.75  -1.41501  -0.362112  6.37145  
0.76  -1.97405  -1.93504  6.24633  
0.77  -1.53671  -1.81006  6.11684  
0.78  -0.71961  -1.20633  5.98268  
0.79  0.985199  -0.0381499  5.84351  
0.8  1.99992  1.81147  5.69893  
0.81  1.60558  1.86029  5.5485  
0.82  0.792899  1.2579  5.39169  
0.83  -0.950905  0.0655256  5.22788  
0.84  -1.99679  -1.84289  5.05633  
0.85  -1.55629  -1.82452  4.87615  
0.86  -0.640563  -1.15138  4.68624  
0.87  1.32543  0.267049  4.48525  
0.88  1.94744  1.97655  4.27143  
0.89  1.37229  1.6861  4.0425  
0.9  0.178471  0.841283  3.79536  
0.91  -1.85863  -1.06571  3.5256  
0.92  -1.77582  -1.96886  3.22661  
0.93  -0.980438  -1.3927  2.88765  
0.94  0.847461  -0.145505  2.48907  
0.95  1.98315  1.91001  1.98787  
0.96  1.41173  1.71606  1.25596  
0.97  0.129887  0.809438  -0.283578  
0.98  -1.93704  -1.30297  -2.00528  
0.99  -1.67148  -1.90604  -1.54218  
1  -0.672764  -1.17368  -0.380724  
1.01  1.58069  0.565034  1.85076  
1.02  1.82673  1.99105  1.7188  
1.03  0.967154  1.38302  0.733045  
1.04  -1.14058  -0.0925462  -1.55752  
1.05  -1.90839  -1.99936  -1.81671  
1.06  -1.11666  -1.49316  -0.908747  
1.07  0.869631  -0.128666  1.33355  
1.08  1.93894  1.98421  1.85606  
1.09  1.16156  1.5267  0.961035  
1.1  -0.835081  0.154842  -1.30273  
1.11  -1.93217  -1.98904  -1.84711  
1.12  -1.11224  -1.48987  -0.903588  
1.13  1.03989  0.0065226  1.478  
1.14  1.88454  2.00225  1.78735  
1.15  0.95725  1.37581  0.72132  
1.16  -1.44797  -0.399334  -1.77188  
1.17  -1.77785  -1.96989  -1.66238  
1.18  -0.65439  -1.16094  -0.358629  
1.19  1.86238  1.07527  1.98095  
1.2  1.58754  1.84732  1.44715  
1.21  0.095791  0.787134  -0.314296  
1.22  -2.0013  -1.78865  -1.96503  
1.23  -1.27443  -1.61179  -1.09149  
1.24  0.902854  -0.103133  1.36271  
1.25  1.8553  1.99908  1.75232  
1.26  0.739215  1.22006  0.460907  
1.27  -1.88296  -1.13023  -1.98745  
1.28  -1.51109  -1.79099  -1.36093  
1.29  0.314878  -0.518094  0.782963  
1.3  1.93636  1.98617  1.85262  
1.31  0.905415  1.33828  0.6598  
1.32  -1.80012  -0.931106  -1.95779  
1.33  -1.5311  -1.8059  -1.38352  
1.34  0.374632  -0.478324  0.847507  
1.35  1.90487  2.00018  1.81232  
1.36  0.741603  1.22174  0.463779  
1.37  -1.95419  -1.37142  -2.00201  
1.38  -1.34558  -1.66579  -1.17303  
1.39  1.09403  0.0521233  1.52131  
1.4  1.7264  1.94115  1.60381  
1.41  0.102846  0.791747  -0.305947  
1.42  -1.95995  -1.96115  -1.88512  
1.43  -0.834717  -1.2876  -0.575477  
1.44  1.95484  1.37424  2.00204  
1.45  1.28039  1.6163  1.09835  
1.46  -1.43674  -0.386501  -1.76482  
1.47  -1.58182  -1.84317  -1.4407  
1.48  0.55969  -0.352732  1.03993  
1.49  1.79432  1.97785  1.68128  
1.5  0.147178  0.820763  -0.253328  
1.51  -1.93491  -1.98721  -1.85071  
1.52  -0.610608  -1.13073  -0.305698  
1.53  1.99954  1.81623  1.95781  
1.54  0.916896  1.34656  0.673448  
1.55  -1.97559  -1.47511  -2.0013  
1.56  -1.1257  -1.4999  -0.919291  
1.57  1.86559  1.08356  1.98201  
1.58  1.26866  1.60741  1.08486  
1.59  -1.70766  -0.757207  -1.91655  
1.6  -1.36265  -1.67877  -1.19252  
1.61  1.56087  0.538414  1.83929  
1.62  1.41687  1.71996  1.25424  
1.63  -1.4728  -0.428288  -1.78725  
1.64  -1.43606  -1.7345  -1.27602  
1.65  1.46652  0.420884  1.78339  
1.66  1.4218  1.72369  1.25984  
1.67  -1.5435  -0.515676  -1.82934  
1.68  -1.37291  -1.68657  -1.20422  
1.69  1.6841  0.718217  1.90504  
1.7  1.28519  1.61994  1.10385  
1.71  -1.84413  -1.02996  -1.97465  
1.72  -1.1502  -1.5182  -0.947836  
1.73  1.96438  1.41749  2.00223  
1.74  0.952546  1.37239  0.715748  
1.75  -2.00182  -1.77502  -1.96822  
1.76  -0.663399  -1.16718  -0.36951  
1.77  1.94939  1.9745  1.87023  
1.78  0.228151  0.873939  -0.156583  
1.79  -1.81929  -1.98835  -1.71013  
1.8  0.439159  -0.435001  0.915929  
1.81  1.61776  1.86896  1.48118  
1.82  -1.31561  -0.257113  -1.68492  
1.83  -1.33156  -1.65514  -1.15701  
1.84  1.91729  1.23389  1.99645  
1.85  0.912964  1.34372  0.668776  
1.86  -1.97916  -1.92207  -1.91473  
1.87  -0.237086  -0.879824  0.145865  
1.88  1.76982  1.96576  1.6532  
1.89  -0.900953  0.104604  -1.36105  
1.9  -1.41171  -1.71604  -1.24838  
1.91  1.89998  1.17946  1.99225  
1.92  0.851844  1.29982  0.595946  
1.93  -1.94053  -1.98292  -1.85819  
1.94  0.162807  -0.618239  0.614033  
1.95  1.5987  1.85536  1.45971  
1.96  -1.66079  -0.681305  -1.89329  
1.97  -1.0206  -1.42211  -0.796135  
1.98  1.97093  1.94188  1.90152  
1.99  -0.0742409  0.676138  -0.512923  
2  -1.59055  -1.84949  -1.45054  
2.01  1.75661  0.844573  1.93924  
2.02  0.88705  1.32506  0.63794  
2.03  -1.91044  -1.9988  -1.81928  
2.04  0.591611  -0.330588  1.0719  
2.05  1.38287  1.69414  1.21557  
2.06  -1.99283  -1.59208  -1.99486  
2.07  -0.340106  -0.947993  0.0218123  
2.08  1.67769  1.91017  1.54872  
2.09  -1.68852  -0.725397  -1.90723  
2.1  -0.841699  -1.29258  -0.583825  
2.11  1.85465  1.99894  1.75155  
2.12  -1.10926  -0.0652165  -1.53326  
2.13  -1.11896  -1.49487  -0.911431  
2.14  1.94734  1.97666  1.8674  
2.15  -0.642953  0.294597  -1.12251  
2.16  -1.2654  -1.60495  -1.08111  
2.17  1.98308  1.91023  1.92145  
2.18  -0.420656  0.447468  -0.896449  
2.19  -1.31739  -1.64437  -1.14078  
2.2  1.98888  1.88841  1.93216  
2.21  -0.431154  0.4404  -0.907515  
2.22  -1.28585  -1.62044  -1.10462  
2.23  1.97293  1.9376  1.90463  
2.24  -0.675871  0.271258  -1.15443  
2.25  -1.16428  -1.52874  -0.964194  
2.26  1.91653  1.99682  1.82697  
2.27  -1.1625  -0.112004  -1.57422  
2.28  -0.92407  -1.35175  -0.68197  
2.29  1.79118  1.97639  1.67768  
2.3  -1.73389  -0.802875  -1.92893  
2.31  -0.490608  -1.04888  -0.160356  
2.32  1.56955  1.83424  1.42688  
2.33  -1.99906  -1.65933  -1.98791  
2.34  0.315564  -0.517639  0.78371  
2.35  1.20518  1.55947  1.01162  
2.36  -1.88944  -2.00213  -1.7933  
2.37  1.53178  0.500641  1.82254  
2.38  0.562775  1.09794  0.247795  
2.39  -1.55056  -1.8203  -1.40547  
2.4  2.00062  1.80123  1.96187  
2.41  -0.742037  0.22364  -1.2173  
2.42  -0.947519  -1.36874  -0.709791  
2.43  1.71719  1.93553  1.59337  
2.44  -1.97242  -1.45786  -2.00172  
2.45  0.331769  -0.506882  0.801319  
2.46  1.08377  1.46872  0.870301  
2.47  -1.76627  -1.96389  -1.64915  
2.48  1.95408  1.37095  2.002  
2.49  -0.334781  0.50488  -0.804584  
2.5  -1.03803  -1.43492  -0.816645  
2.51  1.71562  1.93456  1.5916  
2.52  -1.996  -1.62235  -1.99206  
2.53  0.751807  -0.216522  1.22644  
2.54  0.78953  1.25551  0.521355  
2.55  -1.54687  -1.81758  -1.40131  
2.56  1.96701  1.94955  1.89553  
2.57  -1.54406  -0.516399  -1.82967  
2.58  -0.199083  -0.854819  0.191397  
2.59  1.19787  1.55397  1.00316  
2.6  -1.75364  -1.95701  -1.63475  
2.61  2  1.67382  1.98604  
2.62  -1.06939  -0.0311936  -1.50176  
2.63  -0.474353  -1.0379  -0.140658  
2.64  1.29583  1.62801  1.11607  
2.65  -1.78474  -1.97331  -1.67028  
2.66  1.99983  1.67096  1.98642  
2.67  -1.19344  -0.139988  -1.59745  
2.68  -0.301107  -0.922114  0.068864  
2.69  1.15042  1.51836  0.948081  
2.7  -1.65853  -1.8973  -1.52711  
2.71  1.96858  1.94659  1.89791  
2.72  -1.78505  -0.900039  -1.95155  
2.73  0.471595  -0.41305  0.949799  
2.74  0.657563  1.16314  0.362462  
2.75  -1.30169  -1.63246  -1.1228  
2.76  1.72109  1.93792  1.59778  
2.77  -1.97845  -1.92404  -1.91354  
2.78  1.81704  0.967564  1.96452  
2.79  -0.694706  0.257802  -1.1725  
2.8  -0.425052  -1.00472  -0.0809334  
2.81  1.09672  1.47833  0.885455  
2.82  -1.53498  -1.80878  -1.3879  
2.83  1.84307  1.99614  1.7379  
2.84  -2.00145  -1.7852  -1.96585  
2.85  1.72511  0.787304  1.92484  
2.86  -0.701195  0.253149  -1.1787  
2.87  -0.295192  -0.918198  0.0759912  
2.88  0.933287  1.35842  0.692912  
2.89  -1.36045  -1.6771  -1.19001  
2.9  1.67193  1.90634  1.54222  
2.91  -1.89825  -2.00133  -1.80411  
2.92  2.00225  1.74276  1.97492  
2.93  -1.7946  -0.919582  -1.95553  
2.94  1.04583  0.0114564  1.48281  
2.95  -0.140894  0.632582  -0.589188  
2.96  -0.526865  -1.07347  -0.204292  
2.97  0.985226  1.3962  0.754411  
2.98  -1.31868  -1.64536  -1.14227  
2.99  1.57549  1.83857  1.43357  
3  -1.77752  -1.96972  -1.662  
3.01  1.92736  1.9919  1.84085  
3.02  -2.00127  -1.78938  -1.96485  
3.03  1.9264  1.26469  1.99832  
3.04  -1.58873  -0.576063  -1.85491  
3.05  0.995095  -0.0301619  1.4412  
3.06  -0.358407  0.489153  -0.830091  
3.07  -0.165182  -0.832564  0.231883  
3.08  0.562333  1.09764  0.24726  
3.09  -0.865278  -1.30943  -0.611984  
3.1  1.10327  1.4832  0.893114  
3.11  -1.2958  -1.62799  -1.11604  
3.12  1.45509  1.7489  1.2976  
3.13  -1.58873  -1.84818  -1.44849  
3.14  1.70138  1.92559  1.57548  
3.15  -1.79569  -1.97848  -1.68286  
3.16  1.87289  2.00173  1.77329  
3.17  -1.93302  -1.98849  -1.84823  
3.18  1.97526  1.93219  1.90835  
3.19  -1.99825  -1.8301  -1.95373  
3.2  2.00072  1.68679  1.98423  
3.21  -1.98227  -1.51467  -1.99984  
3.22  1.94423  1.33053  2.00111  
3.23  -1.89011  -1.15045  -1.98954  
3.24  1.82545  0.98638  1.96776  
3.25  -1.75704  -0.845388  -1.93943  
3.26  1.69179  0.730749  1.90884  
3.27  -1.6358  -0.643392  -1.88032  
3.28  1.59383  0.583117  1.85772  
3.29  -1.56911  -0.549389  -1.84396  
3.3  1.56341  0.541783  1.84073  
3.31  -1.57712  -0.560189  -1.84846  
3.32  1.60929  0.604863  1.86617  
3.33  -1.65756  -0.676311  -1.89163  
3.34  1.71805  0.775002  1.92152  
3.35  -1.78542  -0.900785  -1.95171  
3.36  1.85313  1.05193  1.97781  
3.37  -1.91419  -1.22377  -1.99575  
3.38  1.96221  1.40726  2.00225  
3.39  -1.99242  -1.58852  -1.99516  
3.4  2.00224  1.75059  1.9734  
3.41  -1.99115  -1.8779  -1.9367  
3.42  1.96  1.96107  1.8852  
3.43  -1.91019  -1.99887  -1.81897  
3.44  1.84292  1.9961  1.73772  
3.45  -1.75869  -1.9598  -1.6405  
3.46  1.657  1.89625  1.52539  
3.47  -1.53607  -1.80959  -1.38913  
3.48  1.39249  1.70145  1.22653  
3.49  -1.22055  -1.57105  -1.0294  
3.5  1.01099  1.41506  0.784818  
3.51  -0.748955  -1.2269  -0.472622  
3.52  0.41104  0.995327  0.0639671  
3.53  0.0353664  -0.701509  0.467993  
3.54  -0.613585  0.315242  -1.09368  
3.55  1.26092  0.203256  1.6466  
3.56  -1.76596  -0.862391  -1.94336  
3.57  1.98283  1.51823  1.99968  
3.58  -1.98307  -1.91029  -1.92142  
3.59  1.87227  2.00167  1.77254  
3.6  -1.69976  -1.92456  -1.57365  
3.61  1.47642  1.76499  1.32175  
3.62  -1.19169  -1.54932  -0.996005  
3.63  0.814303  1.27307  0.551047  
3.64  -0.280963  -0.908784  0.0931271  
3.65  -0.49615  0.396346  -0.975198  
3.66  1.41364  0.360592  1.75012  
3.67  -1.93959  -1.31261  -2.00051  
3.68  1.98114  1.91634  1.91808  
3.69  -1.815  -1.9867  -1.70516  
3.7  1.55363  1.82256  1.40894  
3.71  -1.20097  -1.5563  -1.00675  
3.72  0.702701  1.19452  0.41693  
3.73  0.0700779  -0.678856  0.508127  
3.74  -1.18252  -0.13004  -1.5893  
3.75  1.92881  1.27315  1.99877  
3.76  -1.96272  -1.95689  -1.88916  
3.77  1.72911  1.94279  1.60688  
3.78  -1.37218  -1.68601  -1.20339  
3.79  0.85707  1.30356  0.602186  
3.8  -0.0250679  -0.740943  0.397549  
3.81  -1.24896  -0.191807  -1.63804  
3.82  1.97879  1.49344  2.00071  
3.83  -1.89595  -2.00161  -1.80129  
3.84  1.56622  1.8318  1.42313  
3.85  -1.07192  -1.45994  -0.856424  
3.86  0.268063  0.900259  -0.10865  
3.87  1.09562  0.0534787  1.52256  
3.88  -1.97862  -1.49243  -2.00075  
3.89  1.86699  2.00107  1.76622  
3.9  -1.47366  -1.76291  -1.31862  
3.91  0.858316  1.30445  0.603674  
3.92  0.245408  -0.563999  0.706582  
3.93  -1.73294  -0.801174  -1.92849  
3.94  1.96319  1.95613  1.88985  
3.95  -1.60863  -1.86246  -1.4709  
3.96  1.01348  1.41688  0.787751  
3.97  0.0657527  -0.681679  0.50314  
3.98  -1.68989  -0.727631  -1.9079  
3.99  1.95567  1.96706  1.87901  
4  -1.55545  -1.8239  -1.41099  
4.01  0.864887  1.30915  0.611517  
4.02  0.481178  -0.40654  0.959736  
4.03  -1.93775  -1.30566  -2.00025  
4.04  1.83159  1.99269  1.72445  
4.05  -1.28507  -1.61985  -1.10372  
4.06  0.287307  0.91298  -0.0854888  
4.07  1.54034  0.511599  1.82752  
4.08  -1.95294  -1.97047  -1.87516  
4.09  1.47953  1.76733  1.32526  
4.1  -0.601038  -1.12415  -0.294118  
4.11  -1.21083  -0.155984  -1.61031  
4.12  1.98411  1.90681  1.92326  
4.13  -1.53024  -1.80526  -1.38255  
4.14  0.638502  1.14995  0.33943  
4.15  1.24903  0.191866  1.63809  
4.16  -1.96914  -1.9455  -1.89877  
4.17  1.45464  1.74856  1.29709  
4.18  -0.420264  -1.00151  -0.0751346  
4.19  -1.62807  -0.631978  -1.87623  
4.2  1.88246  2.00224  1.78482  
4.21  -1.22624  -1.57535  -1.03597  
4.22  -0.178469  0.607976  -0.631718  
4.23  1.97648  1.4801  2.00116  
4.24  -1.66129  -1.89917  -1.53023  
4.25  0.741391  1.22159  0.463524  
4.26  1.3431  0.285163  1.70366  
4.27  -1.91318  -1.99798  -1.82273  
4.28  1.22265  1.57264  1.03182  
4.29  0.356194  -0.490628  0.827709  
4.3  -2.00224  -1.74003  -1.97544  
4.31  1.50485  1.78633  1.35389  
4.32  -0.280868  -0.908721  0.0932415  
4.33  -1.90811  -1.20442  -1.99431  
4.34  1.6735  1.90739  1.544  
4.35  -0.621898  -1.1385  -0.319355  
4.36  -1.70521  -0.753064  -1.91537  
4.37  1.76414  1.96275  1.64671  
4.38  -0.782422  -1.25049  -0.512827  
4.39  -1.56022  -0.537553  -1.83892  
4.4  1.79479  1.97807  1.68183  
4.41  -0.811629  -1.27117  -0.547844  
4.42  -1.57634  -0.559127  -1.84802  
4.43  1.77221  1.96701  1.65594  
4.44  -0.717621  -1.20494  -0.43491  
4.45  -1.74311  -0.819537  -1.93316  
4.46  1.69138  1.91916  1.56418  
4.47  -0.473333  -1.03721  -0.139422  
4.48  -1.93793  -1.30633  -2.00028  
4.49  1.53601  1.80954  1.38906  
4.5  0.00189839  -0.723347  0.429067  
4.51  -1.99943  -1.8176  -1.95742  
4.52  1.27426  1.61166  1.0913  
4.53  0.842085  -0.149565  1.30902  
4.54  -1.87839  -2.00211  -1.77991  
4.55  0.832249  1.28584  0.572526  
4.56  1.7797  0.889306  1.94929  
4.57  -1.59717  -1.85426  -1.45799  
4.58  0.00284937  0.726444  -0.423528  
4.59  1.98671  1.89731  1.92802  
4.6  -1.1162  -1.49282  -0.908211  
4.61  -1.43982  -0.390005  -1.76676  
4.62  1.69427  1.92103  1.56744  
4.63  -0.190164  -0.84896  0.202061  
4.64  -1.99449  -1.85919  -1.944  
4.65  1.10603  1.48525  0.896339  
4.66  1.56361  0.542045  1.84085  
4.67  -1.61937  -1.8701  -1.48299  
4.68  -0.151884  0.625391  -0.601663  
4.69  1.93288  1.98858  1.84804  
4.7  -0.794274  -1.25887  -0.527044  
4.71  -1.94789  -1.34517  -2.0015  
4.72  1.3314  1.65502  1.15682  
4.73  1.20362  0.149325  1.60499  
4.74  -1.68084  -1.91226  -1.55228  
4.75  -0.107684  0.654296  -0.551316  
4.76  1.91144  1.99851  1.82054  
4.77  -0.621474  -1.13821  -0.318841  
4.78  -2.00195  -1.72027  -1.97899  
4.79  1.07183  1.45988  0.856327  
4.8  1.83011  0.997013  1.96952  
4.81  -1.37403  -1.68741  -1.20549  
4.82  -1.30672  -0.248186  -1.67879  
4.83  1.58864  1.84811  1.44838  
4.84  0.658888  -0.283326  1.13801  
4.85  -1.74329  -1.95114  -1.62298  
4.86  -0.137844  0.634578  -0.585721  
4.87  1.85176  1.99831  1.74813  
4.88  -0.220213  -0.868714  0.1661  
4.89  -1.92251  -1.99434  -1.83459  
4.9  0.453971  1.02416  0.115963  
4.91  1.96332  1.95591  1.89004  
4.92  -0.597546  -1.12175  -0.289893  
4.93  -1.98286  -1.91095  -1.92106  
4.94  0.67101  1.17246  0.378699  
4.95  1.98929  1.8866  1.93297  
4.96  -0.683851  -1.18139  -0.394197  
4.97  -1.98692  -1.8965  -1.92841  
4.98  0.637661  1.14937  0.338414  
4.99  1.97399  1.93519  1.90631  
5  -0.52662  -1.0733  -0.203995  
5.01  -1.94362  -1.98023  -1.86235  
5.02  0.335762  0.945105  -0.0270582  
5.03  1.88702  2.00222  1.79036  
5.04  -0.0373684  -0.748972  0.38313  
5.05  -1.79603  -1.97863  -1.68325  
5.06  -0.408837  0.455412  -0.883947  
5.07  1.6629  1.90026  1.53204  
5.08  1.01739  -0.0120098  1.45963  
5.09  -1.47691  -1.76536  -1.32231  
5.1  -1.63779  -0.646346  -1.88137  
5.11  1.21803  1.56915  1.02648  
5.12  1.96889  1.43963  2.00204  
5.13  -0.843656  -1.29397  -0.586164  
5.14  -1.97322  -1.93695  -1.90509  
5.15  0.258605  0.894014  -0.120021  
5.16  1.79588  1.97857  1.68308  
5.17  0.695176  -0.257465  1.17295  
5.18  -1.50153  -1.78385  -1.35014  
5.19  -1.7342  -0.803416  -1.92907  
5.2  1.06236  1.45288  0.845223  
5.21  1.99725  1.83912  1.9509  
5.22  -0.337058  -0.945967  0.0254933  
5.23  -1.77959  -1.97076  -1.66437  
5.24  -0.956108  0.0614022  -1.40847  
5.25  1.3618  1.67812  1.19155  
5.26  1.96228  1.4076  2.00225  
5.27  -0.669888  -1.17168  -0.377345  
5.28  -1.86433  -2.00069  -1.76305  
5.29  -0.68032  0.268086  -1.15871  
5.3  1.408  1.71322  1.24416  
5.31  1.96062  1.3999  2.00224  
5.32  -0.599745  -1.12326  -0.292554  
5.33  -1.81246  -1.98569  -1.70221  
5.34  -1.06992  -0.0316392  -1.50218  
5.35  1.22901  1.57743  1.03916  
5.36  1.99852  1.82748  1.95452  
5.37  -0.0631474  -0.765804  0.352825  
5.38  -1.58771  -1.84744  -1.44734  
5.39  -1.84546  -1.03317  -1.97513  
5.4  0.701091  1.19339  0.41499  
5.41  1.80568  1.98288  1.69437  
5.42  1.30159  0.243062  1.67523  
5.43  -1.0493  -1.44323  -0.829888  
5.44  -1.92739  -1.99189  -1.84087  
5.45  -0.743933  0.222261  -1.21908  
5.46  1.24133  1.58674  1.05338  
5.47  1.98005  1.91956  1.91622  
5.48  0.418788  -0.448725  0.894476  
5.49  -1.32979  -1.6538  -1.15498  
5.5  -1.99387  -1.86301  -1.94258  
5.51  -0.332331  0.506509  -0.801928  
5.52  1.33397  1.65697  1.15976  
5.53  1.98913  1.88731  1.93265  
5.54  0.471527  -0.413096  0.949728  
5.55  -1.2547  -1.59685  -1.06879  
5.56  -1.95714  -1.96512  -1.88109  
5.57  -0.854735  0.139997  -1.32032  
5.58  1.07497  1.4622  0.859998  
5.59  1.869  2.00132  1.76863  
5.6  1.44485  0.39575  1.76992  
5.61  -0.747007  -1.22553  -0.470279  
5.62  -1.69661  -1.92254  -1.57009  
5.63  -1.92076  -1.24542  -1.99719  
5.64  0.149081  0.82201  -0.251062  
5.65  1.40776  1.71304  1.24389  
5.66  1.97839  1.9242  1.91344  
5.67  0.935469  -0.0776989  1.39088  
5.68  -0.923759  -1.35152  -0.681601  
5.69  -1.73837  -1.94828  -1.61739  
5.7  -1.9243  -1.25745  -1.99791  
5.71  -0.00798469  0.719375  -0.436162  
5.72  1.27829  1.61471  1.09593  
5.73  1.89814  2.00134  1.80398  
5.74  1.60652  0.600919  1.86466  
5.75  -0.403901  -0.990547  -0.0553256  
5.76  -1.42932  -1.7294  -1.26838  
5.77  -1.95201  -1.97156  -1.87387  
5.78  -1.42116  -0.36895  -1.75493  
5.79  0.489768  1.04832  0.159338  
5.8  1.43804  1.736  1.27827  
5.81  1.94108  1.98246  1.85892  
5.82  1.56668  0.546144  1.84259  
5.83  -0.297469  -0.919705  0.0732488  
5.84  -1.30753  -1.63689  -1.12949  
5.85  -1.85451  -1.99891  -1.75138  
5.86  -1.89074  -1.15227  -1.98972  
5.87  -0.27994  0.54122  -0.744724  
5.88  0.98666  1.39724  0.756105  
5.89  1.64087  1.88516  1.50721  
5.9  1.99246  1.87107  1.93948  
5.91  1.38199  0.326097  1.72957  
5.92  -0.291542  -0.915781  0.0803893  
5.93  -1.2189  -1.56981  -1.02749  
5.94  -1.75003  -1.95498  -1.63064  
5.95  -2.00208  -1.7264  -1.97792  
5.96  -1.22284  -0.167157  -1.61912  
5.97  0.32177  0.935814  -0.0439456  
5.98  1.18534  1.54455  0.988638  
5.99  1.69674  1.92263  1.57024  
6  1.98912  1.88736  1.93263  
6.01  1.62398  0.626008  1.87406  
6.02  0.163513  -0.617776  0.614831  
6.03  -0.862767  -1.30763  -0.608987  
6.04  -1.45109  -1.74588  -1.29307  
6.05  -1.83612  -1.99413  -1.72975  
6.06  -1.99941  -1.66441  -1.98727  
6.07  -1.39374  -0.338769  -1.73725  
6.08  -0.0450344  0.695201  -0.479196  
6.09  0.852702  1.30043  0.596971  
6.1  1.39418  1.70273  1.22844  
6.11  1.7627  1.96198  1.64508  
6.12  1.98575  1.90095  1.92624  
6.13  1.82575  0.987049  1.96787  
6.14  0.813172  -0.171256  1.28294  
6.15  -0.27824  -0.906983  0.0964051  
6.16  -0.962091  -1.37933  -0.727053  
6.17  -1.40958  -1.71442  -1.24595  
6.18  -1.73051  -1.94363  -1.60847  
6.19  -1.94927  -1.97463  -1.87007  
6.2  -1.97254  -1.45852  -2.00171  
6.21  -1.46881  -0.423582  -1.7848  
6.22  -0.461119  0.420153  -0.938899  
6.23  0.376744  0.972396  0.0224672  
6.24  0.930555  1.35644  0.68967  
6.25  1.3162  1.64347  1.13943  
6.26  1.60479  1.85973  1.46658  
6.27  1.82519  1.99051  1.71699  
6.28  1.9722  1.9392  1.90349  
6.29  1.98015  1.50159  2.0004  
6.3  1.67943  0.710698  1.90271  
6.31  0.990043  -0.034245  1.437  
6.32  0.224989  -0.577437  0.683873  
6.33  -0.368909  -0.96717  -0.0129927  
6.34  -0.796674  -1.26057  -0.529923  
6.35  -1.11471  -1.49171  -0.906473  
6.36  -1.36234  -1.67853  -1.19216  
6.37  -1.56186  -1.82861  -1.41821  
6.38  -1.72493  -1.94026  -1.60214  
6.39  -1.85587  -1.9992  -1.75299  
6.4  -1.95181  -1.97179  -1.87359  
6.41  -2.00026  -1.80683  -1.96039  
6.42  -1.97535  -1.4738  -2.00134  
6.43  -1.84077  -1.02192  -1.97344  
6.44  -1.57344  -0.555213  -1.84639  
6.45  -1.19978  -0.145795  -1.60215  
6.46  -0.790458  0.188128  -1.2622  
6.47  -0.40922  0.455156  -0.884352  
6.48  -0.0843583  0.669532  -0.524564  
6.49  0.182061  0.843639  -0.211742  
6.5  0.398203  0.986734  0.0484288  
6.51  0.573752  1.10544  0.261088  
6.52  0.716971  1.20448  0.434127  
6.53  0.834219  1.28724  0.574882  
6.54  0.930213  1.35619  0.689265  
6.55  1.00841  1.41316  0.781777  
6.56  1.07136  1.45953  0.85577  
6.57  1.1209  1.49632  0.913702  
6.58  1.15839  1.52433  0.957354  
6.59  1.18477  1.54412  0.987983  
6.6  1.20069  1.55609  1.00643  
6.61  1.20652  1.56048  1.01317  
6.62  1.20239  1.55737  1.0084  
6.63  1.18821  1.54671  0.991971  
6.64  1.16365  1.52827  0.963468  
6.65  1.12812  1.5017  0.922113  
6.66  1.08071  1.46645  0.866725  
6.67  1.02017  1.42179  0.795624  
6.68  0.944723  1.36671  0.706478  
6.69  0.851978  1.29992  0.596106  
6.7  0.738648  1.21967  0.460224  
6.71  0.600256  1.12361  0.293172  
6.72  0.430749  1.00855  0.087833  
6.73  0.222191  0.870015  -0.163729  
6.74  -0.0349699  0.701768  -0.467533  
6.75  -0.349563  0.495046  -0.820563  
6.76  -0.722238  0.237994  -1.19867  
6.77  -1.13039  -0.083587  -1.54966  
6.78  -1.51563  -0.480296  -1.81306  
6.79  -1.80463  -0.94065  -1.95961  
6.8  -1.96118  -1.40249  -2.00225  
6.81  -2.00213  -1.76179  -1.9711  
6.82  -1.96396  -1.95486  -1.89099  
6.83  -1.8749  -2.0019  -1.7757  
6.84  -1.74951  -1.95469  -1.63005  
6.85  -1.59204  -1.85056  -1.45221  
6.86  -1.39933  -1.70664  -1.2343  
6.87  -1.16111  -1.52637  -0.960521  
6.88  -0.857302  -1.30372  -0.602463  
6.89  -0.451946  -1.0228  -0.11351  
6.9  0.109881  -0.65286  0.553829  
6.91  0.853848  -0.140669  1.31953  
6.92  1.58525  0.571271  1.85298  
6.93  1.95661  1.38196  2.00213  
6.94  1.98666  1.89753  1.92791  
6.95  1.85621  1.99926  1.7534  
6.96  1.64687  1.88931  1.51397  
6.97  1.37105  1.68515  1.2021  
6.98  1.00553  1.41105  0.778382  
6.99  0.487914  1.04706  0.157091  
7  -0.295092  0.531201  -0.761351  
7.01  -1.31372  -0.25521  -1.68362  
7.02  -1.93575  -1.29819  -1.99995  
7.03  -1.97274  -1.93802  -1.90433  
7.04  -1.77555  -1.96872  -1.65975  
7.05  -1.47163  -1.76138  -1.31633  
7.06  -1.05072  -1.44428  -0.831561  
7.07  -0.419738  -1.00116  -0.0744986  
7.08  0.600412  -0.324451  1.08064  
7.09  1.71446  0.768814  1.91981  
7.1  1.99957  1.81589  1.9579  
7.11  1.81262  1.98576  1.7024  
7.12  1.46669  1.75766  1.31074  
7.13  0.962821  1.37986  0.727917  
7.14  0.146258  0.82016  -0.254422  
7.15  -1.17103  -0.119662  -1.58067  
7.16  -1.97732  -1.48491  -2.001  
7.17  -1.88502  -2.00225  -1.78793  
7.18  -1.5283  -1.80383  -1.38037  
7.19  -0.984182  -1.39543  -0.753178  
7.2  -0.0596095  -0.763493  0.35699  
7.21  1.41609  0.363308  1.75169  
7.22  2.00198  1.76932  1.96948  
7.23  1.7635  1.96241  1.64599  
7.24  1.28954  1.62324  1.10885  
7.25  0.510738  1.06252  0.184751  
7.26  -0.93533  0.0778076  -1.39076  
7.27  -1.98402  -1.52597  -1.9993  
7.28  -1.81726  -1.98758  -1.70778  
7.29  -1.32827  -1.65264  -1.15325  
7.3  -0.497922  -1.05384  -0.16922  
7.31  1.08768  0.0466979  1.5163  
7.32  2.00193  1.71921  1.97917  
7.33  1.72268  1.93889  1.59959  
7.34  1.12519  1.49952  0.918699  
7.35  0.0095704  0.73083  -0.415679  
7.36  -1.74072  -0.815179  -1.93207  
7.37  -1.91655  -1.99682  -1.82698  
7.38  -1.42282  -1.72447  -1.261  
7.39  -0.528144  -1.07434  -0.205842  
7.4  1.26845  0.210528  1.65196  
7.41  1.98402  1.9071  1.92311  
7.42  1.54745  1.818  1.40196  
7.43  0.705298  1.19633  0.420061  
7.44  -1.07503  -0.0359532  -1.50626  
7.45  -1.99171  -1.87503  -1.93788  
7.46  -1.54467  -1.81595  -1.39883  
7.47  -0.641254  -1.15185  -0.342756  
7.48  1.28629  0.227928  1.66455  
7.49  1.95879  1.96282  1.88346  
7.5  1.41356  1.71745  1.25049  
7.51  0.301159  0.922149  -0.0688014  
7.52  -1.76177  -0.85436  -1.94152  
7.53  -1.83045  -1.99232  -1.72312  
7.54  -1.10568  -1.48499  -0.895927  
7.55  0.511032  -0.386183  0.990489  
7.56  2.00223  1.75191  1.97313  
7.57  1.53947  1.81211  1.39296  
7.58  0.455094  1.02492  0.117323  
7.59  -1.73752  -0.809397  -1.93061  
7.6  -1.80064  -1.9807  -1.68856  
7.61  -0.966521  -1.38256  -0.732296  
7.62  1.02268  -0.0076709  1.46397  
7.63  1.94588  1.9781  1.86542  
7.64  1.25492  1.59701  1.06904  
7.65  -0.390604  0.46764  -0.864569  
7.66  -1.99914  -1.82094  -1.95646  
7.67  -1.41705  -1.72009  -1.25444  
7.68  0.0352489  -0.701586  0.467857  
7.69  1.99788  1.64369  1.98977  
7.7  1.49108  1.77601  1.33832  
7.71  0.0941615  0.786068  -0.316223  
7.72  -1.99236  -1.58798  -1.9952  
7.73  -1.49146  -1.7763  -1.33876  
7.74  -0.0319932  -0.745463  0.389434  
7.75  2.001  1.69272  1.98337  
7.76  1.41827  1.72102  1.25583  
7.77  -0.238824  0.568334  -0.699272  
7.78  -1.99025  -1.88221  -1.93488  
7.79  -1.25723  -1.59876  -1.07171  
7.8  0.775298  -0.199312  1.24825  
7.81  1.9102  1.99887  1.81898  
7.82  0.970543  1.38549  0.737054  
7.83  -1.51793  -0.483166  -1.81442  
7.84  -1.73053  -1.94364  -1.60849  
7.85  -0.462442  -1.02987  -0.126226  
7.86  1.97533  1.47369  2.00134  
7.87  1.42338  1.72489  1.26163  
7.88  -0.497322  0.395547  -0.976405  
7.89  -1.92133  -1.99488  -1.83308  
7.9  -0.904405  -1.33755  -0.658598  
7.91  1.75287  0.837558  1.93757  
7.92  1.58427  1.84495  1.44346  
7.93  -0.119106  0.646831  -0.56437  
7.94  -1.96121  -1.95925  -1.88696  
7.95  -0.971389  -1.3861  -0.738054  
7.96  1.74549  0.823885  1.93424  
7.97  1.55089  1.82054  1.40585  
7.98  -0.345149  0.497984  -0.815798  
7.99  -1.90383  -2.00039  -1.81103  
8  -0.718421  -1.2055  -0.435873  
8.01  1.96905  1.44041  2.00203  
8.02  1.30503  1.63499  1.12662  
8.03  -1.24349  -0.186602  -1.6341  
8.04  -1.67878  -1.9109  -1.54996  
8.05  0.0853875  -0.66886  0.525747  
8.06  1.92132  1.99489  1.83306  
8.07  0.674746  1.17506  0.38321  
8.08  -1.99757  -1.63992  -1.9902  
8.09  -1.1379  -1.50901  -0.933518  
8.1  1.73145  0.798515  1.9278  
8.11  1.44807  1.74359  1.28964  
8.12  -1.05362  -0.0179538  -1.48911  
8.13  -1.66827  -1.90388  -1.5381  
8.14  0.334962  -0.50476  0.804779  
8.15  1.82505  1.99046  1.71682  
8.16  0.187404  0.847147  -0.20536  
8.17  -1.92925  -1.99083  -1.84329  
8.18  -0.535036  -1.07903  -0.214193  
8.19  1.98597  1.90016  1.92663  
8.2  0.765125  1.23828  0.492058  
8.21  -2.00225  -1.74676  -1.97415  
8.22  -0.914637  -1.34493  -0.670764  
8.23  1.99238  1.58813  1.99519  
8.24  1.00392  1.40987  0.776473  
8.25  -1.9761  -1.47798  -2.00122  
8.26  -1.04342  -1.4389  -0.822983  
8.27  1.97022  1.44638  2.00194  
8.28  1.03737  1.43444  0.815873  
8.29  -1.98  -1.50063  -2.00044  
8.3  -0.98514  -1.39613  -0.754309  
8.31  1.99651  1.62781  1.9915  
8.32  0.881039  1.32074  0.630778  
8.33  -2.00119  -1.79106  -1.96444  
8.34  -0.712439  -1.20132  -0.428666  
8.35  1.97511  1.93256  1.9081  
8.36  0.455311  1.02506  0.117585  
8.37  -1.90612  -1.9999  -1.81388  
8.38  -0.0669538  -0.76829  0.348341  
8.39  1.7884  1.97508  1.67449  
8.4  -0.511359  0.385959  -0.990824  
8.41  -1.6161  -1.86778  -1.47931  
8.42  1.25866  0.201087  1.64499  
8.43  1.37534  1.68841  1.20699  
8.44  -1.84879  -1.04125  -1.9763  
8.45  -1.03265  -1.43097  -0.810321  
8.46  2.00096  1.7955  1.96333  
8.47  0.508452  1.06097  0.18198  
8.48  -1.86881  -2.0013  -1.7684  
8.49  0.365931  -0.484134  0.838178  
8.5  1.59257  1.85095  1.45281  
8.51  -1.53501  -0.504764  -1.82443  
8.52  -1.1751  -1.53686  -0.97676  
8.53  2.00153  1.70579  1.98137  
8.54  0.496414  1.05281  0.167393  
8.55  -1.8281  -1.99152  -1.72038  
8.56  0.748269  -0.219103  1.22313  
8.57  1.42268  1.72436  1.26084  
8.58  -1.92423  -1.2572  -1.9979  
8.59  -0.750871  -1.22825  -0.474926  
8.6  1.88878  2.00216  1.79251  
8.61  -0.568441  0.346678  -1.04873  
8.62  -1.43773  -1.73576  -1.27792  
8.63  1.94517  1.33425  2.00122  
8.64  0.632186  1.14559  0.331795  
8.65  -1.82041  -1.98877  -1.71143  
8.66  1.05129  0.0160051  1.48722  
8.67  1.22906  1.57747  1.03922  
8.68  -1.99767  -1.83552  -1.95205  
8.69  -0.0332458  -0.746281  0.387965  
8.7  1.57214  1.83613  1.4298  
8.71  -1.87441  -1.10685  -1.98484  
8.72  -0.649359  -1.15746  -0.35255  
8.73  1.78105  1.97149  1.66605  
8.74  -1.4166  -0.363875  -1.75202  
8.75  -0.984483  -1.39565  -0.753533  
8.76  1.89953  2.00114  1.8057  
8.77  -0.932685  0.0798845  -1.38849  
8.78  -1.16384  -1.52841  -0.963683  
8.79  1.95411  1.96904  1.87681  
8.8  -0.656996  0.284667  -1.13618  
8.81  -1.23711  -1.58355  -1.04851  
8.82  1.96838  1.94698  1.8976  
8.83  -0.62161  0.309617  -1.10159  
8.84  -1.22091  -1.57132  -1.02981  
8.85  1.95299  1.97041  1.87523  
8.86  -0.825274  0.162206  -1.2939  
8.87  -1.11172  -1.48949  -0.90299  
8.88  1.89658  2.00154  1.80206  
8.89  -1.25885  -0.201266  -1.64512  
8.9  -0.883391  -1.32243  -0.633581  
8.91  1.77538  1.96864  1.65956  
8.92  -1.76412  -0.858846  -1.94255  
8.93  -0.465442  -1.03189  -0.12986  
8.94  1.56268  1.82921  1.41913  
8.95  -1.99945  -1.6651  -1.98718  
8.96  0.309507  -0.521656  0.777107  
8.97  1.21343  1.56569  1.02117  
8.98  -1.89612  -2.00159  -1.80149  
8.99  1.49041  0.449342  1.79797  
9  0.603118  1.12558  0.296636  
9.01  -1.57427  -1.83768  -1.43219  
9.02  2.00224  1.75048  1.97342  
9.03  -0.626836  0.305947  -1.10673  
9.04  -1.00574  -1.41121  -0.778627  
9.05  1.75186  1.95601  1.63273  
9.06  -1.94121  -1.31879  -2.00073  
9.07  0.17133  -0.612655  0.623664  
9.08  1.16078  1.52612  0.960128  
9.09  -1.81217  -1.98558  -1.70188  
9.1  1.8952  1.16524  1.99096  
9.11  -0.120092  0.646186  -0.565496  
9.12  -1.14232  -1.51231  -0.93866  
9.13  1.7787  1.97032  1.66336  
9.14  -1.96099  -1.40162  -2.00225  
9.15  0.454103  -0.424903  0.931578  
9.16  0.942508  1.3651  0.703851  
9.17  -1.638  -1.88317  -1.50398  
9.18  1.99701  1.84106  1.95027  
9.19  -1.23429  -0.177899  -1.62745  
9.2  -0.459612  -1.02796  -0.122797  
9.21  1.33877  1.66062  1.16525  
9.22  -1.84256  -1.996  -1.7373  
9.23  1.94865  1.34826  2.00158  
9.24  -0.627573  0.305429  -1.10745  
9.25  -0.738116  -1.21929  -0.459583  
9.26  1.45112  1.7459  1.2931  
9.27  -1.8838  -2.00225  -1.78645  
9.28  1.92911  1.27419  1.99883  
9.29  -0.677883  0.269824  -1.15637  
9.3  -0.637895  -1.14953  -0.338697  
9.31  1.34943  1.66872  1.17744  
9.32  -1.79343  -1.97744  -1.68027  
9.33  2.0019  1.71819  1.97934  
9.34  -1.37132  -0.314714  -1.72253  
9.35  -0.0686669  -0.769409  0.346322  
9.36  0.971119  1.3859  0.737735  
9.37  -1.50779  -1.78853  -1.35721  
9.38  1.86429  2.00069  1.763  
9.39  -1.99361  -1.59905  -1.99426  
9.4  1.34865  0.290908  1.7074  
9.41  -0.0396258  0.69873  -0.472931  
9.42  -0.833655  -1.28684  -0.574208  
9.43  1.36666  1.68182  1.19709  
9.44  -1.73252  -1.94482  -1.61075  
9.45  1.96812  1.94747  1.89721  
9.46  -1.90727  -1.20179  -1.99411  
9.47  1.07841  0.0388133  1.50894  
9.48  0.043877  0.753221  -0.375489  
9.49  -0.791772  -1.2571  -0.524044  
9.5  1.27434  1.61172  1.09139  
9.51  -1.61753  -1.86879  -1.48092  
9.52  1.86786  2.00118  1.76727  
9.53  -2.0003  -1.8062  -1.96056  
9.54  1.83224  1.00191  1.97031  
9.55  -1.08543  -0.0447772  -1.51451  
9.56  0.139301  -0.633625  0.587377  
9.57  0.553388  1.09153  0.236425  
9.58  -1.02273  -1.42367  -0.79864  
9.59  1.36191  1.67821  1.19168  
9.6  -1.62184  -1.87184  -1.48578  
9.61  1.82343  1.98988  1.71494  
9.62  -1.96288  -1.95663  -1.88939  
9.63  1.99519  1.61404  1.99288  
9.64  -1.80243  -0.935971  -1.95872  
9.65  1.27528  0.217156  1.65679  
9.66  -0.572093  0.344148  -1.0524  
9.67  -0.045878  -0.754527  0.373138  
9.68  0.510908  1.06264  0.184957  
9.69  -0.85737  -1.30377  -0.602545  
9.7  1.12427  1.49884  0.917634  
9.71  -1.33738  -1.65956  -1.16366  
9.72  1.51212  1.79177  1.3621  
9.73  -1.65747  -1.89658  -1.52592  
9.74  1.7782  1.97007  1.66279  
9.75  -1.87589  -2.00197  -1.77689  
9.76  1.94908  1.97484  1.8698  
9.77  -1.99305  -1.86778  -1.94076  
9.78  1.99971  1.66906  1.98667  
9.79  -1.95885  -1.39191  -2.00221  
9.8  1.86204  1.0744  1.98084  
9.81  -1.70865  -0.758892  -1.91703  
9.82  1.51006  0.473378  1.80975  
9.83  -1.28721  -0.228832  -1.66519  
9.84  1.06267  0.0255343  1.49638  
9.85  -0.853773  0.140726  -1.31947  
9.86  0.670397  -0.275154  1.14915  
9.87  -0.516417  0.382498  -0.996002  
9.88  0.39213  -0.466617  0.866196  
9.89  -0.296202  0.530467  -0.762567  
9.9  0.22686  -0.576207  0.685958  
9.91  -0.18251  0.605328  -0.63627  
9.92  0.162026  -0.61875  0.61315  
9.93  -0.164867  0.61689  -0.616362  
9.94  0.191106  -0.59969  0.645942  
9.95  -0.241437  0.566615  -0.702174  
9.96  0.317113  -0.516612  0.785397  
9.97  -0.419807  0.448039  -0.895553  
9.98  0.551261  -0.358553  1.03143  
9.99  -0.712548  0.244985  -1.18949  
10  0.902705  -0.103249  1.36258  
