0 1
0.001 0.999998
0.002 0.999992
0.003 0.999982
0.004 0.999968
0.005 0.99995
0.006 0.999929
0.007 0.999903
0.008 0.999873
0.009 0.99984
0.01 0.999803
0.011 0.999762
0.012 0.999717
0.013 0.999668
0.014 0.999615
0.015 0.999559
0.016 0.999499
0.017 0.999435
0.018 0.999367
0.019 0.999296
0.02 0.999221
0.021 0.999142
0.022 0.99906
0.023 0.998974
0.024 0.998884
0.025 0.998791
0.026 0.998694
0.027 0.998593
0.028 0.998489
0.029 0.998382
0.03 0.99827
0.031 0.998156
0.032 0.998037
0.033 0.997916
0.034 0.99779
0.035 0.997661
0.036 0.997529
0.037 0.997393
0.038 0.997254
0.039 0.997112
0.04 0.996966
0.041 0.996816
0.042 0.996663
0.043 0.996507
0.044 0.996348
0.045 0.996185
0.046 0.996019
0.047 0.995849
0.048 0.995677
0.049 0.9955
0.05 0.995321
0.051 0.995139
0.052 0.994953
0.053 0.994764
0.054 0.994571
0.055 0.994376
0.056 0.994177
0.057 0.993975
0.058 0.99377
0.059 0.993562
0.06 0.993351
0.061 0.993136
0.062 0.992919
0.063 0.992698
0.064 0.992475
0.065 0.992248
0.066 0.992018
0.067 0.991785
0.068 0.991549
0.069 0.99131
0.07 0.991068
0.071 0.990823
0.072 0.990576
0.073 0.990325
0.074 0.990071
0.075 0.989814
0.076 0.989554
0.077 0.989292
0.078 0.989026
0.079 0.988758
0.08 0.988487
0.081 0.988213
0.082 0.987936
0.083 0.987656
0.084 0.987373
0.085 0.987088
0.086 0.9868
0.087 0.986509
0.088 0.986215
0.089 0.985918
0.09 0.985619
0.091 0.985317
0.092 0.985012
0.093 0.984704
0.094 0.984394
0.095 0.984081
0.096 0.983766
0.097 0.983448
0.098 0.983127
0.099 0.982803
0.1 0.982477
0.101 0.982148
0.102 0.981817
0.103 0.981483
0.104 0.981146
0.105 0.980807
0.106 0.980465
0.107 0.980121
0.108 0.979774
0.109 0.979425
0.11 0.979073
0.111 0.978719
0.112 0.978362
0.113 0.978002
0.114 0.977641
0.115 0.977276
0.116 0.97691
0.117 0.97654
0.118 0.976169
0.119 0.975795
0.12 0.975419
0.121 0.97504
0.122 0.974659
0.123 0.974275
0.124 0.973889
0.125 0.973501
0.126 0.97311
0.127 0.972718
0.128 0.972322
0.129 0.971925
0.13 0.971525
0.131 0.971123
0.132 0.970719
0.133 0.970312
0.134 0.969903
0.135 0.969492
0.136 0.969079
0.137 0.968663
0.138 0.968245
0.139 0.967825
0.14 0.967403
0.141 0.966979
0.142 0.966552
0.143 0.966124
0.144 0.965693
0.145 0.96526
0.146 0.964825
0.147 0.964388
0.148 0.963949
0.149 0.963507
0.15 0.963064
0.151 0.962618
0.152 0.962171
0.153 0.961721
0.154 0.961269
0.155 0.960816
0.156 0.96036
0.157 0.959902
0.158 0.959442
0.159 0.95898
0.16 0.958517
0.161 0.958051
0.162 0.957583
0.163 0.957114
0.164 0.956642
0.165 0.956169
0.166 0.955693
0.167 0.955216
0.168 0.954736
0.169 0.954255
0.17 0.953772
0.171 0.953287
0.172 0.9528
0.173 0.952312
0.174 0.951821
0.175 0.951329
0.176 0.950835
0.177 0.950339
0.178 0.949841
0.179 0.949341
0.18 0.94884
0.181 0.948337
0.182 0.947832
0.183 0.947325
0.184 0.946816
0.185 0.946306
0.186 0.945794
0.187 0.94528
0.188 0.944765
0.189 0.944248
0.19 0.943729
0.191 0.943208
0.192 0.942686
0.193 0.942162
0.194 0.941636
0.195 0.941109
0.196 0.94058
0.197 0.94005
0.198 0.939517
0.199 0.938984
0.2 0.938448
0.201 0.937911
0.202 0.937372
0.203 0.936832
0.204 0.93629
0.205 0.935747
0.206 0.935202
0.207 0.934655
0.208 0.934107
0.209 0.933558
0.21 0.933006
0.211 0.932454
0.212 0.9319
0.213 0.931344
0.214 0.930787
0.215 0.930228
0.216 0.929668
0.217 0.929106
0.218 0.928543
0.219 0.927978
0.22 0.927412
0.221 0.926845
0.222 0.926276
0.223 0.925706
0.224 0.925134
0.225 0.924561
0.226 0.923986
0.227 0.92341
0.228 0.922833
0.229 0.922254
0.23 0.921674
0.231 0.921093
0.232 0.92051
0.233 0.919926
0.234 0.91934
0.235 0.918753
0.236 0.918165
0.237 0.917576
0.238 0.916985
0.239 0.916393
0.24 0.915799
0.241 0.915205
0.242 0.914609
0.243 0.914012
0.244 0.913413
0.245 0.912813
0.246 0.912212
0.247 0.91161
0.248 0.911007
0.249 0.910402
0.25 0.909796
0.251 0.909189
0.252 0.908581
0.253 0.907971
0.254 0.90736
0.255 0.906748
0.256 0.906135
0.257 0.905521
0.258 0.904906
0.259 0.904289
0.26 0.903671
0.261 0.903052
0.262 0.902432
0.263 0.901811
0.264 0.901189
0.265 0.900566
0.266 0.899941
0.267 0.899316
0.268 0.898689
0.269 0.898061
0.27 0.897432
0.271 0.896802
0.272 0.896171
0.273 0.895539
0.274 0.894906
0.275 0.894272
0.276 0.893637
0.277 0.893001
0.278 0.892364
0.279 0.891725
0.28 0.891086
0.281 0.890446
0.282 0.889805
0.283 0.889162
0.284 0.888519
0.285 0.887875
0.286 0.88723
0.287 0.886584
0.288 0.885936
0.289 0.885288
0.29 0.884639
0.291 0.883989
0.292 0.883339
0.293 0.882687
0.294 0.882034
0.295 0.88138
0.296 0.880726
0.297 0.88007
0.298 0.879414
0.299 0.878757
0.3 0.878099
0.301 0.87744
0.302 0.87678
0.303 0.876119
0.304 0.875457
0.305 0.874795
0.306 0.874132
0.307 0.873467
0.308 0.872802
0.309 0.872137
0.31 0.87147
0.311 0.870803
0.312 0.870134
0.313 0.869465
0.314 0.868795
0.315 0.868125
0.316 0.867453
0.317 0.866781
0.318 0.866108
0.319 0.865434
0.32 0.86476
0.321 0.864084
0.322 0.863408
0.323 0.862731
0.324 0.862054
0.325 0.861376
0.326 0.860697
0.327 0.860017
0.328 0.859336
0.329 0.858655
0.33 0.857973
0.331 0.857291
0.332 0.856607
0.333 0.855923
0.334 0.855239
0.335 0.854553
0.336 0.853867
0.337 0.853181
0.338 0.852493
0.339 0.851805
0.34 0.851117
0.341 0.850427
0.342 0.849737
0.343 0.849047
0.344 0.848355
0.345 0.847664
0.346 0.846971
0.347 0.846278
0.348 0.845584
0.349 0.84489
0.35 0.844195
0.351 0.843499
0.352 0.842803
0.353 0.842107
0.354 0.841409
0.355 0.840712
0.356 0.840013
0.357 0.839314
0.358 0.838615
0.359 0.837915
0.36 0.837214
0.361 0.836513
0.362 0.835811
0.363 0.835109
0.364 0.834406
0.365 0.833703
0.366 0.832999
0.367 0.832294
0.368 0.831589
0.369 0.830884
0.37 0.830178
0.371 0.829472
0.372 0.828765
0.373 0.828058
0.374 0.82735
0.375 0.826641
0.376 0.825933
0.377 0.825223
0.378 0.824514
0.379 0.823804
0.38 0.823093
0.381 0.822382
0.382 0.82167
0.383 0.820958
0.384 0.820246
0.385 0.819533
0.386 0.81882
0.387 0.818106
0.388 0.817392
0.389 0.816678
0.39 0.815963
0.391 0.815247
0.392 0.814532
0.393 0.813816
0.394 0.813099
0.395 0.812382
0.396 0.811665
0.397 0.810947
0.398 0.810229
0.399 0.809511
0.4 0.808792
0.401 0.808073
0.402 0.807354
0.403 0.806634
0.404 0.805914
0.405 0.805193
0.406 0.804472
0.407 0.803751
0.408 0.80303
0.409 0.802308
0.41 0.801586
0.411 0.800863
0.412 0.80014
0.413 0.799417
0.414 0.798694
0.415 0.79797
0.416 0.797246
0.417 0.796522
0.418 0.795797
0.419 0.795072
0.42 0.794347
0.421 0.793622
0.422 0.792896
0.423 0.79217
0.424 0.791444
0.425 0.790718
0.426 0.789991
0.427 0.789264
0.428 0.788537
0.429 0.787809
0.43 0.787081
0.431 0.786354
0.432 0.785625
0.433 0.784897
0.434 0.784168
0.435 0.783439
0.436 0.78271
0.437 0.781981
0.438 0.781252
0.439 0.780522
0.44 0.779792
0.441 0.779062
0.442 0.778331
0.443 0.777601
0.444 0.77687
0.445 0.776139
0.446 0.775408
0.447 0.774677
0.448 0.773946
0.449 0.773214
0.45 0.772482
0.451 0.77175
0.452 0.771018
0.453 0.770286
0.454 0.769554
0.455 0.768821
0.456 0.768089
0.457 0.767356
0.458 0.766623
0.459 0.76589
0.46 0.765157
0.461 0.764423
0.462 0.76369
0.463 0.762956
0.464 0.762222
0.465 0.761489
0.466 0.760755
0.467 0.760021
0.468 0.759287
0.469 0.758552
0.47 0.757818
0.471 0.757084
0.472 0.756349
0.473 0.755614
0.474 0.75488
0.475 0.754145
0.476 0.75341
0.477 0.752675
0.478 0.75194
0.479 0.751205
0.48 0.75047
0.481 0.749735
0.482 0.749
0.483 0.748264
0.484 0.747529
0.485 0.746794
0.486 0.746058
0.487 0.745323
0.488 0.744587
0.489 0.743852
0.49 0.743116
0.491 0.74238
0.492 0.741645
0.493 0.740909
0.494 0.740173
0.495 0.739438
0.496 0.738702
0.497 0.737966
0.498 0.73723
0.499 0.736495
0.5 0.735759
0.501 0.735023
0.502 0.734287
0.503 0.733552
0.504 0.732816
0.505 0.73208
0.506 0.731344
0.507 0.730609
0.508 0.729873
0.509 0.729137
0.51 0.728402
0.511 0.727666
0.512 0.726931
0.513 0.726195
0.514 0.72546
0.515 0.724724
0.516 0.723989
0.517 0.723253
0.518 0.722518
0.519 0.721783
0.52 0.721048
0.521 0.720312
0.522 0.719577
0.523 0.718842
0.524 0.718107
0.525 0.717372
0.526 0.716638
0.527 0.715903
0.528 0.715168
0.529 0.714433
0.53 0.713699
0.531 0.712965
0.532 0.71223
0.533 0.711496
0.534 0.710762
0.535 0.710028
0.536 0.709294
0.537 0.70856
0.538 0.707826
0.539 0.707092
0.54 0.706359
0.541 0.705625
0.542 0.704892
0.543 0.704159
0.544 0.703425
0.545 0.702692
0.546 0.70196
0.547 0.701227
0.548 0.700494
0.549 0.699762
0.55 0.699029
0.551 0.698297
0.552 0.697565
0.553 0.696833
0.554 0.696101
0.555 0.695369
0.556 0.694638
0.557 0.693906
0.558 0.693175
0.559 0.692444
0.56 0.691713
0.561 0.690982
0.562 0.690252
0.563 0.689521
0.564 0.688791
0.565 0.688061
0.566 0.687331
0.567 0.686601
0.568 0.685871
0.569 0.685142
0.57 0.684413
0.571 0.683684
0.572 0.682955
0.573 0.682226
0.574 0.681497
0.575 0.680769
0.576 0.680041
0.577 0.679313
0.578 0.678585
0.579 0.677858
0.58 0.67713
0.581 0.676403
0.582 0.675676
0.583 0.674949
0.584 0.674223
0.585 0.673496
0.586 0.67277
0.587 0.672044
0.588 0.671318
0.589 0.670593
0.59 0.669868
0.591 0.669143
0.592 0.668418
0.593 0.667693
0.594 0.666969
0.595 0.666245
0.596 0.665521
0.597 0.664797
0.598 0.664073
0.599 0.66335
0.6 0.662627
0.601 0.661905
0.602 0.661182
0.603 0.66046
0.604 0.659738
0.605 0.659016
0.606 0.658294
0.607 0.657573
0.608 0.656852
0.609 0.656131
0.61 0.655411
0.611 0.654691
0.612 0.653971
0.613 0.653251
0.614 0.652532
0.615 0.651812
0.616 0.651094
0.617 0.650375
0.618 0.649657
0.619 0.648938
0.62 0.648221
0.621 0.647503
0.622 0.646786
0.623 0.646069
0.624 0.645352
0.625 0.644636
0.626 0.64392
0.627 0.643204
0.628 0.642488
0.629 0.641773
0.63 0.641058
0.631 0.640343
0.632 0.639629
0.633 0.638915
0.634 0.638201
0.635 0.637488
0.636 0.636775
0.637 0.636062
0.638 0.635349
0.639 0.634637
0.64 0.633925
0.641 0.633213
0.642 0.632502
0.643 0.631791
0.644 0.63108
0.645 0.63037
0.646 0.62966
0.647 0.62895
0.648 0.628241
0.649 0.627532
0.65 0.626823
0.651 0.626115
0.652 0.625407
0.653 0.624699
0.654 0.623991
0.655 0.623284
0.656 0.622578
0.657 0.621871
0.658 0.621165
0.659 0.620459
0.66 0.619754
0.661 0.619049
0.662 0.618344
0.663 0.61764
0.664 0.616936
0.665 0.616232
0.666 0.615529
0.667 0.614826
0.668 0.614123
0.669 0.613421
0.67 0.612719
0.671 0.612017
0.672 0.611316
0.673 0.610615
0.674 0.609915
0.675 0.609215
0.676 0.608515
0.677 0.607815
0.678 0.607116
0.679 0.606418
0.68 0.605719
0.681 0.605022
0.682 0.604324
0.683 0.603627
0.684 0.60293
0.685 0.602233
0.686 0.601537
0.687 0.600842
0.688 0.600146
0.689 0.599452
0.69 0.598757
0.691 0.598063
0.692 0.597369
0.693 0.596676
0.694 0.595983
0.695 0.59529
0.696 0.594598
0.697 0.593906
0.698 0.593214
0.699 0.592523
0.7 0.591833
0.701 0.591142
0.702 0.590453
0.703 0.589763
0.704 0.589074
0.705 0.588385
0.706 0.587697
0.707 0.587009
0.708 0.586322
0.709 0.585635
0.71 0.584948
0.711 0.584262
0.712 0.583576
0.713 0.58289
0.714 0.582205
0.715 0.581521
0.716 0.580836
0.717 0.580153
0.718 0.579469
0.719 0.578786
0.72 0.578104
0.721 0.577422
0.722 0.57674
0.723 0.576059
0.724 0.575378
0.725 0.574697
0.726 0.574017
0.727 0.573338
0.728 0.572658
0.729 0.57198
0.73 0.571301
0.731 0.570623
0.732 0.569946
0.733 0.569269
0.734 0.568592
0.735 0.567916
0.736 0.56724
0.737 0.566565
0.738 0.56589
0.739 0.565215
0.74 0.564541
0.741 0.563868
0.742 0.563195
0.743 0.562522
0.744 0.56185
0.745 0.561178
0.746 0.560507
0.747 0.559836
0.748 0.559165
0.749 0.558495
0.75 0.557825
0.751 0.557156
0.752 0.556488
0.753 0.555819
0.754 0.555151
0.755 0.554484
0.756 0.553817
0.757 0.553151
0.758 0.552485
0.759 0.551819
0.76 0.551154
0.761 0.550489
0.762 0.549825
0.763 0.549161
0.764 0.548498
0.765 0.547835
0.766 0.547173
0.767 0.546511
0.768 0.54585
0.769 0.545189
0.77 0.544528
0.771 0.543868
0.772 0.543208
0.773 0.542549
0.774 0.541891
0.775 0.541232
0.776 0.540575
0.777 0.539917
0.778 0.539261
0.779 0.538604
0.78 0.537948
0.781 0.537293
0.782 0.536638
0.783 0.535984
0.784 0.53533
0.785 0.534676
0.786 0.534023
0.787 0.533371
0.788 0.532718
0.789 0.532067
0.79 0.531416
0.791 0.530765
0.792 0.530115
0.793 0.529465
0.794 0.528816
0.795 0.528167
0.796 0.527519
0.797 0.526871
0.798 0.526224
0.799 0.525577
0.8 0.524931
0.801 0.524285
0.802 0.52364
0.803 0.522995
0.804 0.522351
0.805 0.521707
0.806 0.521063
0.807 0.52042
0.808 0.519778
0.809 0.519136
0.81 0.518495
0.811 0.517854
0.812 0.517213
0.813 0.516573
0.814 0.515934
0.815 0.515295
0.816 0.514656
0.817 0.514018
0.818 0.513381
0.819 0.512744
0.82 0.512107
0.821 0.511471
0.822 0.510836
0.823 0.510201
0.824 0.509566
0.825 0.508932
0.826 0.508299
0.827 0.507666
0.828 0.507033
0.829 0.506401
0.83 0.50577
0.831 0.505139
0.832 0.504508
0.833 0.503878
0.834 0.503249
0.835 0.50262
0.836 0.501991
0.837 0.501363
0.838 0.500736
0.839 0.500109
0.84 0.499482
0.841 0.498856
0.842 0.498231
0.843 0.497606
0.844 0.496981
0.845 0.496358
0.846 0.495734
0.847 0.495111
0.848 0.494489
0.849 0.493867
0.85 0.493246
0.851 0.492625
0.852 0.492004
0.853 0.491384
0.854 0.490765
0.855 0.490146
0.856 0.489528
0.857 0.48891
0.858 0.488293
0.859 0.487676
0.86 0.48706
0.861 0.486444
0.862 0.485829
0.863 0.485214
0.864 0.4846
0.865 0.483986
0.866 0.483373
0.867 0.482761
0.868 0.482149
0.869 0.481537
0.87 0.480926
0.871 0.480315
0.872 0.479705
0.873 0.479096
0.874 0.478487
0.875 0.477878
0.876 0.47727
0.877 0.476663
0.878 0.476056
0.879 0.47545
0.88 0.474844
0.881 0.474238
0.882 0.473634
0.883 0.473029
0.884 0.472426
0.885 0.471822
0.886 0.47122
0.887 0.470617
0.888 0.470016
0.889 0.469415
0.89 0.468814
0.891 0.468214
0.892 0.467614
0.893 0.467015
0.894 0.466417
0.895 0.465819
0.896 0.465221
0.897 0.464624
0.898 0.464028
0.899 0.463432
0.9 0.462837
0.901 0.462242
0.902 0.461648
0.903 0.461054
0.904 0.460461
0.905 0.459868
0.906 0.459276
0.907 0.458684
0.908 0.458093
0.909 0.457503
0.91 0.456913
0.911 0.456323
0.912 0.455734
0.913 0.455146
0.914 0.454558
0.915 0.45397
0.916 0.453384
0.917 0.452797
0.918 0.452211
0.919 0.451626
0.92 0.451041
0.921 0.450457
0.922 0.449874
0.923 0.449291
0.924 0.448708
0.925 0.448126
0.926 0.447544
0.927 0.446963
0.928 0.446383
0.929 0.445803
0.93 0.445224
0.931 0.444645
0.932 0.444067
0.933 0.443489
0.934 0.442912
0.935 0.442335
0.936 0.441759
0.937 0.441183
0.938 0.440608
0.939 0.440034
0.94 0.43946
0.941 0.438886
0.942 0.438313
0.943 0.437741
0.944 0.437169
0.945 0.436598
0.946 0.436027
0.947 0.435457
0.948 0.434887
0.949 0.434318
0.95 0.433749
0.951 0.433181
0.952 0.432613
0.953 0.432046
0.954 0.43148
0.955 0.430914
0.956 0.430349
0.957 0.429784
0.958 0.429219
0.959 0.428656
0.96 0.428092
0.961 0.42753
0.962 0.426967
0.963 0.426406
0.964 0.425845
0.965 0.425284
0.966 0.424724
0.967 0.424165
0.968 0.423606
0.969 0.423047
0.97 0.42249
0.971 0.421932
0.972 0.421376
0.973 0.420819
0.974 0.420264
0.975 0.419709
0.976 0.419154
0.977 0.4186
0.978 0.418046
0.979 0.417493
0.98 0.416941
0.981 0.416389
0.982 0.415838
0.983 0.415287
0.984 0.414737
0.985 0.414187
0.986 0.413638
0.987 0.413089
0.988 0.412541
0.989 0.411993
0.99 0.411446
0.991 0.4109
0.992 0.410354
0.993 0.409809
0.994 0.409264
0.995 0.408719
0.996 0.408176
0.997 0.407632
0.998 0.40709
0.999 0.406547
1 0.406006
1.001 0.405465
1.002 0.404924
1.003 0.404384
1.004 0.403845
1.005 0.403306
1.006 0.402768
1.007 0.40223
1.008 0.401692
1.009 0.401156
1.01 0.40062
1.011 0.400084
1.012 0.399549
1.013 0.399014
1.014 0.39848
1.015 0.397947
1.016 0.397414
1.017 0.396881
1.018 0.396349
1.019 0.395818
1.02 0.395287
1.021 0.394757
1.022 0.394227
1.023 0.393698
1.024 0.39317
1.025 0.392641
1.026 0.392114
1.027 0.391587
1.028 0.39106
1.029 0.390535
1.03 0.390009
1.031 0.389484
1.032 0.38896
1.033 0.388436
1.034 0.387913
1.035 0.38739
1.036 0.386868
1.037 0.386347
1.038 0.385826
1.039 0.385305
1.04 0.384785
1.041 0.384266
1.042 0.383747
1.043 0.383228
1.044 0.382711
1.045 0.382193
1.046 0.381677
1.047 0.38116
1.048 0.380645
1.049 0.38013
1.05 0.379615
1.051 0.379101
1.052 0.378587
1.053 0.378074
1.054 0.377562
1.055 0.37705
1.056 0.376539
1.057 0.376028
1.058 0.375518
1.059 0.375008
1.06 0.374499
1.061 0.37399
1.062 0.373482
1.063 0.372974
1.064 0.372467
1.065 0.371961
1.066 0.371455
1.067 0.370949
1.068 0.370444
1.069 0.36994
1.07 0.369436
1.071 0.368933
1.072 0.36843
1.073 0.367928
1.074 0.367426
1.075 0.366925
1.076 0.366424
1.077 0.365924
1.078 0.365425
1.079 0.364926
1.08 0.364427
1.081 0.363929
1.082 0.363432
1.083 0.362935
1.084 0.362439
1.085 0.361943
1.086 0.361448
1.087 0.360953
1.088 0.360459
1.089 0.359965
1.09 0.359472
1.091 0.358979
1.092 0.358487
1.093 0.357996
1.094 0.357505
1.095 0.357014
1.096 0.356524
1.097 0.356035
1.098 0.355546
1.099 0.355058
1.1 0.35457
1.101 0.354083
1.102 0.353596
1.103 0.35311
1.104 0.352624
1.105 0.352139
1.106 0.351654
1.107 0.35117
1.108 0.350687
1.109 0.350204
1.11 0.349721
1.111 0.349239
1.112 0.348758
1.113 0.348277
1.114 0.347797
1.115 0.347317
1.116 0.346838
1.117 0.346359
1.118 0.34588
1.119 0.345403
1.12 0.344926
1.121 0.344449
1.122 0.343973
1.123 0.343497
1.124 0.343022
1.125 0.342547
1.126 0.342073
1.127 0.3416
1.128 0.341127
1.129 0.340655
1.13 0.340183
1.131 0.339711
1.132 0.33924
1.133 0.33877
1.134 0.3383
1.135 0.337831
1.136 0.337362
1.137 0.336894
1.138 0.336426
1.139 0.335959
1.14 0.335492
1.141 0.335026
1.142 0.33456
1.143 0.334095
1.144 0.333631
1.145 0.333167
1.146 0.332703
1.147 0.33224
1.148 0.331778
1.149 0.331316
1.15 0.330854
1.151 0.330393
1.152 0.329933
1.153 0.329473
1.154 0.329014
1.155 0.328555
1.156 0.328096
1.157 0.327639
1.158 0.327181
1.159 0.326725
1.16 0.326268
1.161 0.325813
1.162 0.325357
1.163 0.324903
1.164 0.324448
1.165 0.323995
1.166 0.323542
1.167 0.323089
1.168 0.322637
1.169 0.322185
1.17 0.321734
1.171 0.321284
1.172 0.320834
1.173 0.320384
1.174 0.319935
1.175 0.319487
1.176 0.319039
1.177 0.318591
1.178 0.318144
1.179 0.317698
1.18 0.317252
1.181 0.316807
1.182 0.316362
1.183 0.315917
1.184 0.315473
1.185 0.31503
1.186 0.314587
1.187 0.314145
1.188 0.313703
1.189 0.313262
1.19 0.312821
1.191 0.312381
1.192 0.311941
1.193 0.311502
1.194 0.311063
1.195 0.310625
1.196 0.310187
1.197 0.30975
1.198 0.309313
1.199 0.308877
1.2 0.308441
1.201 0.308006
1.202 0.307571
1.203 0.307137
1.204 0.306703
1.205 0.30627
1.206 0.305837
1.207 0.305405
1.208 0.304974
1.209 0.304543
1.21 0.304112
1.211 0.303682
1.212 0.303252
1.213 0.302823
1.214 0.302394
1.215 0.301966
1.216 0.301539
1.217 0.301112
1.218 0.300685
1.219 0.300259
1.22 0.299833
1.221 0.299408
1.222 0.298984
1.223 0.29856
1.224 0.298136
1.225 0.297713
1.226 0.29729
1.227 0.296868
1.228 0.296447
1.229 0.296026
1.23 0.295605
1.231 0.295185
1.232 0.294765
1.233 0.294346
1.234 0.293928
1.235 0.293509
1.236 0.293092
1.237 0.292675
1.238 0.292258
1.239 0.291842
1.24 0.291426
1.241 0.291011
1.242 0.290597
1.243 0.290183
1.244 0.289769
1.245 0.289356
1.246 0.288943
1.247 0.288531
1.248 0.288119
1.249 0.287708
1.25 0.287297
1.251 0.286887
1.252 0.286478
1.253 0.286068
1.254 0.28566
1.255 0.285252
1.256 0.284844
1.257 0.284437
1.258 0.28403
1.259 0.283624
1.26 0.283218
1.261 0.282813
1.262 0.282408
1.263 0.282003
1.264 0.2816
1.265 0.281196
1.266 0.280794
1.267 0.280391
1.268 0.279989
1.269 0.279588
1.27 0.279187
1.271 0.278787
1.272 0.278387
1.273 0.277987
1.274 0.277588
1.275 0.27719
1.276 0.276792
1.277 0.276394
1.278 0.275997
1.279 0.275601
1.28 0.275205
1.281 0.274809
1.282 0.274414
1.283 0.27402
1.284 0.273626
1.285 0.273232
1.286 0.272839
1.287 0.272446
1.288 0.272054
1.289 0.271662
1.29 0.271271
1.291 0.27088
1.292 0.27049
1.293 0.2701
1.294 0.269711
1.295 0.269322
1.296 0.268934
1.297 0.268546
1.298 0.268158
1.299 0.267771
1.3 0.267385
1.301 0.266999
1.302 0.266613
1.303 0.266228
1.304 0.265844
1.305 0.26546
1.306 0.265076
1.307 0.264693
1.308 0.26431
1.309 0.263928
1.31 0.263546
1.311 0.263165
1.312 0.262784
1.313 0.262404
1.314 0.262024
1.315 0.261645
1.316 0.261266
1.317 0.260887
1.318 0.26051
1.319 0.260132
1.32 0.259755
1.321 0.259378
1.322 0.259002
1.323 0.258627
1.324 0.258252
1.325 0.257877
1.326 0.257503
1.327 0.257129
1.328 0.256756
1.329 0.256383
1.33 0.25601
1.331 0.255639
1.332 0.255267
1.333 0.254896
1.334 0.254526
1.335 0.254156
1.336 0.253786
1.337 0.253417
1.338 0.253048
1.339 0.25268
1.34 0.252312
1.341 0.251945
1.342 0.251578
1.343 0.251212
1.344 0.250846
1.345 0.250481
1.346 0.250116
1.347 0.249751
1.348 0.249387
1.349 0.249024
1.35 0.24866
1.351 0.248298
1.352 0.247935
1.353 0.247574
1.354 0.247212
1.355 0.246852
1.356 0.246491
1.357 0.246131
1.358 0.245772
1.359 0.245413
1.36 0.245054
1.361 0.244696
1.362 0.244338
1.363 0.243981
1.364 0.243624
1.365 0.243268
1.366 0.242912
1.367 0.242557
1.368 0.242202
1.369 0.241847
1.37 0.241493
1.371 0.241139
1.372 0.240786
1.373 0.240434
1.374 0.240081
1.375 0.239729
1.376 0.239378
1.377 0.239027
1.378 0.238677
1.379 0.238327
1.38 0.237977
1.381 0.237628
1.382 0.237279
1.383 0.236931
1.384 0.236583
1.385 0.236236
1.386 0.235889
1.387 0.235542
1.388 0.235196
1.389 0.234851
1.39 0.234506
1.391 0.234161
1.392 0.233817
1.393 0.233473
1.394 0.233129
1.395 0.232786
1.396 0.232444
1.397 0.232102
1.398 0.23176
1.399 0.231419
1.4 0.231078
1.401 0.230738
1.402 0.230398
1.403 0.230059
1.404 0.22972
1.405 0.229381
1.406 0.229043
1.407 0.228705
1.408 0.228368
1.409 0.228031
1.41 0.227695
1.411 0.227359
1.412 0.227023
1.413 0.226688
1.414 0.226353
1.415 0.226019
1.416 0.225685
1.417 0.225352
1.418 0.225019
1.419 0.224687
1.42 0.224355
1.421 0.224023
1.422 0.223692
1.423 0.223361
1.424 0.223031
1.425 0.222701
1.426 0.222371
1.427 0.222042
1.428 0.221713
1.429 0.221385
1.43 0.221057
1.431 0.22073
1.432 0.220403
1.433 0.220077
1.434 0.219751
1.435 0.219425
1.436 0.2191
1.437 0.218775
1.438 0.21845
1.439 0.218126
1.44 0.217803
1.441 0.21748
1.442 0.217157
1.443 0.216835
1.444 0.216513
1.445 0.216191
1.446 0.21587
1.447 0.21555
1.448 0.21523
1.449 0.21491
1.45 0.214591
1.451 0.214272
1.452 0.213953
1.453 0.213635
1.454 0.213317
1.455 0.213
1.456 0.212683
1.457 0.212367
1.458 0.212051
1.459 0.211735
1.46 0.21142
1.461 0.211105
1.462 0.210791
1.463 0.210477
1.464 0.210163
1.465 0.20985
1.466 0.209538
1.467 0.209225
1.468 0.208913
1.469 0.208602
1.47 0.208291
1.471 0.20798
1.472 0.20767
1.473 0.20736
1.474 0.207051
1.475 0.206742
1.476 0.206433
1.477 0.206125
1.478 0.205817
1.479 0.20551
1.48 0.205203
1.481 0.204896
1.482 0.20459
1.483 0.204284
1.484 0.203979
1.485 0.203674
1.486 0.20337
1.487 0.203065
1.488 0.202762
1.489 0.202458
1.49 0.202155
1.491 0.201853
1.492 0.201551
1.493 0.201249
1.494 0.200948
1.495 0.200647
1.496 0.200346
1.497 0.200046
1.498 0.199747
1.499 0.199447
1.5 0.199148
1.501 0.19885
1.502 0.198552
1.503 0.198254
1.504 0.197957
1.505 0.19766
1.506 0.197363
1.507 0.197067
1.508 0.196771
1.509 0.196476
1.51 0.196181
1.511 0.195886
1.512 0.195592
1.513 0.195298
1.514 0.195005
1.515 0.194712
1.516 0.194419
1.517 0.194127
1.518 0.193835
1.519 0.193544
1.52 0.193253
1.521 0.192962
1.522 0.192672
1.523 0.192382
1.524 0.192093
1.525 0.191804
1.526 0.191515
1.527 0.191227
1.528 0.190939
1.529 0.190651
1.53 0.190364
1.531 0.190077
1.532 0.189791
1.533 0.189505
1.534 0.189219
1.535 0.188934
1.536 0.188649
1.537 0.188365
1.538 0.188081
1.539 0.187797
1.54 0.187514
1.541 0.187231
1.542 0.186948
1.543 0.186666
1.544 0.186384
1.545 0.186103
1.546 0.185822
1.547 0.185541
1.548 0.185261
1.549 0.184981
1.55 0.184702
1.551 0.184423
1.552 0.184144
1.553 0.183866
1.554 0.183588
1.555 0.18331
1.556 0.183033
1.557 0.182756
1.558 0.182479
1.559 0.182203
1.56 0.181928
1.561 0.181652
1.562 0.181377
1.563 0.181103
1.564 0.180828
1.565 0.180555
1.566 0.180281
1.567 0.180008
1.568 0.179735
1.569 0.179463
1.57 0.179191
1.571 0.178919
1.572 0.178648
1.573 0.178377
1.574 0.178106
1.575 0.177836
1.576 0.177567
1.577 0.177297
1.578 0.177028
1.579 0.176759
1.58 0.176491
1.581 0.176223
1.582 0.175956
1.583 0.175688
1.584 0.175421
1.585 0.175155
1.586 0.174889
1.587 0.174623
1.588 0.174358
1.589 0.174093
1.59 0.173828
1.591 0.173564
1.592 0.1733
1.593 0.173036
1.594 0.172773
1.595 0.17251
1.596 0.172248
1.597 0.171986
1.598 0.171724
1.599 0.171462
1.6 0.171201
1.601 0.170941
1.602 0.17068
1.603 0.17042
1.604 0.170161
1.605 0.169901
1.606 0.169642
1.607 0.169384
1.608 0.169126
1.609 0.168868
1.61 0.16861
1.611 0.168353
1.612 0.168096
1.613 0.16784
1.614 0.167584
1.615 0.167328
1.616 0.167073
1.617 0.166818
1.618 0.166563
1.619 0.166309
1.62 0.166055
1.621 0.165801
1.622 0.165548
1.623 0.165295
1.624 0.165043
1.625 0.16479
1.626 0.164539
1.627 0.164287
1.628 0.164036
1.629 0.163785
1.63 0.163535
1.631 0.163284
1.632 0.163035
1.633 0.162785
1.634 0.162536
1.635 0.162287
1.636 0.162039
1.637 0.161791
1.638 0.161543
1.639 0.161296
1.64 0.161049
1.641 0.160802
1.642 0.160556
1.643 0.16031
1.644 0.160064
1.645 0.159819
1.646 0.159574
1.647 0.159329
1.648 0.159085
1.649 0.158841
1.65 0.158598
1.651 0.158354
1.652 0.158111
1.653 0.157869
1.654 0.157627
1.655 0.157385
1.656 0.157143
1.657 0.156902
1.658 0.156661
1.659 0.15642
1.66 0.15618
1.661 0.15594
1.662 0.155701
1.663 0.155462
1.664 0.155223
1.665 0.154984
1.666 0.154746
1.667 0.154508
1.668 0.15427
1.669 0.154033
1.67 0.153796
1.671 0.15356
1.672 0.153324
1.673 0.153088
1.674 0.152852
1.675 0.152617
1.676 0.152382
1.677 0.152147
1.678 0.151913
1.679 0.151679
1.68 0.151446
1.681 0.151212
1.682 0.15098
1.683 0.150747
1.684 0.150515
1.685 0.150283
1.686 0.150051
1.687 0.14982
1.688 0.149589
1.689 0.149358
1.69 0.149128
1.691 0.148898
1.692 0.148668
1.693 0.148439
1.694 0.14821
1.695 0.147981
1.696 0.147753
1.697 0.147525
1.698 0.147297
1.699 0.147069
1.7 0.146842
1.701 0.146616
1.702 0.146389
1.703 0.146163
1.704 0.145937
1.705 0.145712
1.706 0.145487
1.707 0.145262
1.708 0.145037
1.709 0.144813
1.71 0.144589
1.711 0.144365
1.712 0.144142
1.713 0.143919
1.714 0.143696
1.715 0.143474
1.716 0.143252
1.717 0.14303
1.718 0.142809
1.719 0.142588
1.72 0.142367
1.721 0.142147
1.722 0.141927
1.723 0.141707
1.724 0.141487
1.725 0.141268
1.726 0.141049
1.727 0.140831
1.728 0.140612
1.729 0.140394
1.73 0.140177
1.731 0.139959
1.732 0.139742
1.733 0.139526
1.734 0.139309
1.735 0.139093
1.736 0.138877
1.737 0.138662
1.738 0.138447
1.739 0.138232
1.74 0.138017
1.741 0.137803
1.742 0.137589
1.743 0.137375
1.744 0.137162
1.745 0.136949
1.746 0.136736
1.747 0.136524
1.748 0.136312
1.749 0.1361
1.75 0.135888
1.751 0.135677
1.752 0.135466
1.753 0.135255
1.754 0.135045
1.755 0.134835
1.756 0.134625
1.757 0.134416
1.758 0.134207
1.759 0.133998
1.76 0.133789
1.761 0.133581
1.762 0.133373
1.763 0.133166
1.764 0.132958
1.765 0.132751
1.766 0.132545
1.767 0.132338
1.768 0.132132
1.769 0.131926
1.77 0.131721
1.771 0.131515
1.772 0.13131
1.773 0.131106
1.774 0.130901
1.775 0.130697
1.776 0.130493
1.777 0.13029
1.778 0.130087
1.779 0.129884
1.78 0.129681
1.781 0.129479
1.782 0.129277
1.783 0.129075
1.784 0.128873
1.785 0.128672
1.786 0.128471
1.787 0.128271
1.788 0.12807
1.789 0.12787
1.79 0.127671
1.791 0.127471
1.792 0.127272
1.793 0.127073
1.794 0.126875
1.795 0.126676
1.796 0.126478
1.797 0.126281
1.798 0.126083
1.799 0.125886
1.8 0.125689
1.801 0.125493
1.802 0.125296
1.803 0.1251
1.804 0.124904
1.805 0.124709
1.806 0.124514
1.807 0.124319
1.808 0.124124
1.809 0.12393
1.81 0.123736
1.811 0.123542
1.812 0.123349
1.813 0.123156
1.814 0.122963
1.815 0.12277
1.816 0.122578
1.817 0.122385
1.818 0.122194
1.819 0.122002
1.82 0.121811
1.821 0.12162
1.822 0.121429
1.823 0.121239
1.824 0.121049
1.825 0.120859
1.826 0.120669
1.827 0.12048
1.828 0.120291
1.829 0.120102
1.83 0.119914
1.831 0.119725
1.832 0.119537
1.833 0.11935
1.834 0.119162
1.835 0.118975
1.836 0.118788
1.837 0.118602
1.838 0.118415
1.839 0.118229
1.84 0.118044
1.841 0.117858
1.842 0.117673
1.843 0.117488
1.844 0.117303
1.845 0.117119
1.846 0.116935
1.847 0.116751
1.848 0.116567
1.849 0.116384
1.85 0.116201
1.851 0.116018
1.852 0.115835
1.853 0.115653
1.854 0.115471
1.855 0.115289
1.856 0.115108
1.857 0.114926
1.858 0.114745
1.859 0.114565
1.86 0.114384
1.861 0.114204
1.862 0.114024
1.863 0.113845
1.864 0.113665
1.865 0.113486
1.866 0.113307
1.867 0.113129
1.868 0.11295
1.869 0.112772
1.87 0.112594
1.871 0.112417
1.872 0.11224
1.873 0.112063
1.874 0.111886
1.875 0.111709
1.876 0.111533
1.877 0.111357
1.878 0.111181
1.879 0.111006
1.88 0.110831
1.881 0.110656
1.882 0.110481
1.883 0.110306
1.884 0.110132
1.885 0.109958
1.886 0.109785
1.887 0.109611
1.888 0.109438
1.889 0.109265
1.89 0.109092
1.891 0.10892
1.892 0.108748
1.893 0.108576
1.894 0.108404
1.895 0.108233
1.896 0.108062
1.897 0.107891
1.898 0.10772
1.899 0.10755
1.9 0.10738
1.901 0.10721
1.902 0.10704
1.903 0.106871
1.904 0.106702
1.905 0.106533
1.906 0.106364
1.907 0.106196
1.908 0.106028
1.909 0.10586
1.91 0.105692
1.911 0.105525
1.912 0.105357
1.913 0.105191
1.914 0.105024
1.915 0.104857
1.916 0.104691
1.917 0.104525
1.918 0.10436
1.919 0.104194
1.92 0.104029
1.921 0.103864
1.922 0.103699
1.923 0.103535
1.924 0.103371
1.925 0.103207
1.926 0.103043
1.927 0.102879
1.928 0.102716
1.929 0.102553
1.93 0.10239
1.931 0.102228
1.932 0.102066
1.933 0.101904
1.934 0.101742
1.935 0.10158
1.936 0.101419
1.937 0.101258
1.938 0.101097
1.939 0.100936
1.94 0.100776
1.941 0.100616
1.942 0.100456
1.943 0.100296
1.944 0.100137
1.945 0.0999777
1.946 0.0998188
1.947 0.0996601
1.948 0.0995016
1.949 0.0993434
1.95 0.0991854
1.951 0.0990276
1.952 0.0988701
1.953 0.0987128
1.954 0.0985557
1.955 0.0983989
1.956 0.0982423
1.957 0.0980859
1.958 0.0979298
1.959 0.0977739
1.96 0.0976182
1.961 0.0974627
1.962 0.0973075
1.963 0.0971526
1.964 0.0969978
1.965 0.0968433
1.966 0.096689
1.967 0.096535
1.968 0.0963811
1.969 0.0962275
1.97 0.0960742
1.971 0.095921
1.972 0.0957681
1.973 0.0956155
1.974 0.095463
1.975 0.0953108
1.976 0.0951588
1.977 0.095007
1.978 0.0948555
1.979 0.0947041
1.98 0.094553
1.981 0.0944022
1.982 0.0942515
1.983 0.0941011
1.984 0.0939509
1.985 0.093801
1.986 0.0936512
1.987 0.0935017
1.988 0.0933524
1.989 0.0932033
1.99 0.0930545
1.991 0.0929059
1.992 0.0927575
1.993 0.0926093
1.994 0.0924613
1.995 0.0923136
1.996 0.0921661
1.997 0.0920188
1.998 0.0918717
1.999 0.0917248
2 0.0915782
2.001 0.0914318
2.002 0.0912856
2.003 0.0911396
2.004 0.0909938
2.005 0.0908483
2.006 0.090703
2.007 0.0905579
2.008 0.090413
2.009 0.0902683
2.01 0.0901239
2.011 0.0899797
2.012 0.0898356
2.013 0.0896918
2.014 0.0895482
2.015 0.0894049
2.016 0.0892617
2.017 0.0891188
2.018 0.0889761
2.019 0.0888336
2.02 0.0886913
2.021 0.0885492
2.022 0.0884073
2.023 0.0882657
2.024 0.0881242
2.025 0.087983
2.026 0.087842
2.027 0.0877012
2.028 0.0875606
2.029 0.0874202
2.03 0.08728
2.031 0.0871401
2.032 0.0870003
2.033 0.0868608
2.034 0.0867215
2.035 0.0865824
2.036 0.0864435
2.037 0.0863048
2.038 0.0861663
2.039 0.086028
2.04 0.0858899
2.041 0.0857521
2.042 0.0856144
2.043 0.085477
2.044 0.0853397
2.045 0.0852027
2.046 0.0850659
2.047 0.0849293
2.048 0.0847928
2.049 0.0846566
2.05 0.0845206
2.051 0.0843849
2.052 0.0842493
2.053 0.0841139
2.054 0.0839787
2.055 0.0838437
2.056 0.083709
2.057 0.0835744
2.058 0.08344
2.059 0.0833059
2.06 0.0831719
2.061 0.0830382
2.062 0.0829046
2.063 0.0827713
2.064 0.0826381
2.065 0.0825052
2.066 0.0823724
2.067 0.0822399
2.068 0.0821075
2.069 0.0819754
2.07 0.0818435
2.071 0.0817117
2.072 0.0815802
2.073 0.0814488
2.074 0.0813177
2.075 0.0811867
2.076 0.081056
2.077 0.0809255
2.078 0.0807951
2.079 0.080665
2.08 0.080535
2.081 0.0804052
2.082 0.0802757
2.083 0.0801463
2.084 0.0800172
2.085 0.0798882
2.086 0.0797594
2.087 0.0796308
2.088 0.0795024
2.089 0.0793743
2.09 0.0792463
2.091 0.0791185
2.092 0.0789909
2.093 0.0788635
2.094 0.0787362
2.095 0.0786092
2.096 0.0784824
2.097 0.0783558
2.098 0.0782293
2.099 0.0781031
2.1 0.077977
2.101 0.0778511
2.102 0.0777255
2.103 0.0776
2.104 0.0774747
2.105 0.0773496
2.106 0.0772247
2.107 0.0770999
2.108 0.0769754
2.109 0.0768511
2.11 0.0767269
2.111 0.076603
2.112 0.0764792
2.113 0.0763556
2.114 0.0762322
2.115 0.076109
2.116 0.075986
2.117 0.0758632
2.118 0.0757405
2.119 0.0756181
2.12 0.0754958
2.121 0.0753737
2.122 0.0752518
2.123 0.0751301
2.124 0.0750086
2.125 0.0748872
2.126 0.0747661
2.127 0.0746451
2.128 0.0745243
2.129 0.0744037
2.13 0.0742833
2.131 0.0741631
2.132 0.074043
2.133 0.0739232
2.134 0.0738035
2.135 0.073684
2.136 0.0735647
2.137 0.0734456
2.138 0.0733266
2.139 0.0732078
2.14 0.0730893
2.141 0.0729709
2.142 0.0728526
2.143 0.0727346
2.144 0.0726167
2.145 0.0724991
2.146 0.0723816
2.147 0.0722642
2.148 0.0721471
2.149 0.0720301
2.15 0.0719134
2.151 0.0717968
2.152 0.0716803
2.153 0.0715641
2.154 0.071448
2.155 0.0713321
2.156 0.0712164
2.157 0.0711009
2.158 0.0709856
2.159 0.0708704
2.16 0.0707554
2.161 0.0706406
2.162 0.0705259
2.163 0.0704114
2.164 0.0702971
2.165 0.070183
2.166 0.0700691
2.167 0.0699553
2.168 0.0698417
2.169 0.0697283
2.17 0.0696151
2.171 0.069502
2.172 0.0693891
2.173 0.0692764
2.174 0.0691638
2.175 0.0690514
2.176 0.0689392
2.177 0.0688272
2.178 0.0687154
2.179 0.0686037
2.18 0.0684922
2.181 0.0683808
2.182 0.0682696
2.183 0.0681586
2.184 0.0680478
2.185 0.0679372
2.186 0.0678267
2.187 0.0677164
2.188 0.0676062
2.189 0.0674962
2.19 0.0673864
2.191 0.0672768
2.192 0.0671673
2.193 0.067058
2.194 0.0669489
2.195 0.0668399
2.196 0.0667311
2.197 0.0666225
2.198 0.0665141
2.199 0.0664058
2.2 0.0662976
2.201 0.0661897
2.202 0.0660819
2.203 0.0659743
2.204 0.0658668
2.205 0.0657595
2.206 0.0656524
2.207 0.0655454
2.208 0.0654386
2.209 0.065332
2.21 0.0652255
2.211 0.0651192
2.212 0.0650131
2.213 0.0649071
2.214 0.0648013
2.215 0.0646957
2.216 0.0645902
2.217 0.0644849
2.218 0.0643797
2.219 0.0642747
2.22 0.0641699
2.221 0.0640652
2.222 0.0639607
2.223 0.0638564
2.224 0.0637522
2.225 0.0636482
2.226 0.0635443
2.227 0.0634406
2.228 0.0633371
2.229 0.0632337
2.23 0.0631305
2.231 0.0630274
2.232 0.0629246
2.233 0.0628218
2.234 0.0627192
2.235 0.0626168
2.236 0.0625146
2.237 0.0624125
2.238 0.0623105
2.239 0.0622087
2.24 0.0621071
2.241 0.0620056
2.242 0.0619043
2.243 0.0618032
2.244 0.0617022
2.245 0.0616013
2.246 0.0615007
2.247 0.0614001
2.248 0.0612998
2.249 0.0611995
2.25 0.0610995
2.251 0.0609996
2.252 0.0608998
2.253 0.0608002
2.254 0.0607008
2.255 0.0606015
2.256 0.0605024
2.257 0.0604034
2.258 0.0603046
2.259 0.0602059
2.26 0.0601074
2.261 0.0600091
2.262 0.0599108
2.263 0.0598128
2.264 0.0597149
2.265 0.0596171
2.266 0.0595195
2.267 0.0594221
2.268 0.0593248
2.269 0.0592277
2.27 0.0591307
2.271 0.0590338
2.272 0.0589371
2.273 0.0588406
2.274 0.0587442
2.275 0.058648
2.276 0.0585519
2.277 0.058456
2.278 0.0583602
2.279 0.0582645
2.28 0.058169
2.281 0.0580737
2.282 0.0579785
2.283 0.0578835
2.284 0.0577886
2.285 0.0576938
2.286 0.0575992
2.287 0.0575048
2.288 0.0574105
2.289 0.0573163
2.29 0.0572223
2.291 0.0571285
2.292 0.0570347
2.293 0.0569412
2.294 0.0568478
2.295 0.0567545
2.296 0.0566613
2.297 0.0565684
2.298 0.0564755
2.299 0.0563828
2.3 0.0562903
2.301 0.0561979
2.302 0.0561056
2.303 0.0560135
2.304 0.0559215
2.305 0.0558297
2.306 0.055738
2.307 0.0556465
2.308 0.0555551
2.309 0.0554638
2.31 0.0553727
2.311 0.0552817
2.312 0.0551909
2.313 0.0551002
2.314 0.0550097
2.315 0.0549193
2.316 0.054829
2.317 0.0547389
2.318 0.0546489
2.319 0.0545591
2.32 0.0544694
2.321 0.0543799
2.322 0.0542904
2.323 0.0542012
2.324 0.054112
2.325 0.0540231
2.326 0.0539342
2.327 0.0538455
2.328 0.0537569
2.329 0.0536685
2.33 0.0535802
2.331 0.053492
2.332 0.053404
2.333 0.0533161
2.334 0.0532284
2.335 0.0531408
2.336 0.0530533
2.337 0.052966
2.338 0.0528788
2.339 0.0527917
2.34 0.0527048
2.341 0.052618
2.342 0.0525314
2.343 0.0524449
2.344 0.0523585
2.345 0.0522722
2.346 0.0521861
2.347 0.0521002
2.348 0.0520143
2.349 0.0519286
2.35 0.0518431
2.351 0.0517577
2.352 0.0516724
2.353 0.0515872
2.354 0.0515022
2.355 0.0514173
2.356 0.0513325
2.357 0.0512479
2.358 0.0511634
2.359 0.051079
2.36 0.0509948
2.361 0.0509107
2.362 0.0508268
2.363 0.0507429
2.364 0.0506592
2.365 0.0505757
2.366 0.0504922
2.367 0.0504089
2.368 0.0503258
2.369 0.0502427
2.37 0.0501598
2.371 0.0500771
2.372 0.0499944
2.373 0.0499119
2.374 0.0498295
2.375 0.0497472
2.376 0.0496651
2.377 0.0495831
2.378 0.0495013
2.379 0.0494195
2.38 0.0493379
2.381 0.0492564
2.382 0.0491751
2.383 0.0490939
2.384 0.0490128
2.385 0.0489318
2.386 0.048851
2.387 0.0487702
2.388 0.0486897
2.389 0.0486092
2.39 0.0485289
2.391 0.0484487
2.392 0.0483686
2.393 0.0482886
2.394 0.0482088
2.395 0.0481291
2.396 0.0480496
2.397 0.0479701
2.398 0.0478908
2.399 0.0478116
2.4 0.0477325
2.401 0.0476536
2.402 0.0475748
2.403 0.0474961
2.404 0.0474175
2.405 0.0473391
2.406 0.0472607
2.407 0.0471825
2.408 0.0471045
2.409 0.0470265
2.41 0.0469487
2.411 0.046871
2.412 0.0467934
2.413 0.046716
2.414 0.0466386
2.415 0.0465614
2.416 0.0464843
2.417 0.0464074
2.418 0.0463305
2.419 0.0462538
2.42 0.0461772
2.421 0.0461007
2.422 0.0460244
2.423 0.0459481
2.424 0.045872
2.425 0.045796
2.426 0.0457201
2.427 0.0456444
2.428 0.0455687
2.429 0.0454932
2.43 0.0454178
2.431 0.0453426
2.432 0.0452674
2.433 0.0451924
2.434 0.0451175
2.435 0.0450427
2.436 0.044968
2.437 0.0448934
2.438 0.044819
2.439 0.0447446
2.44 0.0446704
2.441 0.0445964
2.442 0.0445224
2.443 0.0444485
2.444 0.0443748
2.445 0.0443012
2.446 0.0442277
2.447 0.0441543
2.448 0.044081
2.449 0.0440079
2.45 0.0439348
2.451 0.0438619
2.452 0.0437891
2.453 0.0437164
2.454 0.0436439
2.455 0.0435714
2.456 0.0434991
2.457 0.0434268
2.458 0.0433547
2.459 0.0432827
2.46 0.0432109
2.461 0.0431391
2.462 0.0430674
2.463 0.0429959
2.464 0.0429245
2.465 0.0428532
2.466 0.042782
2.467 0.0427109
2.468 0.0426399
2.469 0.0425691
2.47 0.0424983
2.471 0.0424277
2.472 0.0423572
2.473 0.0422868
2.474 0.0422165
2.475 0.0421463
2.476 0.0420762
2.477 0.0420063
2.478 0.0419364
2.479 0.0418667
2.48 0.041797
2.481 0.0417275
2.482 0.0416581
2.483 0.0415888
2.484 0.0415197
2.485 0.0414506
2.486 0.0413816
2.487 0.0413128
2.488 0.041244
2.489 0.0411754
2.49 0.0411069
2.491 0.0410385
2.492 0.0409702
2.493 0.040902
2.494 0.0408339
2.495 0.0407659
2.496 0.0406981
2.497 0.0406303
2.498 0.0405627
2.499 0.0404951
2.5 0.0404277
2.501 0.0403604
2.502 0.0402931
2.503 0.040226
2.504 0.040159
2.505 0.0400921
2.506 0.0400253
2.507 0.0399587
2.508 0.0398921
2.509 0.0398256
2.51 0.0397593
2.511 0.039693
2.512 0.0396268
2.513 0.0395608
2.514 0.0394949
2.515 0.039429
2.516 0.0393633
2.517 0.0392977
2.518 0.0392322
2.519 0.0391667
2.52 0.0391014
2.521 0.0390362
2.522 0.0389711
2.523 0.0389061
2.524 0.0388413
2.525 0.0387765
2.526 0.0387118
2.527 0.0386472
2.528 0.0385827
2.529 0.0385184
2.53 0.0384541
2.531 0.0383899
2.532 0.0383259
2.533 0.0382619
2.534 0.038198
2.535 0.0381343
2.536 0.0380706
2.537 0.0380071
2.538 0.0379436
2.539 0.0378803
2.54 0.037817
2.541 0.0377539
2.542 0.0376909
2.543 0.0376279
2.544 0.0375651
2.545 0.0375023
2.546 0.0374397
2.547 0.0373772
2.548 0.0373147
2.549 0.0372524
2.55 0.0371902
2.551 0.037128
2.552 0.037066
2.553 0.037004
2.554 0.0369422
2.555 0.0368805
2.556 0.0368188
2.557 0.0367573
2.558 0.0366958
2.559 0.0366345
2.56 0.0365733
2.561 0.0365121
2.562 0.0364511
2.563 0.0363901
2.564 0.0363293
2.565 0.0362685
2.566 0.0362079
2.567 0.0361473
2.568 0.0360868
2.569 0.0360265
2.57 0.0359662
2.571 0.035906
2.572 0.035846
2.573 0.035786
2.574 0.0357261
2.575 0.0356663
2.576 0.0356067
2.577 0.0355471
2.578 0.0354876
2.579 0.0354282
2.58 0.0353689
2.581 0.0353097
2.582 0.0352506
2.583 0.0351915
2.584 0.0351326
2.585 0.0350738
2.586 0.0350151
2.587 0.0349564
2.588 0.0348979
2.589 0.0348394
2.59 0.0347811
2.591 0.0347228
2.592 0.0346647
2.593 0.0346066
2.594 0.0345486
2.595 0.0344907
2.596 0.0344329
2.597 0.0343752
2.598 0.0343176
2.599 0.0342601
2.6 0.0342027
2.601 0.0341454
2.602 0.0340881
2.603 0.034031
2.604 0.033974
2.605 0.033917
2.606 0.0338601
2.607 0.0338034
2.608 0.0337467
2.609 0.0336901
2.61 0.0336336
2.611 0.0335772
2.612 0.0335209
2.613 0.0334646
2.614 0.0334085
2.615 0.0333525
2.616 0.0332965
2.617 0.0332406
2.618 0.0331849
2.619 0.0331292
2.62 0.0330736
2.621 0.0330181
2.622 0.0329627
2.623 0.0329074
2.624 0.0328521
2.625 0.032797
2.626 0.0327419
2.627 0.032687
2.628 0.0326321
2.629 0.0325773
2.63 0.0325226
2.631 0.032468
2.632 0.0324135
2.633 0.032359
2.634 0.0323047
2.635 0.0322504
2.636 0.0321963
2.637 0.0321422
2.638 0.0320882
2.639 0.0320343
2.64 0.0319805
2.641 0.0319267
2.642 0.0318731
2.643 0.0318195
2.644 0.0317661
2.645 0.0317127
2.646 0.0316594
2.647 0.0316062
2.648 0.031553
2.649 0.0315
2.65 0.031447
2.651 0.0313942
2.652 0.0313414
2.653 0.0312887
2.654 0.0312361
2.655 0.0311836
2.656 0.0311311
2.657 0.0310788
2.658 0.0310265
2.659 0.0309743
2.66 0.0309222
2.661 0.0308702
2.662 0.0308183
2.663 0.0307664
2.664 0.0307146
2.665 0.030663
2.666 0.0306114
2.667 0.0305599
2.668 0.0305084
2.669 0.0304571
2.67 0.0304058
2.671 0.0303546
2.672 0.0303035
2.673 0.0302525
2.674 0.0302016
2.675 0.0301508
2.676 0.0301
2.677 0.0300493
2.678 0.0299987
2.679 0.0299482
2.68 0.0298978
2.681 0.0298474
2.682 0.0297971
2.683 0.029747
2.684 0.0296968
2.685 0.0296468
2.686 0.0295969
2.687 0.029547
2.688 0.0294972
2.689 0.0294475
2.69 0.0293979
2.691 0.0293484
2.692 0.0292989
2.693 0.0292495
2.694 0.0292002
2.695 0.029151
2.696 0.0291019
2.697 0.0290528
2.698 0.0290038
2.699 0.0289549
2.7 0.0289061
2.701 0.0288574
2.702 0.0288087
2.703 0.0287601
2.704 0.0287116
2.705 0.0286632
2.706 0.0286149
2.707 0.0285666
2.708 0.0285184
2.709 0.0284703
2.71 0.0284223
2.711 0.0283743
2.712 0.0283265
2.713 0.0282787
2.714 0.0282309
2.715 0.0281833
2.716 0.0281357
2.717 0.0280883
2.718 0.0280409
2.719 0.0279935
2.72 0.0279463
2.721 0.0278991
2.722 0.027852
2.723 0.027805
2.724 0.027758
2.725 0.0277112
2.726 0.0276644
2.727 0.0276177
2.728 0.027571
2.729 0.0275245
2.73 0.027478
2.731 0.0274316
2.732 0.0273852
2.733 0.027339
2.734 0.0272928
2.735 0.0272467
2.736 0.0272006
2.737 0.0271547
2.738 0.0271088
2.739 0.027063
2.74 0.0270173
2.741 0.0269716
2.742 0.026926
2.743 0.0268805
2.744 0.0268351
2.745 0.0267897
2.746 0.0267444
2.747 0.0266992
2.748 0.0266541
2.749 0.026609
2.75 0.026564
2.751 0.0265191
2.752 0.0264743
2.753 0.0264295
2.754 0.0263848
2.755 0.0263402
2.756 0.0262956
2.757 0.0262511
2.758 0.0262067
2.759 0.0261624
2.76 0.0261181
2.761 0.0260739
2.762 0.0260298
2.763 0.0259858
2.764 0.0259418
2.765 0.0258979
2.766 0.0258541
2.767 0.0258103
2.768 0.0257666
2.769 0.025723
2.77 0.0256795
2.771 0.025636
2.772 0.0255926
2.773 0.0255493
2.774 0.025506
2.775 0.0254628
2.776 0.0254197
2.777 0.0253767
2.778 0.0253337
2.779 0.0252908
2.78 0.025248
2.781 0.0252052
2.782 0.0251625
2.783 0.0251199
2.784 0.0250773
2.785 0.0250349
2.786 0.0249924
2.787 0.0249501
2.788 0.0249078
2.789 0.0248656
2.79 0.0248235
2.791 0.0247814
2.792 0.0247394
2.793 0.0246975
2.794 0.0246556
2.795 0.0246138
2.796 0.0245721
2.797 0.0245305
2.798 0.0244889
2.799 0.0244474
2.8 0.0244059
2.801 0.0243645
2.802 0.0243232
2.803 0.024282
2.804 0.0242408
2.805 0.0241997
2.806 0.0241586
2.807 0.0241176
2.808 0.0240767
2.809 0.0240359
2.81 0.0239951
2.811 0.0239544
2.812 0.0239138
2.813 0.0238732
2.814 0.0238327
2.815 0.0237923
2.816 0.0237519
2.817 0.0237116
2.818 0.0236713
2.819 0.0236312
2.82 0.023591
2.821 0.023551
2.822 0.023511
2.823 0.0234711
2.824 0.0234313
2.825 0.0233915
2.826 0.0233518
2.827 0.0233121
2.828 0.0232725
2.829 0.023233
2.83 0.0231936
2.831 0.0231542
2.832 0.0231148
2.833 0.0230756
2.834 0.0230364
2.835 0.0229973
2.836 0.0229582
2.837 0.0229192
2.838 0.0228803
2.839 0.0228414
2.84 0.0228026
2.841 0.0227638
2.842 0.0227251
2.843 0.0226865
2.844 0.022648
2.845 0.0226095
2.846 0.022571
2.847 0.0225327
2.848 0.0224944
2.849 0.0224561
2.85 0.022418
2.851 0.0223799
2.852 0.0223418
2.853 0.0223038
2.854 0.0222659
2.855 0.022228
2.856 0.0221902
2.857 0.0221525
2.858 0.0221148
2.859 0.0220772
2.86 0.0220397
2.861 0.0220022
2.862 0.0219647
2.863 0.0219274
2.864 0.0218901
2.865 0.0218528
2.866 0.0218156
2.867 0.0217785
2.868 0.0217415
2.869 0.0217045
2.87 0.0216675
2.871 0.0216307
2.872 0.0215938
2.873 0.0215571
2.874 0.0215204
2.875 0.0214838
2.876 0.0214472
2.877 0.0214107
2.878 0.0213742
2.879 0.0213378
2.88 0.0213015
2.881 0.0212652
2.882 0.021229
2.883 0.0211929
2.884 0.0211568
2.885 0.0211208
2.886 0.0210848
2.887 0.0210489
2.888 0.021013
2.889 0.0209772
2.89 0.0209415
2.891 0.0209058
2.892 0.0208702
2.893 0.0208346
2.894 0.0207991
2.895 0.0207637
2.896 0.0207283
2.897 0.020693
2.898 0.0206577
2.899 0.0206225
2.9 0.0205874
2.901 0.0205523
2.902 0.0205172
2.903 0.0204823
2.904 0.0204474
2.905 0.0204125
2.906 0.0203777
2.907 0.020343
2.908 0.0203083
2.909 0.0202736
2.91 0.0202391
2.911 0.0202046
2.912 0.0201701
2.913 0.0201357
2.914 0.0201014
2.915 0.0200671
2.916 0.0200328
2.917 0.0199987
2.918 0.0199645
2.919 0.0199305
2.92 0.0198965
2.921 0.0198625
2.922 0.0198286
2.923 0.0197948
2.924 0.019761
2.925 0.0197273
2.926 0.0196936
2.927 0.01966
2.928 0.0196265
2.929 0.019593
2.93 0.0195595
2.931 0.0195261
2.932 0.0194928
2.933 0.0194595
2.934 0.0194263
2.935 0.0193931
2.936 0.01936
2.937 0.019327
2.938 0.019294
2.939 0.019261
2.94 0.0192281
2.941 0.0191953
2.942 0.0191625
2.943 0.0191298
2.944 0.0190971
2.945 0.0190645
2.946 0.0190319
2.947 0.0189994
2.948 0.0189669
2.949 0.0189345
2.95 0.0189022
2.951 0.0188699
2.952 0.0188376
2.953 0.0188054
2.954 0.0187733
2.955 0.0187412
2.956 0.0187092
2.957 0.0186772
2.958 0.0186453
2.959 0.0186134
2.96 0.0185816
2.961 0.0185498
2.962 0.0185181
2.963 0.0184864
2.964 0.0184548
2.965 0.0184233
2.966 0.0183918
2.967 0.0183603
2.968 0.0183289
2.969 0.0182976
2.97 0.0182663
2.971 0.018235
2.972 0.0182039
2.973 0.0181727
2.974 0.0181416
2.975 0.0181106
2.976 0.0180796
2.977 0.0180487
2.978 0.0180178
2.979 0.017987
2.98 0.0179562
2.981 0.0179255
2.982 0.0178948
2.983 0.0178642
2.984 0.0178336
2.985 0.0178031
2.986 0.0177726
2.987 0.0177422
2.988 0.0177118
2.989 0.0176815
2.99 0.0176512
2.991 0.017621
2.992 0.0175908
2.993 0.0175607
2.994 0.0175306
2.995 0.0175006
2.996 0.0174706
2.997 0.0174407
2.998 0.0174109
2.999 0.017381
3 0.0173513
3.001 0.0173215
3.002 0.0172919
3.003 0.0172623
3.004 0.0172327
3.005 0.0172032
3.006 0.0171737
3.007 0.0171443
3.008 0.0171149
3.009 0.0170856
3.01 0.0170563
3.011 0.0170271
3.012 0.0169979
3.013 0.0169687
3.014 0.0169397
3.015 0.0169106
3.016 0.0168816
3.017 0.0168527
3.018 0.0168238
3.019 0.016795
3.02 0.0167662
3.021 0.0167374
3.022 0.0167087
3.023 0.0166801
3.024 0.0166515
3.025 0.0166229
3.026 0.0165944
3.027 0.016566
3.028 0.0165376
3.029 0.0165092
3.03 0.0164809
3.031 0.0164526
3.032 0.0164244
3.033 0.0163962
3.034 0.0163681
3.035 0.01634
3.036 0.016312
3.037 0.016284
3.038 0.016256
3.039 0.0162281
3.04 0.0162003
3.041 0.0161725
3.042 0.0161447
3.043 0.016117
3.044 0.0160894
3.045 0.0160617
3.046 0.0160342
3.047 0.0160067
3.048 0.0159792
3.049 0.0159517
3.05 0.0159244
3.051 0.015897
3.052 0.0158697
3.053 0.0158425
3.054 0.0158153
3.055 0.0157881
3.056 0.015761
3.057 0.0157339
3.058 0.0157069
3.059 0.0156799
3.06 0.015653
3.061 0.0156261
3.062 0.0155993
3.063 0.0155725
3.064 0.0155457
3.065 0.015519
3.066 0.0154924
3.067 0.0154657
3.068 0.0154392
3.069 0.0154126
3.07 0.0153862
3.071 0.0153597
3.072 0.0153333
3.073 0.015307
3.074 0.0152807
3.075 0.0152544
3.076 0.0152282
3.077 0.015202
3.078 0.0151759
3.079 0.0151498
3.08 0.0151237
3.081 0.0150977
3.082 0.0150718
3.083 0.0150459
3.084 0.01502
3.085 0.0149942
3.086 0.0149684
3.087 0.0149426
3.088 0.0149169
3.089 0.0148913
3.09 0.0148657
3.091 0.0148401
3.092 0.0148146
3.093 0.0147891
3.094 0.0147637
3.095 0.0147383
3.096 0.0147129
3.097 0.0146876
3.098 0.0146623
3.099 0.0146371
3.1 0.0146119
3.101 0.0145868
3.102 0.0145617
3.103 0.0145366
3.104 0.0145116
3.105 0.0144866
3.106 0.0144617
3.107 0.0144368
3.108 0.0144119
3.109 0.0143871
3.11 0.0143624
3.111 0.0143376
3.112 0.0143129
3.113 0.0142883
3.114 0.0142637
3.115 0.0142391
3.116 0.0142146
3.117 0.0141901
3.118 0.0141657
3.119 0.0141413
3.12 0.014117
3.121 0.0140926
3.122 0.0140684
3.123 0.0140441
3.124 0.0140199
3.125 0.0139958
3.126 0.0139717
3.127 0.0139476
3.128 0.0139236
3.129 0.0138996
3.13 0.0138756
3.131 0.0138517
3.132 0.0138279
3.133 0.013804
3.134 0.0137803
3.135 0.0137565
3.136 0.0137328
3.137 0.0137091
3.138 0.0136855
3.139 0.0136619
3.14 0.0136384
3.141 0.0136148
3.142 0.0135914
3.143 0.0135679
3.144 0.0135446
3.145 0.0135212
3.146 0.0134979
3.147 0.0134746
3.148 0.0134514
3.149 0.0134282
3.15 0.013405
3.151 0.0133819
3.152 0.0133588
3.153 0.0133358
3.154 0.0133128
3.155 0.0132898
3.156 0.0132669
3.157 0.013244
3.158 0.0132212
3.159 0.0131984
3.16 0.0131756
3.161 0.0131529
3.162 0.0131302
3.163 0.0131075
3.164 0.0130849
3.165 0.0130623
3.166 0.0130398
3.167 0.0130173
3.168 0.0129948
3.169 0.0129724
3.17 0.01295
3.171 0.0129276
3.172 0.0129053
3.173 0.012883
3.174 0.0128608
3.175 0.0128386
3.176 0.0128164
3.177 0.0127943
3.178 0.0127722
3.179 0.0127502
3.18 0.0127281
3.181 0.0127062
3.182 0.0126842
3.183 0.0126623
3.184 0.0126404
3.185 0.0126186
3.186 0.0125968
3.187 0.0125751
3.188 0.0125533
3.189 0.0125317
3.19 0.01251
3.191 0.0124884
3.192 0.0124668
3.193 0.0124453
3.194 0.0124238
3.195 0.0124023
3.196 0.0123809
3.197 0.0123595
3.198 0.0123381
3.199 0.0123168
3.2 0.0122955
3.201 0.0122743
3.202 0.0122531
3.203 0.0122319
3.204 0.0122107
3.205 0.0121896
3.206 0.0121686
3.207 0.0121475
3.208 0.0121265
3.209 0.0121056
3.21 0.0120846
3.211 0.0120637
3.212 0.0120429
3.213 0.0120221
3.214 0.0120013
3.215 0.0119805
3.216 0.0119598
3.217 0.0119391
3.218 0.0119185
3.219 0.0118978
3.22 0.0118773
3.221 0.0118567
3.222 0.0118362
3.223 0.0118157
3.224 0.0117953
3.225 0.0117749
3.226 0.0117545
3.227 0.0117342
3.228 0.0117139
3.229 0.0116936
3.23 0.0116734
3.231 0.0116532
3.232 0.011633
3.233 0.0116129
3.234 0.0115928
3.235 0.0115727
3.236 0.0115527
3.237 0.0115327
3.238 0.0115127
3.239 0.0114928
3.24 0.0114729
3.241 0.011453
3.242 0.0114332
3.243 0.0114134
3.244 0.0113937
3.245 0.0113739
3.246 0.0113542
3.247 0.0113346
3.248 0.0113149
3.249 0.0112954
3.25 0.0112758
3.251 0.0112563
3.252 0.0112368
3.253 0.0112173
3.254 0.0111979
3.255 0.0111785
3.256 0.0111591
3.257 0.0111398
3.258 0.0111205
3.259 0.0111012
3.26 0.011082
3.261 0.0110628
3.262 0.0110436
3.263 0.0110245
3.264 0.0110054
3.265 0.0109863
3.266 0.0109673
3.267 0.0109483
3.268 0.0109293
3.269 0.0109104
3.27 0.0108914
3.271 0.0108726
3.272 0.0108537
3.273 0.0108349
3.274 0.0108161
3.275 0.0107974
3.276 0.0107787
3.277 0.01076
3.278 0.0107413
3.279 0.0107227
3.28 0.0107041
3.281 0.0106855
3.282 0.010667
3.283 0.0106485
3.284 0.01063
3.285 0.0106116
3.286 0.0105932
3.287 0.0105748
3.288 0.0105565
3.289 0.0105382
3.29 0.0105199
3.291 0.0105016
3.292 0.0104834
3.293 0.0104652
3.294 0.0104471
3.295 0.010429
3.296 0.0104109
3.297 0.0103928
3.298 0.0103748
3.299 0.0103568
3.3 0.0103388
3.301 0.0103209
3.302 0.0103029
3.303 0.0102851
3.304 0.0102672
3.305 0.0102494
3.306 0.0102316
3.307 0.0102138
3.308 0.0101961
3.309 0.0101784
3.31 0.0101607
3.311 0.0101431
3.312 0.0101255
3.313 0.0101079
3.314 0.0100904
3.315 0.0100728
3.316 0.0100554
3.317 0.0100379
3.318 0.0100205
3.319 0.0100031
3.32 0.00998569
3.321 0.00996835
3.322 0.00995103
3.323 0.00993375
3.324 0.00991649
3.325 0.00989927
3.326 0.00988207
3.327 0.00986491
3.328 0.00984777
3.329 0.00983066
3.33 0.00981358
3.331 0.00979653
3.332 0.00977951
3.333 0.00976252
3.334 0.00974555
3.335 0.00972862
3.336 0.00971171
3.337 0.00969484
3.338 0.00967799
3.339 0.00966117
3.34 0.00964437
3.341 0.00962761
3.342 0.00961088
3.343 0.00959417
3.344 0.00957749
3.345 0.00956084
3.346 0.00954422
3.347 0.00952763
3.348 0.00951107
3.349 0.00949453
3.35 0.00947802
3.351 0.00946154
3.352 0.00944509
3.353 0.00942867
3.354 0.00941227
3.355 0.0093959
3.356 0.00937956
3.357 0.00936325
3.358 0.00934696
3.359 0.0093307
3.36 0.00931448
3.361 0.00929827
3.362 0.0092821
3.363 0.00926595
3.364 0.00924983
3.365 0.00923374
3.366 0.00921768
3.367 0.00920164
3.368 0.00918563
3.369 0.00916964
3.37 0.00915369
3.371 0.00913776
3.372 0.00912186
3.373 0.00910598
3.374 0.00909014
3.375 0.00907432
3.376 0.00905852
3.377 0.00904276
3.378 0.00902702
3.379 0.0090113
3.38 0.00899562
3.381 0.00897996
3.382 0.00896433
3.383 0.00894872
3.384 0.00893314
3.385 0.00891759
3.386 0.00890206
3.387 0.00888656
3.388 0.00887109
3.389 0.00885564
3.39 0.00884022
3.391 0.00882482
3.392 0.00880946
3.393 0.00879411
3.394 0.0087788
3.395 0.00876351
3.396 0.00874824
3.397 0.008733
3.398 0.00871779
3.399 0.00870261
3.4 0.00868745
3.401 0.00867231
3.402 0.0086572
3.403 0.00864212
3.404 0.00862706
3.405 0.00861203
3.406 0.00859703
3.407 0.00858205
3.408 0.00856709
3.409 0.00855216
3.41 0.00853726
3.411 0.00852238
3.412 0.00850753
3.413 0.0084927
3.414 0.0084779
3.415 0.00846312
3.416 0.00844837
3.417 0.00843364
3.418 0.00841894
3.419 0.00840426
3.42 0.00838961
3.421 0.00837498
3.422 0.00836038
3.423 0.00834581
3.424 0.00833125
3.425 0.00831673
3.426 0.00830223
3.427 0.00828775
3.428 0.00827329
3.429 0.00825887
3.43 0.00824446
3.431 0.00823008
3.432 0.00821573
3.433 0.0082014
3.434 0.0081871
3.435 0.00817281
3.436 0.00815856
3.437 0.00814433
3.438 0.00813012
3.439 0.00811593
3.44 0.00810178
3.441 0.00808764
3.442 0.00807353
3.443 0.00805944
3.444 0.00804538
3.445 0.00803134
3.446 0.00801733
3.447 0.00800333
3.448 0.00798937
3.449 0.00797542
3.45 0.0079615
3.451 0.00794761
3.452 0.00793374
3.453 0.00791989
3.454 0.00790606
3.455 0.00789226
3.456 0.00787849
3.457 0.00786473
3.458 0.007851
3.459 0.0078373
3.46 0.00782361
3.461 0.00780995
3.462 0.00779632
3.463 0.0077827
3.464 0.00776911
3.465 0.00775555
3.466 0.007742
3.467 0.00772848
3.468 0.00771499
3.469 0.00770151
3.47 0.00768806
3.471 0.00767463
3.472 0.00766123
3.473 0.00764785
3.474 0.00763449
3.475 0.00762115
3.476 0.00760784
3.477 0.00759454
3.478 0.00758128
3.479 0.00756803
3.48 0.00755481
3.481 0.00754161
3.482 0.00752843
3.483 0.00751528
3.484 0.00750214
3.485 0.00748903
3.486 0.00747595
3.487 0.00746288
3.488 0.00744984
3.489 0.00743682
3.49 0.00742382
3.491 0.00741084
3.492 0.00739789
3.493 0.00738496
3.494 0.00737205
3.495 0.00735916
3.496 0.0073463
3.497 0.00733345
3.498 0.00732063
3.499 0.00730783
3.5 0.00729506
3.501 0.0072823
3.502 0.00726957
3.503 0.00725686
3.504 0.00724417
3.505 0.0072315
3.506 0.00721885
3.507 0.00720623
3.508 0.00719362
3.509 0.00718104
3.51 0.00716848
3.511 0.00715594
3.512 0.00714342
3.513 0.00713093
3.514 0.00711846
3.515 0.007106
3.516 0.00709357
3.517 0.00708116
3.518 0.00706877
3.519 0.0070564
3.52 0.00704406
3.521 0.00703173
3.522 0.00701943
3.523 0.00700715
3.524 0.00699488
3.525 0.00698264
3.526 0.00697042
3.527 0.00695822
3.528 0.00694605
3.529 0.00693389
3.53 0.00692175
3.531 0.00690964
3.532 0.00689754
3.533 0.00688547
3.534 0.00687341
3.535 0.00686138
3.536 0.00684937
3.537 0.00683738
3.538 0.00682541
3.539 0.00681346
3.54 0.00680153
3.541 0.00678962
3.542 0.00677773
3.543 0.00676586
3.544 0.00675401
3.545 0.00674218
3.546 0.00673038
3.547 0.00671859
3.548 0.00670682
3.549 0.00669508
3.55 0.00668335
3.551 0.00667164
3.552 0.00665996
3.553 0.00664829
3.554 0.00663664
3.555 0.00662502
3.556 0.00661341
3.557 0.00660183
3.558 0.00659026
3.559 0.00657871
3.56 0.00656719
3.561 0.00655568
3.562 0.00654419
3.563 0.00653272
3.564 0.00652128
3.565 0.00650985
3.566 0.00649844
3.567 0.00648705
3.568 0.00647568
3.569 0.00646433
3.57 0.006453
3.571 0.00644169
3.572 0.0064304
3.573 0.00641913
3.574 0.00640788
3.575 0.00639664
3.576 0.00638543
3.577 0.00637423
3.578 0.00636306
3.579 0.0063519
3.58 0.00634077
3.581 0.00632965
3.582 0.00631855
3.583 0.00630747
3.584 0.00629641
3.585 0.00628537
3.586 0.00627434
3.587 0.00626334
3.588 0.00625236
3.589 0.00624139
3.59 0.00623044
3.591 0.00621951
3.592 0.00620861
3.593 0.00619771
3.594 0.00618684
3.595 0.00617599
3.596 0.00616516
3.597 0.00615434
3.598 0.00614354
3.599 0.00613276
3.6 0.006122
3.601 0.00611126
3.602 0.00610054
3.603 0.00608983
3.604 0.00607915
3.605 0.00606848
3.606 0.00605783
3.607 0.0060472
3.608 0.00603659
3.609 0.00602599
3.61 0.00601542
3.611 0.00600486
3.612 0.00599432
3.613 0.0059838
3.614 0.00597329
3.615 0.00596281
3.616 0.00595234
3.617 0.00594189
3.618 0.00593146
3.619 0.00592104
3.62 0.00591065
3.621 0.00590027
3.622 0.00588991
3.623 0.00587957
3.624 0.00586925
3.625 0.00585894
3.626 0.00584865
3.627 0.00583838
3.628 0.00582813
3.629 0.00581789
3.63 0.00580767
3.631 0.00579747
3.632 0.00578729
3.633 0.00577712
3.634 0.00576698
3.635 0.00575685
3.636 0.00574673
3.637 0.00573664
3.638 0.00572656
3.639 0.0057165
3.64 0.00570646
3.641 0.00569643
3.642 0.00568642
3.643 0.00567643
3.644 0.00566646
3.645 0.0056565
3.646 0.00564656
3.647 0.00563664
3.648 0.00562673
3.649 0.00561684
3.65 0.00560697
3.651 0.00559712
3.652 0.00558728
3.653 0.00557746
3.654 0.00556766
3.655 0.00555787
3.656 0.0055481
3.657 0.00553835
3.658 0.00552861
3.659 0.00551889
3.66 0.00550919
3.661 0.0054995
3.662 0.00548983
3.663 0.00548018
3.664 0.00547055
3.665 0.00546093
3.666 0.00545133
3.667 0.00544174
3.668 0.00543217
3.669 0.00542262
3.67 0.00541308
3.671 0.00540356
3.672 0.00539406
3.673 0.00538457
3.674 0.0053751
3.675 0.00536565
3.676 0.00535621
3.677 0.00534679
3.678 0.00533738
3.679 0.00532799
3.68 0.00531862
3.681 0.00530926
3.682 0.00529992
3.683 0.0052906
3.684 0.00528129
3.685 0.005272
3.686 0.00526272
3.687 0.00525346
3.688 0.00524422
3.689 0.00523499
3.69 0.00522578
3.691 0.00521658
3.692 0.0052074
3.693 0.00519823
3.694 0.00518909
3.695 0.00517995
3.696 0.00517083
3.697 0.00516173
3.698 0.00515265
3.699 0.00514358
3.7 0.00513452
3.701 0.00512548
3.702 0.00511646
3.703 0.00510745
3.704 0.00509846
3.705 0.00508949
3.706 0.00508052
3.707 0.00507158
3.708 0.00506265
3.709 0.00505373
3.71 0.00504484
3.711 0.00503595
3.712 0.00502708
3.713 0.00501823
3.714 0.00500939
3.715 0.00500057
3.716 0.00499176
3.717 0.00498297
3.718 0.00497419
3.719 0.00496543
3.72 0.00495669
3.721 0.00494796
3.722 0.00493924
3.723 0.00493054
3.724 0.00492185
3.725 0.00491318
3.726 0.00490453
3.727 0.00489588
3.728 0.00488726
3.729 0.00487865
3.73 0.00487005
3.731 0.00486147
3.732 0.0048529
3.733 0.00484435
3.734 0.00483581
3.735 0.00482729
3.736 0.00481879
3.737 0.00481029
3.738 0.00480181
3.739 0.00479335
3.74 0.0047849
3.741 0.00477647
3.742 0.00476805
3.743 0.00475964
3.744 0.00475125
3.745 0.00474288
3.746 0.00473452
3.747 0.00472617
3.748 0.00471784
3.749 0.00470952
3.75 0.00470122
3.751 0.00469293
3.752 0.00468465
3.753 0.00467639
3.754 0.00466815
3.755 0.00465992
3.756 0.0046517
3.757 0.00464349
3.758 0.00463531
3.759 0.00462713
3.76 0.00461897
3.761 0.00461082
3.762 0.00460269
3.763 0.00459457
3.764 0.00458647
3.765 0.00457838
3.766 0.0045703
3.767 0.00456224
3.768 0.00455419
3.769 0.00454616
3.77 0.00453814
3.771 0.00453013
3.772 0.00452214
3.773 0.00451416
3.774 0.00450619
3.775 0.00449824
3.776 0.0044903
3.777 0.00448238
3.778 0.00447447
3.779 0.00446657
3.78 0.00445869
3.781 0.00445082
3.782 0.00444297
3.783 0.00443513
3.784 0.0044273
3.785 0.00441948
3.786 0.00441168
3.787 0.0044039
3.788 0.00439612
3.789 0.00438836
3.79 0.00438062
3.791 0.00437288
3.792 0.00436516
3.793 0.00435746
3.794 0.00434976
3.795 0.00434208
3.796 0.00433442
3.797 0.00432676
3.798 0.00431912
3.799 0.0043115
3.8 0.00430388
3.801 0.00429628
3.802 0.00428869
3.803 0.00428112
3.804 0.00427356
3.805 0.00426601
3.806 0.00425848
3.807 0.00425096
3.808 0.00424345
3.809 0.00423595
3.81 0.00422847
3.811 0.004221
3.812 0.00421354
3.813 0.0042061
3.814 0.00419867
3.815 0.00419125
3.816 0.00418385
3.817 0.00417646
3.818 0.00416908
3.819 0.00416171
3.82 0.00415436
3.821 0.00414702
3.822 0.00413969
3.823 0.00413237
3.824 0.00412507
3.825 0.00411778
3.826 0.0041105
3.827 0.00410324
3.828 0.00409599
3.829 0.00408875
3.83 0.00408152
3.831 0.00407431
3.832 0.00406711
3.833 0.00405992
3.834 0.00405274
3.835 0.00404558
3.836 0.00403842
3.837 0.00403129
3.838 0.00402416
3.839 0.00401704
3.84 0.00400994
3.841 0.00400285
3.842 0.00399577
3.843 0.00398871
3.844 0.00398166
3.845 0.00397462
3.846 0.00396759
3.847 0.00396057
3.848 0.00395357
3.849 0.00394658
3.85 0.0039396
3.851 0.00393263
3.852 0.00392567
3.853 0.00391873
3.854 0.0039118
3.855 0.00390488
3.856 0.00389797
3.857 0.00389108
3.858 0.00388419
3.859 0.00387732
3.86 0.00387046
3.861 0.00386362
3.862 0.00385678
3.863 0.00384996
3.864 0.00384315
3.865 0.00383635
3.866 0.00382956
3.867 0.00382278
3.868 0.00381602
3.869 0.00380927
3.87 0.00380253
3.871 0.0037958
3.872 0.00378908
3.873 0.00378237
3.874 0.00377568
3.875 0.003769
3.876 0.00376233
3.877 0.00375567
3.878 0.00374902
3.879 0.00374238
3.88 0.00373576
3.881 0.00372915
3.882 0.00372255
3.883 0.00371596
3.884 0.00370938
3.885 0.00370281
3.886 0.00369625
3.887 0.00368971
3.888 0.00368318
3.889 0.00367666
3.89 0.00367015
3.891 0.00366365
3.892 0.00365716
3.893 0.00365069
3.894 0.00364422
3.895 0.00363777
3.896 0.00363132
3.897 0.00362489
3.898 0.00361847
3.899 0.00361207
3.9 0.00360567
3.901 0.00359928
3.902 0.00359291
3.903 0.00358654
3.904 0.00358019
3.905 0.00357385
3.906 0.00356752
3.907 0.0035612
3.908 0.00355489
3.909 0.00354859
3.91 0.0035423
3.911 0.00353603
3.912 0.00352976
3.913 0.00352351
3.914 0.00351727
3.915 0.00351103
3.916 0.00350481
3.917 0.0034986
3.918 0.0034924
3.919 0.00348621
3.92 0.00348003
3.921 0.00347387
3.922 0.00346771
3.923 0.00346156
3.924 0.00345543
3.925 0.0034493
3.926 0.00344319
3.927 0.00343709
3.928 0.003431
3.929 0.00342491
3.93 0.00341884
3.931 0.00341278
3.932 0.00340673
3.933 0.00340069
3.934 0.00339466
3.935 0.00338864
3.936 0.00338264
3.937 0.00337664
3.938 0.00337065
3.939 0.00336468
3.94 0.00335871
3.941 0.00335275
3.942 0.00334681
3.943 0.00334087
3.944 0.00333495
3.945 0.00332903
3.946 0.00332313
3.947 0.00331724
3.948 0.00331135
3.949 0.00330548
3.95 0.00329962
3.951 0.00329376
3.952 0.00328792
3.953 0.00328209
3.954 0.00327627
3.955 0.00327046
3.956 0.00326465
3.957 0.00325886
3.958 0.00325308
3.959 0.00324731
3.96 0.00324155
3.961 0.0032358
3.962 0.00323006
3.963 0.00322433
3.964 0.0032186
3.965 0.00321289
3.966 0.00320719
3.967 0.0032015
3.968 0.00319582
3.969 0.00319015
3.97 0.00318449
3.971 0.00317883
3.972 0.00317319
3.973 0.00316756
3.974 0.00316194
3.975 0.00315633
3.976 0.00315072
3.977 0.00314513
3.978 0.00313955
3.979 0.00313398
3.98 0.00312841
3.981 0.00312286
3.982 0.00311731
3.983 0.00311178
3.984 0.00310626
3.985 0.00310074
3.986 0.00309524
3.987 0.00308974
3.988 0.00308425
3.989 0.00307878
3.99 0.00307331
3.991 0.00306785
3.992 0.0030624
3.993 0.00305697
3.994 0.00305154
3.995 0.00304612
3.996 0.00304071
3.997 0.00303531
3.998 0.00302992
3.999 0.00302454
4 0.00301916
