0 0.249959
0.01 0.249958
0.02 0.249954
0.03 0.249947
0.04 0.249937
0.05 0.249925
0.06 0.249909
0.07 0.249891
0.08 0.249871
0.09 0.249847
0.1 0.249821
0.11 0.249792
0.12 0.24976
0.13 0.249725
0.14 0.249688
0.15 0.249647
0.16 0.249604
0.17 0.249559
0.18 0.24951
0.19 0.249459
0.2 0.249405
0.21 0.249348
0.22 0.249288
0.23 0.249226
0.24 0.249161
0.25 0.249093
0.26 0.249023
0.27 0.248949
0.28 0.248873
0.29 0.248794
0.3 0.248713
0.31 0.248629
0.32 0.248542
0.33 0.248452
0.34 0.248359
0.35 0.248264
0.36 0.248166
0.37 0.248065
0.38 0.247962
0.39 0.247856
0.4 0.247747
0.41 0.247636
0.42 0.247521
0.43 0.247404
0.44 0.247285
0.45 0.247163
0.46 0.247037
0.47 0.24691
0.48 0.246779
0.49 0.246646
0.5 0.246511
0.51 0.246372
0.52 0.246231
0.53 0.246087
0.54 0.245941
0.55 0.245792
0.56 0.24564
0.57 0.245486
0.58 0.245329
0.59 0.245169
0.6 0.245007
0.61 0.244842
0.62 0.244674
0.63 0.244504
0.64 0.244331
0.65 0.244156
0.66 0.243978
0.67 0.243797
0.68 0.243614
0.69 0.243428
0.7 0.24324
0.71 0.243049
0.72 0.242856
0.73 0.242659
0.74 0.242461
0.75 0.24226
0.76 0.242056
0.77 0.24185
0.78 0.241641
0.79 0.24143
0.8 0.241216
0.81 0.240999
0.82 0.24078
0.83 0.240559
0.84 0.240335
0.85 0.240109
0.86 0.23988
0.87 0.239649
0.88 0.239415
0.89 0.239179
0.9 0.23894
0.91 0.238699
0.92 0.238455
0.93 0.238209
0.94 0.237961
0.95 0.23771
0.96 0.237457
0.97 0.237201
0.98 0.236943
0.99 0.236682
1 0.236419
1.01 0.236154
1.02 0.235886
1.03 0.235617
1.04 0.235344
1.05 0.23507
1.06 0.234793
1.07 0.234513
1.08 0.234232
1.09 0.233948
1.1 0.233661
1.11 0.233373
1.12 0.233082
1.13 0.232789
1.14 0.232493
1.15 0.232196
1.16 0.231896
1.17 0.231594
1.18 0.231289
1.19 0.230983
1.2 0.230674
1.21 0.230363
1.22 0.23005
1.23 0.229734
1.24 0.229417
1.25 0.229097
1.26 0.228775
1.27 0.228451
1.28 0.228125
1.29 0.227796
1.3 0.227466
1.31 0.227133
1.32 0.226799
1.33 0.226462
1.34 0.226123
1.35 0.225782
1.36 0.225439
1.37 0.225094
1.38 0.224747
1.39 0.224398
1.4 0.224047
1.41 0.223693
1.42 0.223338
1.43 0.222981
1.44 0.222622
1.45 0.222261
1.46 0.221898
1.47 0.221532
1.48 0.221165
1.49 0.220797
1.5 0.220426
1.51 0.220053
1.52 0.219678
1.53 0.219302
1.54 0.218923
1.55 0.218543
1.56 0.218161
1.57 0.217777
1.58 0.217391
1.59 0.217003
1.6 0.216614
1.61 0.216222
1.62 0.215829
1.63 0.215434
1.64 0.215038
1.65 0.214639
1.66 0.214239
1.67 0.213837
1.68 0.213434
1.69 0.213028
1.7 0.212621
1.71 0.212212
1.72 0.211802
1.73 0.21139
1.74 0.210976
1.75 0.210561
1.76 0.210144
1.77 0.209725
1.78 0.209305
1.79 0.208883
1.8 0.20846
1.81 0.208035
1.82 0.207608
1.83 0.20718
1.84 0.20675
1.85 0.206319
1.86 0.205886
1.87 0.205452
1.88 0.205016
1.89 0.204579
1.9 0.204141
1.91 0.2037
1.92 0.203259
1.93 0.202816
1.94 0.202371
1.95 0.201926
1.96 0.201478
1.97 0.20103
1.98 0.20058
1.99 0.200129
2 0.199676
2.01 0.199222
2.02 0.198767
2.03 0.19831
2.04 0.197852
2.05 0.197393
2.06 0.196932
2.07 0.196471
2.08 0.196008
2.09 0.195543
2.1 0.195078
2.11 0.194611
2.12 0.194144
2.13 0.193675
2.14 0.193204
2.15 0.192733
2.16 0.19226
2.17 0.191787
2.18 0.191312
2.19 0.190836
2.2 0.190359
2.21 0.189881
2.22 0.189402
2.23 0.188922
2.24 0.188441
2.25 0.187959
2.26 0.187475
2.27 0.186991
2.28 0.186506
2.29 0.18602
2.3 0.185532
2.31 0.185044
2.32 0.184555
2.33 0.184065
2.34 0.183574
2.35 0.183082
2.36 0.18259
2.37 0.182096
2.38 0.181601
2.39 0.181106
2.4 0.18061
2.41 0.180113
2.42 0.179615
2.43 0.179117
2.44 0.178617
2.45 0.178117
2.46 0.177616
2.47 0.177114
2.48 0.176612
2.49 0.176109
2.5 0.175605
2.51 0.175101
2.52 0.174595
2.53 0.17409
2.54 0.173583
2.55 0.173076
2.56 0.172568
2.57 0.17206
2.58 0.17155
2.59 0.171041
2.6 0.170531
2.61 0.17002
2.62 0.169508
2.63 0.168997
2.64 0.168484
2.65 0.167971
2.66 0.167458
2.67 0.166944
2.68 0.16643
2.69 0.165915
2.7 0.165399
2.71 0.164884
2.72 0.164367
2.73 0.163851
2.74 0.163334
2.75 0.162816
2.76 0.162299
2.77 0.161781
2.78 0.161262
2.79 0.160743
2.8 0.160224
2.81 0.159705
2.82 0.159185
2.83 0.158665
2.84 0.158145
2.85 0.157624
2.86 0.157103
2.87 0.156582
2.88 0.156061
2.89 0.155539
2.9 0.155018
2.91 0.154496
2.92 0.153974
2.93 0.153452
2.94 0.152929
2.95 0.152407
2.96 0.151884
2.97 0.151361
2.98 0.150839
2.99 0.150316
3 0.149793
3.01 0.14927
3.02 0.148747
3.03 0.148223
3.04 0.1477
3.05 0.147177
3.06 0.146654
3.07 0.146131
3.08 0.145608
3.09 0.145084
3.1 0.144561
3.11 0.144038
3.12 0.143515
3.13 0.142993
3.14 0.14247
3.15 0.141947
3.16 0.141425
3.17 0.140902
3.18 0.14038
3.19 0.139858
3.2 0.139336
3.21 0.138814
3.22 0.138292
3.23 0.137771
3.24 0.13725
3.25 0.136729
3.26 0.136208
3.27 0.135688
3.28 0.135167
3.29 0.134648
3.3 0.134128
3.31 0.133608
3.32 0.133089
3.33 0.132571
3.34 0.132052
3.35 0.131534
3.36 0.131016
3.37 0.130499
3.38 0.129982
3.39 0.129465
3.4 0.128949
3.41 0.128433
3.42 0.127918
3.43 0.127403
3.44 0.126888
3.45 0.126374
3.46 0.12586
3.47 0.125347
3.48 0.124834
3.49 0.124322
3.5 0.12381
3.51 0.123299
3.52 0.122788
3.53 0.122278
3.54 0.121769
3.55 0.12126
3.56 0.120751
3.57 0.120243
3.58 0.119736
3.59 0.119229
3.6 0.118723
3.61 0.118217
3.62 0.117712
3.63 0.117208
3.64 0.116704
3.65 0.116201
3.66 0.115699
3.67 0.115197
3.68 0.114696
3.69 0.114196
3.7 0.113696
3.71 0.113197
3.72 0.112699
3.73 0.112202
3.74 0.111705
3.75 0.111209
3.76 0.110714
3.77 0.110219
3.78 0.109726
3.79 0.109233
3.8 0.108741
3.81 0.108249
3.82 0.107759
3.83 0.107269
3.84 0.10678
3.85 0.106293
3.86 0.105805
3.87 0.105319
3.88 0.104834
3.89 0.104349
3.9 0.103866
3.91 0.103383
3.92 0.102901
3.93 0.10242
3.94 0.10194
3.95 0.101461
3.96 0.100983
3.97 0.100505
3.98 0.100029
3.99 0.0995539
4 0.0990795
4.01 0.0986062
4.02 0.0981338
4.03 0.0976624
4.04 0.097192
4.05 0.0967226
4.06 0.0962542
4.07 0.0957868
4.08 0.0953205
4.09 0.0948552
4.1 0.0943909
4.11 0.0939277
4.12 0.0934656
4.13 0.0930045
4.14 0.0925445
4.15 0.0920855
4.16 0.0916277
4.17 0.091171
4.18 0.0907153
4.19 0.0902608
4.2 0.0898073
4.21 0.089355
4.22 0.0889039
4.23 0.0884538
4.24 0.088005
4.25 0.0875572
4.26 0.0871106
4.27 0.0866652
4.28 0.0862209
4.29 0.0857779
4.3 0.085336
4.31 0.0848952
4.32 0.0844557
4.33 0.0840174
4.34 0.0835803
4.35 0.0831444
4.36 0.0827097
4.37 0.0822762
4.38 0.081844
4.39 0.081413
4.4 0.0809832
4.41 0.0805547
4.42 0.0801275
4.43 0.0797015
4.44 0.0792767
4.45 0.0788533
4.46 0.0784311
4.47 0.0780102
4.48 0.0775905
4.49 0.0771722
4.5 0.0767551
4.51 0.0763394
4.52 0.0759249
4.53 0.0755118
4.54 0.0751
4.55 0.0746895
4.56 0.0742803
4.57 0.0738724
4.58 0.0734659
4.59 0.0730607
4.6 0.0726569
4.61 0.0722544
4.62 0.0718533
4.63 0.0714535
4.64 0.071055
4.65 0.070658
4.66 0.0702623
4.67 0.0698679
4.68 0.069475
4.69 0.0690834
4.7 0.0686932
4.71 0.0683044
4.72 0.067917
4.73 0.067531
4.74 0.0671464
4.75 0.0667631
4.76 0.0663813
4.77 0.0660009
4.78 0.0656219
4.79 0.0652443
4.8 0.0648682
4.81 0.0644934
4.82 0.0641201
4.83 0.0637482
4.84 0.0633777
4.85 0.0630087
4.86 0.0626411
4.87 0.062275
4.88 0.0619102
4.89 0.061547
4.9 0.0611851
4.91 0.0608248
4.92 0.0604658
4.93 0.0601084
4.94 0.0597524
4.95 0.0593978
4.96 0.0590447
4.97 0.0586931
4.98 0.0583429
4.99 0.0579942
5 0.057647
5.01 0.0573012
5.02 0.0569569
5.03 0.0566141
5.04 0.0562728
5.05 0.0559329
5.06 0.0555946
5.07 0.0552577
5.08 0.0549223
5.09 0.0545883
5.1 0.0542559
5.11 0.0539249
5.12 0.0535955
5.13 0.0532675
5.14 0.052941
5.15 0.052616
5.16 0.0522925
5.17 0.0519705
5.18 0.05165
5.19 0.051331
5.2 0.0510135
5.21 0.0506975
5.22 0.050383
5.23 0.0500699
5.24 0.0497584
5.25 0.0494484
5.26 0.0491399
5.27 0.0488328
5.28 0.0485273
5.29 0.0482233
5.3 0.0479208
5.31 0.0476198
5.32 0.0473203
5.33 0.0470223
5.34 0.0467257
5.35 0.0464307
5.36 0.0461372
5.37 0.0458452
5.38 0.0455547
5.39 0.0452657
5.4 0.0449782
5.41 0.0446922
5.42 0.0444077
5.43 0.0441247
5.44 0.0438432
5.45 0.0435632
5.46 0.0432847
5.47 0.0430077
5.48 0.0427322
5.49 0.0424582
5.5 0.0421857
5.51 0.0419147
5.52 0.0416451
5.53 0.0413771
5.54 0.0411106
5.55 0.0408455
5.56 0.0405819
5.57 0.0403199
5.58 0.0400593
5.59 0.0398002
5.6 0.0395425
5.61 0.0392864
5.62 0.0390317
5.63 0.0387786
5.64 0.0385269
5.65 0.0382766
5.66 0.0380279
5.67 0.0377806
5.68 0.0375348
5.69 0.0372905
5.7 0.0370476
5.71 0.0368062
5.72 0.0365663
5.73 0.0363278
5.74 0.0360908
5.75 0.0358552
5.76 0.0356211
5.77 0.0353885
5.78 0.0351573
5.79 0.0349275
5.8 0.0346992
5.81 0.0344723
5.82 0.0342469
5.83 0.0340229
5.84 0.0338004
5.85 0.0335793
5.86 0.0333596
5.87 0.0331414
5.88 0.0329246
5.89 0.0327092
5.9 0.0324952
5.91 0.0322826
5.92 0.0320715
5.93 0.0318618
5.94 0.0316535
5.95 0.0314466
5.96 0.0312411
5.97 0.0310369
5.98 0.0308342
5.99 0.0306329
6 0.030433
6.01 0.0302345
6.02 0.0300373
6.03 0.0298416
6.04 0.0296472
6.05 0.0294542
6.06 0.0292625
6.07 0.0290723
6.08 0.0288834
6.09 0.0286958
6.1 0.0285096
6.11 0.0283248
6.12 0.0281413
6.13 0.0279592
6.14 0.0277784
6.15 0.027599
6.16 0.0274209
6.17 0.0272441
6.18 0.0270686
6.19 0.0268945
6.2 0.0267217
6.21 0.0265502
6.22 0.0263801
6.23 0.0262112
6.24 0.0260436
6.25 0.0258774
6.26 0.0257124
6.27 0.0255487
6.28 0.0253864
6.29 0.0252253
6.3 0.0250655
6.31 0.0249069
6.32 0.0247496
6.33 0.0245937
6.34 0.0244389
6.35 0.0242854
6.36 0.0241332
6.37 0.0239822
6.38 0.0238325
6.39 0.023684
6.4 0.0235368
6.41 0.0233908
6.42 0.023246
6.43 0.0231024
6.44 0.0229601
6.45 0.022819
6.46 0.022679
6.47 0.0225403
6.48 0.0224028
6.49 0.0222665
6.5 0.0221314
6.51 0.0219974
6.52 0.0218646
6.53 0.0217331
6.54 0.0216026
6.55 0.0214734
6.56 0.0213453
6.57 0.0212184
6.58 0.0210926
6.59 0.020968
6.6 0.0208445
6.61 0.0207221
6.62 0.0206009
6.63 0.0204808
6.64 0.0203619
6.65 0.020244
6.66 0.0201273
6.67 0.0200116
6.68 0.0198971
6.69 0.0197837
6.7 0.0196713
6.71 0.0195601
6.72 0.0194499
6.73 0.0193408
6.74 0.0192328
6.75 0.0191258
6.76 0.0190199
6.77 0.018915
6.78 0.0188112
6.79 0.0187085
6.8 0.0186068
6.81 0.0185061
6.82 0.0184064
6.83 0.0183078
6.84 0.0182102
6.85 0.0181136
6.86 0.018018
6.87 0.0179234
6.88 0.0178298
6.89 0.0177372
6.9 0.0176456
6.91 0.017555
6.92 0.0174653
6.93 0.0173766
6.94 0.0172889
6.95 0.0172021
6.96 0.0171163
6.97 0.0170314
6.98 0.0169475
6.99 0.0168645
7 0.0167824
7.01 0.0167013
7.02 0.0166211
7.03 0.0165417
7.04 0.0164633
7.05 0.0163858
7.06 0.0163093
7.07 0.0162335
7.08 0.0161587
7.09 0.0160848
7.1 0.0160117
7.11 0.0159395
7.12 0.0158682
7.13 0.0157977
7.14 0.0157281
7.15 0.0156593
7.16 0.0155914
7.17 0.0155243
7.18 0.015458
7.19 0.0153926
7.2 0.0153279
7.21 0.0152641
7.22 0.0152011
7.23 0.0151389
7.24 0.0150775
7.25 0.0150169
7.26 0.0149571
7.27 0.014898
7.28 0.0148397
7.29 0.0147822
7.3 0.0147255
7.31 0.0146695
7.32 0.0146142
7.33 0.0145597
7.34 0.014506
7.35 0.0144529
7.36 0.0144007
7.37 0.0143491
7.38 0.0142982
7.39 0.0142481
7.4 0.0141987
7.41 0.0141499
7.42 0.0141019
7.43 0.0140545
7.44 0.0140079
7.45 0.0139619
7.46 0.0139166
7.47 0.0138719
7.48 0.0138279
7.49 0.0137846
7.5 0.0137419
7.51 0.0136999
7.52 0.0136585
7.53 0.0136177
7.54 0.0135776
7.55 0.0135381
7.56 0.0134992
7.57 0.0134609
7.58 0.0134232
7.59 0.0133861
7.6 0.0133496
7.61 0.0133138
7.62 0.0132784
7.63 0.0132437
7.64 0.0132096
7.65 0.013176
7.66 0.0131429
7.67 0.0131105
7.68 0.0130786
7.69 0.0130472
7.7 0.0130163
7.71 0.0129861
7.72 0.0129563
7.73 0.012927
7.74 0.0128983
7.75 0.0128701
7.76 0.0128424
7.77 0.0128152
7.78 0.0127885
7.79 0.0127623
7.8 0.0127366
7.81 0.0127114
7.82 0.0126866
7.83 0.0126623
7.84 0.0126385
7.85 0.0126151
7.86 0.0125922
7.87 0.0125698
7.88 0.0125478
7.89 0.0125262
7.9 0.0125051
7.91 0.0124844
7.92 0.0124641
7.93 0.0124443
7.94 0.0124248
7.95 0.0124058
7.96 0.0123872
7.97 0.012369
7.98 0.0123511
7.99 0.0123337
8 0.0123166
8.01 0.0123
8.02 0.0122837
8.03 0.0122677
8.04 0.0122522
8.05 0.012237
8.06 0.0122222
8.07 0.0122077
8.08 0.0121935
8.09 0.0121797
8.1 0.0121662
8.11 0.0121531
8.12 0.0121403
8.13 0.0121278
8.14 0.0121157
8.15 0.0121038
8.16 0.0120923
8.17 0.012081
8.18 0.0120701
8.19 0.0120594
8.2 0.0120491
8.21 0.012039
8.22 0.0120292
8.23 0.0120197
8.24 0.0120105
8.25 0.0120015
8.26 0.0119928
8.27 0.0119843
8.28 0.0119761
8.29 0.0119682
8.3 0.0119605
8.31 0.011953
8.32 0.0119458
8.33 0.0119388
8.34 0.011932
8.35 0.0119255
8.36 0.0119191
8.37 0.011913
8.38 0.0119071
8.39 0.0119015
8.4 0.011896
8.41 0.0118907
8.42 0.0118856
8.43 0.0118807
8.44 0.011876
8.45 0.0118714
8.46 0.0118671
8.47 0.0118629
8.48 0.0118589
8.49 0.0118551
8.5 0.0118514
8.51 0.0118479
8.52 0.0118445
8.53 0.0118413
8.54 0.0118382
8.55 0.0118353
8.56 0.0118325
8.57 0.0118299
8.58 0.0118273
8.59 0.011825
8.6 0.0118227
8.61 0.0118206
8.62 0.0118185
8.63 0.0118166
8.64 0.0118148
8.65 0.0118131
8.66 0.0118116
8.67 0.0118101
8.68 0.0118087
8.69 0.0118074
8.7 0.0118062
8.71 0.0118051
8.72 0.011804
8.73 0.0118031
8.74 0.0118022
8.75 0.0118014
8.76 0.0118006
8.77 0.0118
8.78 0.0117993
8.79 0.0117988
8.8 0.0117983
8.81 0.0117979
8.82 0.0117975
8.83 0.0117971
8.84 0.0117968
8.85 0.0117966
8.86 0.0117964
8.87 0.0117962
8.88 0.0117961
8.89 0.0117959
8.9 0.0117959
8.91 0.0117958
8.92 0.0117957
8.93 0.0117957
8.94 0.0117957
8.95 0.0117957
8.96 0.0117957
8.97 0.0117957
8.98 0.0117958
8.99 0.0117958
9 0.0117958
9.01 0.0117958
9.02 0.0117959
9.03 0.0117959
9.04 0.0117959
9.05 0.0117959
9.06 0.0117958
9.07 0.0117958
9.08 0.0117957
9.09 0.0117956
9.1 0.0117955
9.11 0.0117953
9.12 0.0117952
9.13 0.011795
9.14 0.0117947
9.15 0.0117944
9.16 0.0117941
9.17 0.0117937
9.18 0.0117933
9.19 0.0117929
9.2 0.0117924
9.21 0.0117918
9.22 0.0117912
9.23 0.0117906
9.24 0.0117899
9.25 0.0117891
9.26 0.0117883
9.27 0.0117874
9.28 0.0117864
9.29 0.0117854
9.3 0.0117843
9.31 0.0117832
9.32 0.0117819
9.33 0.0117806
9.34 0.0117793
9.35 0.0117778
9.36 0.0117763
9.37 0.0117747
9.38 0.011773
9.39 0.0117712
9.4 0.0117693
9.41 0.0117674
9.42 0.0117654
9.43 0.0117632
9.44 0.011761
9.45 0.0117587
9.46 0.0117563
9.47 0.0117538
9.48 0.0117512
9.49 0.0117486
9.5 0.0117458
9.51 0.0117429
9.52 0.0117399
9.53 0.0117368
9.54 0.0117336
9.55 0.0117303
9.56 0.0117269
9.57 0.0117234
9.58 0.0117198
9.59 0.011716
9.6 0.0117122
9.61 0.0117082
9.62 0.0117041
9.63 0.0117
9.64 0.0116957
9.65 0.0116912
9.66 0.0116867
9.67 0.011682
9.68 0.0116773
9.69 0.0116724
9.7 0.0116674
9.71 0.0116622
9.72 0.011657
9.73 0.0116516
9.74 0.0116461
9.75 0.0116404
9.76 0.0116347
9.77 0.0116288
9.78 0.0116228
9.79 0.0116166
9.8 0.0116104
9.81 0.011604
9.82 0.0115974
9.83 0.0115908
9.84 0.011584
9.85 0.0115771
9.86 0.01157
9.87 0.0115628
9.88 0.0115555
9.89 0.011548
9.9 0.0115405
9.91 0.0115327
9.92 0.0115249
9.93 0.0115169
9.94 0.0115088
9.95 0.0115005
9.96 0.0114921
9.97 0.0114836
9.98 0.0114749
9.99 0.0114661
10 0.0114572
10.01 0.0114481
10.02 0.0114389
10.03 0.0114295
10.04 0.01142
10.05 0.0114104
10.06 0.0114006
10.07 0.0113907
10.08 0.0113806
10.09 0.0113705
10.1 0.0113601
10.11 0.0113497
10.12 0.0113391
10.13 0.0113283
10.14 0.0113175
10.15 0.0113064
10.16 0.0112953
10.17 0.011284
10.18 0.0112726
10.19 0.011261
10.2 0.0112493
10.21 0.0112374
10.22 0.0112255
10.23 0.0112133
10.24 0.0112011
10.25 0.0111887
10.26 0.0111762
10.27 0.0111635
10.28 0.0111507
10.29 0.0111378
10.3 0.0111247
10.31 0.0111115
10.32 0.0110981
10.33 0.0110847
10.34 0.0110711
10.35 0.0110573
10.36 0.0110434
10.37 0.0110294
10.38 0.0110153
10.39 0.011001
10.4 0.0109866
10.41 0.0109721
10.42 0.0109574
10.43 0.0109426
10.44 0.0109277
10.45 0.0109126
10.46 0.0108974
10.47 0.0108821
10.48 0.0108667
10.49 0.0108511
10.5 0.0108354
10.51 0.0108196
10.52 0.0108037
10.53 0.0107876
10.54 0.0107714
10.55 0.0107551
10.56 0.0107386
10.57 0.0107221
10.58 0.0107054
10.59 0.0106886
10.6 0.0106717
10.61 0.0106546
10.62 0.0106375
10.63 0.0106202
10.64 0.0106028
10.65 0.0105853
10.66 0.0105677
10.67 0.0105499
10.68 0.0105321
10.69 0.0105141
10.7 0.010496
10.71 0.0104779
10.72 0.0104596
10.73 0.0104412
10.74 0.0104226
10.75 0.010404
10.76 0.0103853
10.77 0.0103664
10.78 0.0103475
10.79 0.0103285
10.8 0.0103093
10.81 0.0102901
10.82 0.0102707
10.83 0.0102513
10.84 0.0102317
10.85 0.0102121
10.86 0.0101923
10.87 0.0101725
10.88 0.0101525
10.89 0.0101325
10.9 0.0101124
10.91 0.0100922
10.92 0.0100718
10.93 0.0100514
10.94 0.010031
10.95 0.0100104
10.96 0.00998971
10.97 0.00996895
10.98 0.00994812
10.99 0.0099272
11 0.00990619
11.01 0.0098851
11.02 0.00986394
11.03 0.00984269
11.04 0.00982136
11.05 0.00979996
11.06 0.00977847
11.07 0.00975692
11.08 0.00973529
11.09 0.00971358
11.1 0.00969181
11.11 0.00966996
11.12 0.00964804
11.13 0.00962606
11.14 0.009604
11.15 0.00958188
11.16 0.0095597
11.17 0.00953744
11.18 0.00951513
11.19 0.00949276
11.2 0.00947032
11.21 0.00944783
11.22 0.00942527
11.23 0.00940266
11.24 0.00937999
11.25 0.00935727
11.26 0.00933449
11.27 0.00931166
11.28 0.00928878
11.29 0.00926585
11.3 0.00924287
11.31 0.00921985
11.32 0.00919677
11.33 0.00917365
11.34 0.00915049
11.35 0.00912728
11.36 0.00910403
11.37 0.00908074
11.38 0.00905741
11.39 0.00903404
11.4 0.00901064
11.41 0.0089872
11.42 0.00896372
11.43 0.00894021
11.44 0.00891667
11.45 0.00889309
11.46 0.00886949
11.47 0.00884586
11.48 0.0088222
11.49 0.00879851
11.5 0.0087748
11.51 0.00875106
11.52 0.0087273
11.53 0.00870352
11.54 0.00867972
11.55 0.0086559
11.56 0.00863206
11.57 0.00860821
11.58 0.00858434
11.59 0.00856045
11.6 0.00853655
11.61 0.00851264
11.62 0.00848872
11.63 0.00846479
11.64 0.00844085
11.65 0.0084169
11.66 0.00839294
11.67 0.00836898
11.68 0.00834502
11.69 0.00832105
11.7 0.00829709
11.71 0.00827312
11.72 0.00824915
11.73 0.00822518
11.74 0.00820122
11.75 0.00817726
11.76 0.0081533
11.77 0.00812936
11.78 0.00810542
11.79 0.00808149
11.8 0.00805756
11.81 0.00803365
11.82 0.00800975
11.83 0.00798587
11.84 0.007962
11.85 0.00793814
11.86 0.0079143
11.87 0.00789048
11.88 0.00786667
11.89 0.00784289
11.9 0.00781913
11.91 0.00779539
11.92 0.00777167
11.93 0.00774797
11.94 0.00772431
11.95 0.00770066
11.96 0.00767705
11.97 0.00765346
11.98 0.0076299
11.99 0.00760638
12 0.00758288
12.01 0.00755942
12.02 0.00753599
12.03 0.00751259
12.04 0.00748923
12.05 0.00746591
12.06 0.00744262
12.07 0.00741938
12.08 0.00739617
12.09 0.007373
12.1 0.00734988
12.11 0.00732679
12.12 0.00730375
12.13 0.00728076
12.14 0.00725781
12.15 0.00723491
12.16 0.00721205
12.17 0.00718924
12.18 0.00716648
12.19 0.00714377
12.2 0.00712112
12.21 0.00709851
12.22 0.00707596
12.23 0.00705346
12.24 0.00703101
12.25 0.00700863
12.26 0.00698629
12.27 0.00696402
12.28 0.0069418
12.29 0.00691964
12.3 0.00689754
12.31 0.0068755
12.32 0.00685353
12.33 0.00683161
12.34 0.00680976
12.35 0.00678797
12.36 0.00676625
12.37 0.0067446
12.38 0.006723
12.39 0.00670148
12.4 0.00668002
12.41 0.00665864
12.42 0.00663732
12.43 0.00661607
12.44 0.00659489
12.45 0.00657379
12.46 0.00655276
12.47 0.0065318
12.48 0.00651091
12.49 0.0064901
12.5 0.00646936
12.51 0.0064487
12.52 0.00642812
12.53 0.00640761
12.54 0.00638718
12.55 0.00636683
12.56 0.00634656
12.57 0.00632637
12.58 0.00630625
12.59 0.00628622
12.6 0.00626628
12.61 0.00624641
12.62 0.00622662
12.63 0.00620692
12.64 0.00618731
12.65 0.00616778
12.66 0.00614833
12.67 0.00612897
12.68 0.00610969
12.69 0.00609051
12.7 0.00607141
12.71 0.00605239
12.72 0.00603347
12.73 0.00601463
12.74 0.00599589
12.75 0.00597723
12.76 0.00595866
12.77 0.00594019
12.78 0.0059218
12.79 0.00590351
12.8 0.00588531
12.81 0.0058672
12.82 0.00584919
12.83 0.00583127
12.84 0.00581344
12.85 0.0057957
12.86 0.00577807
12.87 0.00576052
12.88 0.00574307
12.89 0.00572572
12.9 0.00570846
12.91 0.0056913
12.92 0.00567424
12.93 0.00565727
12.94 0.0056404
12.95 0.00562363
12.96 0.00560695
12.97 0.00559038
12.98 0.0055739
12.99 0.00555752
13 0.00554124
13.01 0.00552506
13.02 0.00550898
13.03 0.005493
13.04 0.00547712
13.05 0.00546134
13.06 0.00544566
13.07 0.00543008
13.08 0.00541461
13.09 0.00539923
13.1 0.00538395
13.11 0.00536878
13.12 0.00535371
13.13 0.00533874
13.14 0.00532387
13.15 0.0053091
13.16 0.00529444
13.17 0.00527988
13.18 0.00526542
13.19 0.00525106
13.2 0.00523681
13.21 0.00522265
13.22 0.00520861
13.23 0.00519466
13.24 0.00518082
13.25 0.00516708
13.26 0.00515344
13.27 0.00513991
13.28 0.00512648
13.29 0.00511315
13.3 0.00509993
13.31 0.00508681
13.32 0.00507379
13.33 0.00506088
13.34 0.00504806
13.35 0.00503536
13.36 0.00502275
13.37 0.00501025
13.38 0.00499785
13.39 0.00498556
13.4 0.00497336
13.41 0.00496127
13.42 0.00494929
13.43 0.0049374
13.44 0.00492562
13.45 0.00491394
13.46 0.00490237
13.47 0.00489089
13.48 0.00487952
13.49 0.00486825
13.5 0.00485708
13.51 0.00484601
13.52 0.00483505
13.53 0.00482418
13.54 0.00481342
13.55 0.00480276
13.56 0.0047922
13.57 0.00478174
13.58 0.00477138
13.59 0.00476112
13.6 0.00475096
13.61 0.0047409
13.62 0.00473095
13.63 0.00472109
13.64 0.00471132
13.65 0.00470166
13.66 0.0046921
13.67 0.00468264
13.68 0.00467327
13.69 0.004664
13.7 0.00465483
13.71 0.00464576
13.72 0.00463678
13.73 0.0046279
13.74 0.00461912
13.75 0.00461043
13.76 0.00460184
13.77 0.00459334
13.78 0.00458494
13.79 0.00457664
13.8 0.00456843
13.81 0.00456031
13.82 0.00455229
13.83 0.00454436
13.84 0.00453652
13.85 0.00452878
13.86 0.00452112
13.87 0.00451356
13.88 0.0045061
13.89 0.00449872
13.9 0.00449143
13.91 0.00448424
13.92 0.00447713
13.93 0.00447012
13.94 0.00446319
13.95 0.00445635
13.96 0.0044496
13.97 0.00444294
13.98 0.00443637
13.99 0.00442988
14 0.00442348
14.01 0.00441716
14.02 0.00441093
14.03 0.00440479
14.04 0.00439873
14.05 0.00439276
14.06 0.00438686
14.07 0.00438106
14.08 0.00437533
14.09 0.00436969
14.1 0.00436413
14.11 0.00435865
14.12 0.00435325
14.13 0.00434793
14.14 0.00434269
14.15 0.00433753
14.16 0.00433245
14.17 0.00432745
14.18 0.00432252
14.19 0.00431768
14.2 0.00431291
14.21 0.00430821
14.22 0.00430359
14.23 0.00429905
14.24 0.00429458
14.25 0.00429018
14.26 0.00428586
14.27 0.00428161
14.28 0.00427743
14.29 0.00427333
14.3 0.00426929
14.31 0.00426533
14.32 0.00426143
14.33 0.00425761
14.34 0.00425385
14.35 0.00425017
14.36 0.00424655
14.37 0.00424299
14.38 0.00423951
14.39 0.00423609
14.4 0.00423273
14.41 0.00422944
14.42 0.00422622
14.43 0.00422305
14.44 0.00421995
14.45 0.00421692
14.46 0.00421394
14.47 0.00421102
14.48 0.00420817
14.49 0.00420538
14.5 0.00420264
14.51 0.00419996
14.52 0.00419734
14.53 0.00419478
14.54 0.00419228
14.55 0.00418983
14.56 0.00418744
14.57 0.0041851
14.58 0.00418282
14.59 0.00418058
14.6 0.00417841
14.61 0.00417628
14.62 0.00417421
14.63 0.00417219
14.64 0.00417022
14.65 0.00416829
14.66 0.00416642
14.67 0.0041646
14.68 0.00416282
14.69 0.00416109
14.7 0.00415941
14.71 0.00415777
14.72 0.00415618
14.73 0.00415463
14.74 0.00415313
14.75 0.00415167
14.76 0.00415025
14.77 0.00414888
14.78 0.00414755
14.79 0.00414626
14.8 0.004145
14.81 0.00414379
14.82 0.00414262
14.83 0.00414148
14.84 0.00414038
14.85 0.00413932
14.86 0.0041383
14.87 0.00413731
14.88 0.00413636
14.89 0.00413544
14.9 0.00413455
14.91 0.0041337
14.92 0.00413288
14.93 0.00413209
14.94 0.00413133
14.95 0.00413061
14.96 0.00412991
14.97 0.00412924
14.98 0.0041286
14.99 0.00412799
15 0.00412741
15.01 0.00412685
15.02 0.00412632
15.03 0.00412581
15.04 0.00412533
15.05 0.00412488
15.06 0.00412444
15.07 0.00412403
15.08 0.00412365
15.09 0.00412328
15.1 0.00412294
15.11 0.00412261
15.12 0.00412231
15.13 0.00412202
15.14 0.00412175
15.15 0.00412151
15.16 0.00412127
15.17 0.00412106
15.18 0.00412086
15.19 0.00412068
15.2 0.00412051
15.21 0.00412036
15.22 0.00412022
15.23 0.00412009
15.24 0.00411998
15.25 0.00411987
15.26 0.00411978
15.27 0.0041197
15.28 0.00411963
15.29 0.00411957
15.3 0.00411952
15.31 0.00411948
15.32 0.00411944
15.33 0.00411942
15.34 0.00411939
15.35 0.00411938
15.36 0.00411937
15.37 0.00411937
15.38 0.00411937
15.39 0.00411937
15.4 0.00411938
15.41 0.00411939
15.42 0.0041194
15.43 0.00411942
15.44 0.00411943
15.45 0.00411945
15.46 0.00411946
15.47 0.00411948
15.48 0.00411949
15.49 0.00411951
15.5 0.00411952
15.51 0.00411953
15.52 0.00411953
15.53 0.00411953
15.54 0.00411953
15.55 0.00411953
15.56 0.00411951
15.57 0.0041195
15.58 0.00411947
15.59 0.00411944
15.6 0.00411941
15.61 0.00411936
15.62 0.00411931
15.63 0.00411925
15.64 0.00411918
15.65 0.0041191
15.66 0.00411901
15.67 0.00411891
15.68 0.0041188
15.69 0.00411868
15.7 0.00411854
15.71 0.00411839
15.72 0.00411824
15.73 0.00411806
15.74 0.00411788
15.75 0.00411768
15.76 0.00411746
15.77 0.00411724
15.78 0.00411699
15.79 0.00411673
15.8 0.00411646
15.81 0.00411616
15.82 0.00411585
15.83 0.00411553
15.84 0.00411518
15.85 0.00411482
15.86 0.00411444
15.87 0.00411404
15.88 0.00411362
15.89 0.00411318
15.9 0.00411272
15.91 0.00411224
15.92 0.00411174
15.93 0.00411122
15.94 0.00411068
15.95 0.00411011
15.96 0.00410953
15.97 0.00410892
15.98 0.00410829
15.99 0.00410763
16 0.00410695
16.01 0.00410625
16.02 0.00410552
16.03 0.00410477
16.04 0.004104
16.05 0.00410319
16.06 0.00410237
16.07 0.00410152
16.08 0.00410064
16.09 0.00409973
16.1 0.0040988
16.11 0.00409785
16.12 0.00409686
16.13 0.00409585
16.14 0.00409481
16.15 0.00409374
16.16 0.00409265
16.17 0.00409152
16.18 0.00409037
16.19 0.00408919
16.2 0.00408797
16.21 0.00408673
16.22 0.00408546
16.23 0.00408416
16.24 0.00408283
16.25 0.00408147
16.26 0.00408008
16.27 0.00407866
16.28 0.00407721
16.29 0.00407573
16.3 0.00407421
16.31 0.00407267
16.32 0.00407109
16.33 0.00406948
16.34 0.00406784
16.35 0.00406616
16.36 0.00406446
16.37 0.00406272
16.38 0.00406095
16.39 0.00405914
16.4 0.0040573
16.41 0.00405543
16.42 0.00405353
16.43 0.00405159
16.44 0.00404962
16.45 0.00404762
16.46 0.00404558
16.47 0.00404351
16.48 0.0040414
16.49 0.00403926
16.5 0.00403709
16.51 0.00403488
16.52 0.00403264
16.53 0.00403036
16.54 0.00402805
16.55 0.0040257
16.56 0.00402332
16.57 0.0040209
16.58 0.00401845
16.59 0.00401597
16.6 0.00401345
16.61 0.00401089
16.62 0.0040083
16.63 0.00400567
16.64 0.00400301
16.65 0.00400031
16.66 0.00399758
16.67 0.00399482
16.68 0.00399201
16.69 0.00398917
16.7 0.0039863
16.71 0.00398339
16.72 0.00398045
16.73 0.00397747
16.74 0.00397446
16.75 0.00397141
16.76 0.00396832
16.77 0.0039652
16.78 0.00396204
16.79 0.00395885
16.8 0.00395563
16.81 0.00395236
16.82 0.00394907
16.83 0.00394574
16.84 0.00394237
16.85 0.00393897
16.86 0.00393553
16.87 0.00393206
16.88 0.00392855
16.89 0.00392501
16.9 0.00392143
16.91 0.00391782
16.92 0.00391417
16.93 0.00391049
16.94 0.00390678
16.95 0.00390303
16.96 0.00389925
16.97 0.00389543
16.98 0.00389158
16.99 0.00388769
17 0.00388377
17.01 0.00387982
17.02 0.00387583
17.03 0.00387181
17.04 0.00386775
17.05 0.00386366
17.06 0.00385954
17.07 0.00385539
17.08 0.0038512
17.09 0.00384698
17.1 0.00384273
17.11 0.00383845
17.12 0.00383413
17.13 0.00382978
17.14 0.0038254
17.15 0.00382098
17.16 0.00381654
17.17 0.00381206
17.18 0.00380755
17.19 0.00380301
17.2 0.00379844
17.21 0.00379384
17.22 0.00378921
17.23 0.00378454
17.24 0.00377985
17.25 0.00377513
17.26 0.00377037
17.27 0.00376559
17.28 0.00376078
17.29 0.00375593
17.3 0.00375106
17.31 0.00374616
17.32 0.00374123
17.33 0.00373627
17.34 0.00373128
17.35 0.00372627
17.36 0.00372123
17.37 0.00371616
17.38 0.00371106
17.39 0.00370593
17.4 0.00370078
17.41 0.0036956
17.42 0.0036904
17.43 0.00368516
17.44 0.0036799
17.45 0.00367462
17.46 0.00366931
17.47 0.00366397
17.48 0.00365861
17.49 0.00365323
17.5 0.00364782
17.51 0.00364238
17.52 0.00363693
17.53 0.00363144
17.54 0.00362594
17.55 0.00362041
17.56 0.00361485
17.57 0.00360928
17.58 0.00360368
17.59 0.00359806
17.6 0.00359242
17.61 0.00358675
17.62 0.00358107
17.63 0.00357536
17.64 0.00356963
17.65 0.00356389
17.66 0.00355812
17.67 0.00355233
17.68 0.00354652
17.69 0.00354069
17.7 0.00353484
17.71 0.00352898
17.72 0.00352309
17.73 0.00351719
17.74 0.00351127
17.75 0.00350533
17.76 0.00349937
17.77 0.0034934
17.78 0.00348741
17.79 0.0034814
17.8 0.00347538
17.81 0.00346934
17.82 0.00346328
17.83 0.00345721
17.84 0.00345112
17.85 0.00344502
17.86 0.00343891
17.87 0.00343278
17.88 0.00342664
17.89 0.00342048
17.9 0.00341431
17.91 0.00340813
17.92 0.00340193
17.93 0.00339573
17.94 0.00338951
17.95 0.00338328
17.96 0.00337704
17.97 0.00337078
17.98 0.00336452
17.99 0.00335824
18 0.00335196
18.01 0.00334567
18.02 0.00333936
18.03 0.00333305
18.04 0.00332673
18.05 0.0033204
18.06 0.00331406
18.07 0.00330772
18.08 0.00330136
18.09 0.003295
18.1 0.00328864
18.11 0.00328226
18.12 0.00327588
18.13 0.0032695
18.14 0.00326311
18.15 0.00325671
18.16 0.00325031
18.17 0.0032439
18.18 0.00323749
18.19 0.00323108
18.2 0.00322466
18.21 0.00321824
18.22 0.00321182
18.23 0.00320539
18.24 0.00319896
18.25 0.00319253
18.26 0.0031861
18.27 0.00317966
18.28 0.00317323
18.29 0.00316679
18.3 0.00316036
18.31 0.00315392
18.32 0.00314748
18.33 0.00314105
18.34 0.00313461
18.35 0.00312818
18.36 0.00312175
18.37 0.00311532
18.38 0.00310889
18.39 0.00310246
18.4 0.00309604
18.41 0.00308962
18.42 0.0030832
18.43 0.00307679
18.44 0.00307038
18.45 0.00306398
18.46 0.00305758
18.47 0.00305118
18.48 0.00304479
18.49 0.00303841
18.5 0.00303203
18.51 0.00302565
18.52 0.00301929
18.53 0.00301293
18.54 0.00300658
18.55 0.00300023
18.56 0.00299389
18.57 0.00298756
18.58 0.00298124
18.59 0.00297493
18.6 0.00296862
18.61 0.00296233
18.62 0.00295604
18.63 0.00294977
18.64 0.0029435
18.65 0.00293724
18.66 0.002931
18.67 0.00292476
18.68 0.00291854
18.69 0.00291233
18.7 0.00290613
18.71 0.00289994
18.72 0.00289376
18.73 0.0028876
18.74 0.00288145
18.75 0.00287531
18.76 0.00286918
18.77 0.00286307
18.78 0.00285697
18.79 0.00285089
18.8 0.00284482
18.81 0.00283876
18.82 0.00283272
18.83 0.0028267
18.84 0.00282069
18.85 0.0028147
18.86 0.00280872
18.87 0.00280275
18.88 0.00279681
18.89 0.00279088
18.9 0.00278497
18.91 0.00277907
18.92 0.00277319
18.93 0.00276733
18.94 0.00276149
18.95 0.00275567
18.96 0.00274986
18.97 0.00274407
18.98 0.0027383
18.99 0.00273255
19 0.00272682
19.01 0.00272111
19.02 0.00271542
19.03 0.00270974
19.04 0.00270409
19.05 0.00269846
19.06 0.00269285
19.07 0.00268726
19.08 0.00268169
19.09 0.00267614
19.1 0.00267061
19.11 0.0026651
19.12 0.00265962
19.13 0.00265415
19.14 0.00264871
19.15 0.00264329
19.16 0.0026379
19.17 0.00263252
19.18 0.00262717
19.19 0.00262185
19.2 0.00261654
19.21 0.00261126
19.22 0.002606
19.23 0.00260077
19.24 0.00259556
19.25 0.00259037
19.26 0.00258521
19.27 0.00258007
19.28 0.00257495
19.29 0.00256987
19.3 0.0025648
19.31 0.00255976
19.32 0.00255475
19.33 0.00254976
19.34 0.00254479
19.35 0.00253986
19.36 0.00253494
19.37 0.00253006
19.38 0.0025252
19.39 0.00252036
19.4 0.00251555
19.41 0.00251077
19.42 0.00250601
19.43 0.00250128
19.44 0.00249658
19.45 0.00249191
19.46 0.00248726
19.47 0.00248264
19.48 0.00247804
19.49 0.00247347
19.5 0.00246893
19.51 0.00246442
19.52 0.00245993
19.53 0.00245548
19.54 0.00245105
19.55 0.00244664
19.56 0.00244227
19.57 0.00243792
19.58 0.0024336
19.59 0.00242931
19.6 0.00242505
19.61 0.00242082
19.62 0.00241661
19.63 0.00241244
19.64 0.00240829
19.65 0.00240417
19.66 0.00240008
19.67 0.00239601
19.68 0.00239198
19.69 0.00238797
19.7 0.002384
19.71 0.00238005
19.72 0.00237613
19.73 0.00237224
19.74 0.00236838
19.75 0.00236455
19.76 0.00236075
19.77 0.00235698
19.78 0.00235323
19.79 0.00234952
19.8 0.00234583
19.81 0.00234217
19.82 0.00233855
19.83 0.00233495
19.84 0.00233138
19.85 0.00232784
19.86 0.00232433
19.87 0.00232085
19.88 0.0023174
19.89 0.00231398
19.9 0.00231058
19.91 0.00230722
19.92 0.00230389
19.93 0.00230058
19.94 0.00229731
19.95 0.00229406
19.96 0.00229084
19.97 0.00228766
19.98 0.0022845
19.99 0.00228137
20 0.00227827
20.01 0.0022752
20.02 0.00227215
20.03 0.00226914
20.04 0.00226616
20.05 0.0022632
20.06 0.00226028
20.07 0.00225738
20.08 0.00225451
20.09 0.00225167
20.1 0.00224886
20.11 0.00224608
20.12 0.00224333
20.13 0.00224061
20.14 0.00223791
20.15 0.00223524
20.16 0.00223261
20.17 0.00223
20.18 0.00222741
20.19 0.00222486
20.2 0.00222234
20.21 0.00221984
20.22 0.00221737
20.23 0.00221493
20.24 0.00221252
20.25 0.00221013
20.26 0.00220777
20.27 0.00220544
20.28 0.00220314
20.29 0.00220087
20.3 0.00219862
20.31 0.0021964
20.32 0.00219421
20.33 0.00219204
20.34 0.0021899
20.35 0.00218779
20.36 0.00218571
20.37 0.00218365
20.38 0.00218161
20.39 0.00217961
20.4 0.00217763
20.41 0.00217568
20.42 0.00217375
20.43 0.00217185
20.44 0.00216998
20.45 0.00216813
20.46 0.0021663
20.47 0.0021645
20.48 0.00216273
20.49 0.00216099
20.5 0.00215926
20.51 0.00215757
20.52 0.00215589
20.53 0.00215425
20.54 0.00215262
20.55 0.00215102
20.56 0.00214945
20.57 0.0021479
20.58 0.00214637
20.59 0.00214487
20.6 0.00214339
20.61 0.00214194
20.62 0.00214051
20.63 0.0021391
20.64 0.00213772
20.65 0.00213635
20.66 0.00213501
20.67 0.0021337
20.68 0.0021324
20.69 0.00213113
20.7 0.00212988
20.71 0.00212866
20.72 0.00212745
20.73 0.00212627
20.74 0.0021251
20.75 0.00212396
20.76 0.00212284
20.77 0.00212174
20.78 0.00212067
20.79 0.00211961
20.8 0.00211857
20.81 0.00211755
20.82 0.00211656
20.83 0.00211558
20.84 0.00211463
20.85 0.00211369
20.86 0.00211277
20.87 0.00211187
20.88 0.00211099
20.89 0.00211013
20.9 0.00210929
20.91 0.00210847
20.92 0.00210766
20.93 0.00210688
20.94 0.00210611
20.95 0.00210536
20.96 0.00210462
20.97 0.00210391
20.98 0.00210321
20.99 0.00210252
21 0.00210186
21.01 0.00210121
21.02 0.00210058
21.03 0.00209996
21.04 0.00209936
21.05 0.00209878
21.06 0.00209821
21.07 0.00209765
21.08 0.00209711
21.09 0.00209659
21.1 0.00209608
21.11 0.00209559
21.12 0.00209511
21.13 0.00209464
21.14 0.00209419
21.15 0.00209375
21.16 0.00209333
21.17 0.00209292
21.18 0.00209252
21.19 0.00209214
21.2 0.00209177
21.21 0.00209141
21.22 0.00209106
21.23 0.00209072
21.24 0.0020904
21.25 0.00209009
21.26 0.00208979
21.27 0.0020895
21.28 0.00208922
21.29 0.00208896
21.3 0.0020887
21.31 0.00208845
21.32 0.00208822
21.33 0.00208799
21.34 0.00208778
21.35 0.00208757
21.36 0.00208738
21.37 0.00208719
21.38 0.00208701
21.39 0.00208684
21.4 0.00208668
21.41 0.00208653
21.42 0.00208638
21.43 0.00208625
21.44 0.00208612
21.45 0.002086
21.46 0.00208588
21.47 0.00208577
21.48 0.00208567
21.49 0.00208558
21.5 0.00208549
21.51 0.00208541
21.52 0.00208534
21.53 0.00208527
21.54 0.00208521
21.55 0.00208515
21.56 0.0020851
21.57 0.00208505
21.58 0.00208501
21.59 0.00208497
21.6 0.00208493
21.61 0.0020849
21.62 0.00208488
21.63 0.00208486
21.64 0.00208484
21.65 0.00208482
21.66 0.00208481
21.67 0.0020848
21.68 0.0020848
21.69 0.00208479
21.7 0.00208479
21.71 0.00208479
21.72 0.0020848
21.73 0.0020848
21.74 0.00208481
21.75 0.00208482
21.76 0.00208482
21.77 0.00208483
21.78 0.00208484
21.79 0.00208486
21.8 0.00208487
21.81 0.00208488
21.82 0.00208489
21.83 0.0020849
21.84 0.00208491
21.85 0.00208492
21.86 0.00208493
21.87 0.00208494
21.88 0.00208495
21.89 0.00208496
21.9 0.00208496
21.91 0.00208496
21.92 0.00208496
21.93 0.00208496
21.94 0.00208496
21.95 0.00208496
21.96 0.00208495
21.97 0.00208494
21.98 0.00208492
21.99 0.0020849
22 0.00208488
22.01 0.00208486
22.02 0.00208483
22.03 0.0020848
22.04 0.00208477
22.05 0.00208473
22.06 0.00208468
22.07 0.00208463
22.08 0.00208458
22.09 0.00208452
22.1 0.00208446
22.11 0.00208439
22.12 0.00208432
22.13 0.00208424
22.14 0.00208415
22.15 0.00208406
22.16 0.00208397
22.17 0.00208386
22.18 0.00208375
22.19 0.00208364
22.2 0.00208352
22.21 0.00208339
22.22 0.00208325
22.23 0.00208311
22.24 0.00208296
22.25 0.0020828
22.26 0.00208264
22.27 0.00208246
22.28 0.00208228
22.29 0.0020821
22.3 0.0020819
22.31 0.0020817
22.32 0.00208148
22.33 0.00208126
22.34 0.00208103
22.35 0.00208079
22.36 0.00208054
22.37 0.00208029
22.38 0.00208002
22.39 0.00207975
22.4 0.00207946
22.41 0.00207917
22.42 0.00207887
22.43 0.00207855
22.44 0.00207823
22.45 0.0020779
22.46 0.00207755
22.47 0.0020772
22.48 0.00207684
22.49 0.00207646
22.5 0.00207608
22.51 0.00207568
22.52 0.00207528
22.53 0.00207486
22.54 0.00207443
22.55 0.002074
22.56 0.00207355
22.57 0.00207308
22.58 0.00207261
22.59 0.00207213
22.6 0.00207163
22.61 0.00207113
22.62 0.00207061
22.63 0.00207008
22.64 0.00206953
22.65 0.00206898
22.66 0.00206841
22.67 0.00206783
22.68 0.00206724
22.69 0.00206664
22.7 0.00206602
22.71 0.0020654
22.72 0.00206476
22.73 0.0020641
22.74 0.00206344
22.75 0.00206276
22.76 0.00206207
22.77 0.00206136
22.78 0.00206064
22.79 0.00205991
22.8 0.00205917
22.81 0.00205841
22.82 0.00205764
22.83 0.00205686
22.84 0.00205606
22.85 0.00205526
22.86 0.00205443
22.87 0.0020536
22.88 0.00205275
22.89 0.00205188
22.9 0.00205101
22.91 0.00205011
22.92 0.00204921
22.93 0.00204829
22.94 0.00204736
22.95 0.00204641
22.96 0.00204545
22.97 0.00204448
22.98 0.00204349
22.99 0.00204249
23 0.00204148
23.01 0.00204045
23.02 0.00203941
23.03 0.00203835
23.04 0.00203728
23.05 0.00203619
23.06 0.00203509
23.07 0.00203398
23.08 0.00203285
23.09 0.00203171
23.1 0.00203056
23.11 0.00202939
23.12 0.0020282
23.13 0.00202701
23.14 0.00202579
23.15 0.00202457
23.16 0.00202333
23.17 0.00202207
23.18 0.0020208
23.19 0.00201952
23.2 0.00201822
23.21 0.00201691
23.22 0.00201559
23.23 0.00201425
23.24 0.0020129
23.25 0.00201153
23.26 0.00201015
23.27 0.00200875
23.28 0.00200734
23.29 0.00200592
23.3 0.00200448
23.31 0.00200303
23.32 0.00200156
23.33 0.00200008
23.34 0.00199859
23.35 0.00199708
23.36 0.00199556
23.37 0.00199403
23.38 0.00199248
23.39 0.00199091
23.4 0.00198934
23.41 0.00198775
23.42 0.00198614
23.43 0.00198453
23.44 0.0019829
23.45 0.00198125
23.46 0.00197959
23.47 0.00197792
23.48 0.00197624
23.49 0.00197454
23.5 0.00197283
23.51 0.00197111
23.52 0.00196937
23.53 0.00196762
23.54 0.00196585
23.55 0.00196408
23.56 0.00196229
23.57 0.00196048
23.58 0.00195867
23.59 0.00195684
23.6 0.001955
23.61 0.00195315
23.62 0.00195128
23.63 0.0019494
23.64 0.00194751
23.65 0.00194561
23.66 0.00194369
23.67 0.00194176
23.68 0.00193982
23.69 0.00193787
23.7 0.00193591
23.71 0.00193393
23.72 0.00193194
23.73 0.00192994
23.74 0.00192793
23.75 0.00192591
23.76 0.00192387
23.77 0.00192183
23.78 0.00191977
23.79 0.0019177
23.8 0.00191562
23.81 0.00191353
23.82 0.00191143
23.83 0.00190931
23.84 0.00190719
23.85 0.00190506
23.86 0.00190291
23.87 0.00190076
23.88 0.00189859
23.89 0.00189641
23.9 0.00189423
23.91 0.00189203
23.92 0.00188982
23.93 0.0018876
23.94 0.00188538
23.95 0.00188314
23.96 0.00188089
23.97 0.00187864
23.98 0.00187637
23.99 0.0018741
24 0.00187181
24.01 0.00186952
24.02 0.00186722
24.03 0.00186491
24.04 0.00186259
24.05 0.00186026
24.06 0.00185792
24.07 0.00185558
24.08 0.00185322
24.09 0.00185086
24.1 0.00184849
24.11 0.00184611
24.12 0.00184373
24.13 0.00184133
24.14 0.00183893
24.15 0.00183652
24.16 0.0018341
24.17 0.00183168
24.18 0.00182925
24.19 0.00182681
24.2 0.00182436
24.21 0.00182191
24.22 0.00181945
24.23 0.00181699
24.24 0.00181452
24.25 0.00181204
24.26 0.00180955
24.27 0.00180706
24.28 0.00180456
24.29 0.00180206
24.3 0.00179955
24.31 0.00179704
24.32 0.00179452
24.33 0.00179199
24.34 0.00178946
24.35 0.00178693
24.36 0.00178439
24.37 0.00178184
24.38 0.00177929
24.39 0.00177674
24.4 0.00177418
24.41 0.00177162
24.42 0.00176905
24.43 0.00176648
24.44 0.0017639
24.45 0.00176132
24.46 0.00175874
24.47 0.00175615
24.48 0.00175356
24.49 0.00175097
24.5 0.00174838
24.51 0.00174578
24.52 0.00174317
24.53 0.00174057
24.54 0.00173796
24.55 0.00173535
24.56 0.00173274
24.57 0.00173012
24.58 0.00172751
24.59 0.00172489
24.6 0.00172227
24.61 0.00171964
24.62 0.00171702
24.63 0.00171439
24.64 0.00171177
24.65 0.00170914
24.66 0.00170651
24.67 0.00170388
24.68 0.00170125
24.69 0.00169862
24.7 0.00169598
24.71 0.00169335
24.72 0.00169072
24.73 0.00168808
24.74 0.00168545
24.75 0.00168282
24.76 0.00168019
24.77 0.00167755
24.78 0.00167492
24.79 0.00167229
24.8 0.00166966
24.81 0.00166703
24.82 0.0016644
24.83 0.00166178
24.84 0.00165915
24.85 0.00165653
24.86 0.0016539
24.87 0.00165128
24.88 0.00164866
24.89 0.00164604
24.9 0.00164343
24.91 0.00164082
24.92 0.0016382
24.93 0.0016356
24.94 0.00163299
24.95 0.00163039
24.96 0.00162779
24.97 0.00162519
24.98 0.00162259
24.99 0.00162
