0 0
0.001 0.00623267
0.002 0.0123957
0.003 0.0184891
0.004 0.0245129
0.005 0.0304672
0.006 0.0363518
0.007 0.0421668
0.008 0.0479123
0.009 0.0535883
0.01 0.0591947
0.011 0.0647316
0.012 0.0701991
0.013 0.0755972
0.014 0.0809259
0.015 0.0861852
0.016 0.0913752
0.017 0.0964959
0.018 0.101547
0.019 0.10653
0.02 0.111443
0.021 0.116287
0.022 0.121062
0.023 0.125768
0.024 0.130405
0.025 0.134974
0.026 0.139473
0.027 0.143904
0.028 0.148266
0.029 0.15256
0.03 0.156785
0.031 0.160942
0.032 0.165031
0.033 0.169051
0.034 0.173003
0.035 0.176887
0.036 0.180703
0.037 0.184451
0.038 0.188132
0.039 0.191745
0.04 0.19529
0.041 0.198768
0.042 0.202178
0.043 0.205521
0.044 0.208798
0.045 0.212007
0.046 0.215149
0.047 0.218224
0.048 0.221233
0.049 0.224175
0.05 0.227051
0.051 0.229861
0.052 0.232605
0.053 0.235282
0.054 0.237894
0.055 0.24044
0.056 0.242921
0.057 0.245336
0.058 0.247686
0.059 0.249971
0.06 0.25219
0.061 0.254346
0.062 0.256436
0.063 0.258462
0.064 0.260424
0.065 0.262321
0.066 0.264155
0.067 0.265925
0.068 0.267631
0.069 0.269274
0.07 0.270854
0.071 0.27237
0.072 0.273824
0.073 0.275215
0.074 0.276544
0.075 0.27781
0.076 0.279014
0.077 0.280156
0.078 0.281237
0.079 0.282256
0.08 0.283213
0.081 0.28411
0.082 0.284945
0.083 0.28572
0.084 0.286435
0.085 0.287089
0.086 0.287684
0.087 0.288218
0.088 0.288693
0.089 0.289108
0.09 0.289465
0.091 0.289762
0.092 0.290001
0.093 0.290181
0.094 0.290304
0.095 0.290368
0.096 0.290374
0.097 0.290323
0.098 0.290215
0.099 0.29005
0.1 0.289828
0.101 0.28955
0.102 0.289215
0.103 0.288825
0.104 0.288378
0.105 0.287877
0.106 0.28732
0.107 0.286708
0.108 0.286042
0.109 0.285321
0.11 0.284546
0.111 0.283717
0.112 0.282835
0.113 0.281899
0.114 0.28091
0.115 0.279869
0.116 0.278775
0.117 0.277629
0.118 0.276431
0.119 0.275182
0.12 0.273881
0.121 0.272529
0.122 0.271127
0.123 0.269674
0.124 0.268171
0.125 0.266618
0.126 0.265016
0.127 0.263364
0.128 0.261664
0.129 0.259915
0.13 0.258118
0.131 0.256273
0.132 0.25438
0.133 0.252439
0.134 0.250452
0.135 0.248418
0.136 0.246338
0.137 0.244212
0.138 0.242039
0.139 0.239822
0.14 0.237559
0.141 0.235252
0.142 0.2329
0.143 0.230504
0.144 0.228064
0.145 0.225581
0.146 0.223055
0.147 0.220486
0.148 0.217875
0.149 0.215221
0.15 0.212526
0.151 0.209789
0.152 0.207012
0.153 0.204193
0.154 0.201335
0.155 0.198436
0.156 0.195498
0.157 0.19252
0.158 0.189504
0.159 0.186448
0.16 0.183355
0.161 0.180224
0.162 0.177055
0.163 0.173849
0.164 0.170607
0.165 0.167327
0.166 0.164012
0.167 0.160661
0.168 0.157275
0.169 0.153854
0.17 0.150398
0.171 0.146908
0.172 0.143385
0.173 0.139827
0.174 0.136237
0.175 0.132614
0.176 0.128958
0.177 0.125271
0.178 0.121552
0.179 0.117802
0.18 0.114021
0.181 0.110209
0.182 0.106367
0.183 0.102496
0.184 0.0985957
0.185 0.0946662
0.186 0.0907082
0.187 0.0867221
0.188 0.0827082
0.189 0.0786669
0.19 0.0745987
0.191 0.0705039
0.192 0.0663828
0.193 0.062236
0.194 0.0580638
0.195 0.0538666
0.196 0.0496448
0.197 0.0453987
0.198 0.0411288
0.199 0.0368355
0.2 0.0325192
0.201 0.0281802
0.202 0.023819
0.203 0.0194359
0.204 0.0150315
0.205 0.0106059
0.206 0.0061598
0.207 0.00169343
0.208 -0.00279277
0.209 -0.00729839
0.21 -0.011823
0.211 -0.0163663
0.212 -0.0209278
0.213 -0.0255071
0.214 -0.0301037
0.215 -0.0347174
0.216 -0.0393477
0.217 -0.0439942
0.218 -0.0486564
0.219 -0.053334
0.22 -0.0580266
0.221 -0.0627337
0.222 -0.0674549
0.223 -0.0721899
0.224 -0.0769383
0.225 -0.0816995
0.226 -0.0864733
0.227 -0.0912592
0.228 -0.0960567
0.229 -0.100866
0.23 -0.105685
0.231 -0.110515
0.232 -0.115356
0.233 -0.120206
0.234 -0.125065
0.235 -0.129933
0.236 -0.134809
0.237 -0.139693
0.238 -0.144585
0.239 -0.149484
0.24 -0.15439
0.241 -0.159302
0.242 -0.164221
0.243 -0.169144
0.244 -0.174073
0.245 -0.179007
0.246 -0.183945
0.247 -0.188886
0.248 -0.193832
0.249 -0.19878
0.25 -0.203731
0.251 -0.208684
0.252 -0.213639
0.253 -0.218596
0.254 -0.223554
0.255 -0.228512
0.256 -0.23347
0.257 -0.238429
0.258 -0.243386
0.259 -0.248343
0.26 -0.253298
0.261 -0.258252
0.262 -0.263203
0.263 -0.268152
0.264 -0.273097
0.265 -0.27804
0.266 -0.282978
0.267 -0.287912
0.268 -0.292842
0.269 -0.297766
0.27 -0.302685
0.271 -0.307599
0.272 -0.312506
0.273 -0.317406
0.274 -0.322299
0.275 -0.327185
0.276 -0.332063
0.277 -0.336933
0.278 -0.341794
0.279 -0.346646
0.28 -0.351489
0.281 -0.356322
0.282 -0.361145
0.283 -0.365957
0.284 -0.370759
0.285 -0.375548
0.286 -0.380327
0.287 -0.385093
0.288 -0.389846
0.289 -0.394587
0.29 -0.399314
0.291 -0.404027
0.292 -0.408727
0.293 -0.413412
0.294 -0.418082
0.295 -0.422737
0.296 -0.427376
0.297 -0.432
0.298 -0.436607
0.299 -0.441197
0.3 -0.44577
0.301 -0.450326
0.302 -0.454864
0.303 -0.459383
0.304 -0.463884
0.305 -0.468366
0.306 -0.472829
0.307 -0.477272
0.308 -0.481695
0.309 -0.486098
0.31 -0.490479
0.311 -0.49484
0.312 -0.499179
0.313 -0.503496
0.314 -0.507791
0.315 -0.512063
0.316 -0.516313
0.317 -0.520539
0.318 -0.524741
0.319 -0.52892
0.32 -0.533074
0.321 -0.537203
0.322 -0.541307
0.323 -0.545386
0.324 -0.549439
0.325 -0.553467
0.326 -0.557467
0.327 -0.561441
0.328 -0.565388
0.329 -0.569307
0.33 -0.573199
0.331 -0.577062
0.332 -0.580897
0.333 -0.584703
0.334 -0.58848
0.335 -0.592228
0.336 -0.595946
0.337 -0.599634
0.338 -0.603291
0.339 -0.606918
0.34 -0.610514
0.341 -0.614078
0.342 -0.617611
0.343 -0.621111
0.344 -0.62458
0.345 -0.628016
0.346 -0.631418
0.347 -0.634788
0.348 -0.638124
0.349 -0.641427
0.35 -0.644695
0.351 -0.647929
0.352 -0.651128
0.353 -0.654292
0.354 -0.65742
0.355 -0.660513
0.356 -0.663571
0.357 -0.666592
0.358 -0.669576
0.359 -0.672524
0.36 -0.675435
0.361 -0.678309
0.362 -0.681145
0.363 -0.683943
0.364 -0.686703
0.365 -0.689424
0.366 -0.692107
0.367 -0.694751
0.368 -0.697356
0.369 -0.699921
0.37 -0.702447
0.371 -0.704933
0.372 -0.707378
0.373 -0.709783
0.374 -0.712147
0.375 -0.71447
0.376 -0.716752
0.377 -0.718993
0.378 -0.721191
0.379 -0.723348
0.38 -0.725463
0.381 -0.727535
0.382 -0.729564
0.383 -0.731551
0.384 -0.733494
0.385 -0.735394
0.386 -0.737251
0.387 -0.739063
0.388 -0.740832
0.389 -0.742556
0.39 -0.744236
0.391 -0.745871
0.392 -0.747461
0.393 -0.749006
0.394 -0.750506
0.395 -0.751961
0.396 -0.753369
0.397 -0.754732
0.398 -0.756049
0.399 -0.757319
0.4 -0.758543
0.401 -0.75972
0.402 -0.76085
0.403 -0.761933
0.404 -0.762969
0.405 -0.763958
0.406 -0.764899
0.407 -0.765792
0.408 -0.766637
0.409 -0.767434
0.41 -0.768183
0.411 -0.768883
0.412 -0.769535
0.413 -0.770138
0.414 -0.770692
0.415 -0.771197
0.416 -0.771653
0.417 -0.772059
0.418 -0.772416
0.419 -0.772723
0.42 -0.772981
0.421 -0.773188
0.422 -0.773345
0.423 -0.773452
0.424 -0.773509
0.425 -0.773515
0.426 -0.773471
0.427 -0.773376
0.428 -0.77323
0.429 -0.773033
0.43 -0.772785
0.431 -0.772486
0.432 -0.772135
0.433 -0.771733
0.434 -0.77128
0.435 -0.770775
0.436 -0.770218
0.437 -0.769609
0.438 -0.768948
0.439 -0.768236
0.44 -0.767471
0.441 -0.766654
0.442 -0.765785
0.443 -0.764864
0.444 -0.76389
0.445 -0.762863
0.446 -0.761784
0.447 -0.760652
0.448 -0.759468
0.449 -0.758231
0.45 -0.756941
0.451 -0.755598
0.452 -0.754202
0.453 -0.752753
0.454 -0.751251
0.455 -0.749696
0.456 -0.748088
0.457 -0.746426
0.458 -0.744712
0.459 -0.742944
0.46 -0.741122
0.461 -0.739248
0.462 -0.73732
0.463 -0.735338
0.464 -0.733303
0.465 -0.731215
0.466 -0.729073
0.467 -0.726878
0.468 -0.72463
0.469 -0.722327
0.47 -0.719972
0.471 -0.717562
0.472 -0.7151
0.473 -0.712583
0.474 -0.710014
0.475 -0.70739
0.476 -0.704714
0.477 -0.701983
0.478 -0.6992
0.479 -0.696363
0.48 -0.693472
0.481 -0.690528
0.482 -0.687531
0.483 -0.68448
0.484 -0.681376
0.485 -0.678219
0.486 -0.675008
0.487 -0.671744
0.488 -0.668428
0.489 -0.665058
0.49 -0.661634
0.491 -0.658158
0.492 -0.654629
0.493 -0.651047
0.494 -0.647412
0.495 -0.643725
0.496 -0.639984
0.497 -0.636191
0.498 -0.632346
0.499 -0.628448
0.5 -0.624497
0.501 -0.620494
0.502 -0.616439
0.503 -0.612332
0.504 -0.608172
0.505 -0.603961
0.506 -0.599697
0.507 -0.595382
0.508 -0.591015
0.509 -0.586596
0.51 -0.582126
0.511 -0.577604
0.512 -0.573031
0.513 -0.568407
0.514 -0.563732
0.515 -0.559006
0.516 -0.554229
0.517 -0.549401
0.518 -0.544522
0.519 -0.539593
0.52 -0.534614
0.521 -0.529584
0.522 -0.524505
0.523 -0.519375
0.524 -0.514196
0.525 -0.508967
0.526 -0.503688
0.527 -0.49836
0.528 -0.492983
0.529 -0.487556
0.53 -0.482081
0.531 -0.476557
0.532 -0.470984
0.533 -0.465363
0.534 -0.459694
0.535 -0.453976
0.536 -0.448211
0.537 -0.442397
0.538 -0.436536
0.539 -0.430628
0.54 -0.424673
0.541 -0.41867
0.542 -0.412621
0.543 -0.406524
0.544 -0.400382
0.545 -0.394193
0.546 -0.387958
0.547 -0.381677
0.548 -0.37535
0.549 -0.368978
0.55 -0.362561
0.551 -0.356098
0.552 -0.349591
0.553 -0.343039
0.554 -0.336442
0.555 -0.329801
0.556 -0.323116
0.557 -0.316388
0.558 -0.309616
0.559 -0.3028
0.56 -0.295941
0.561 -0.28904
0.562 -0.282096
0.563 -0.275109
0.564 -0.26808
0.565 -0.26101
0.566 -0.253897
0.567 -0.246743
0.568 -0.239548
0.569 -0.232312
0.57 -0.225035
0.571 -0.217718
0.572 -0.210361
0.573 -0.202963
0.574 -0.195526
0.575 -0.18805
0.576 -0.180534
0.577 -0.17298
0.578 -0.165387
0.579 -0.157755
0.58 -0.150086
0.581 -0.142379
0.582 -0.134634
0.583 -0.126852
0.584 -0.119033
0.585 -0.111177
0.586 -0.103285
0.587 -0.0953568
0.588 -0.0873928
0.589 -0.0793933
0.59 -0.0713586
0.591 -0.0632889
0.592 -0.0551845
0.593 -0.0470459
0.594 -0.0388732
0.595 -0.0306668
0.596 -0.0224269
0.597 -0.0141539
0.598 -0.00584813
0.599 0.00249016
0.6 0.0108606
0.601 0.019263
0.602 0.0276969
0.603 0.0361621
0.604 0.0446582
0.605 0.0531849
0.606 0.0617418
0.607 0.0703287
0.608 0.0789453
0.609 0.0875911
0.61 0.0962659
0.611 0.104969
0.612 0.113701
0.613 0.122461
0.614 0.131248
0.615 0.140063
0.616 0.148904
0.617 0.157773
0.618 0.166667
0.619 0.175587
0.62 0.184533
0.621 0.193505
0.622 0.202501
0.623 0.211521
0.624 0.220566
0.625 0.229635
0.626 0.238727
0.627 0.247842
0.628 0.25698
0.629 0.26614
0.63 0.275322
0.631 0.284526
0.632 0.293752
0.633 0.302998
0.634 0.312265
0.635 0.321552
0.636 0.330859
0.637 0.340185
0.638 0.349531
0.639 0.358895
0.64 0.368277
0.641 0.377678
0.642 0.387096
0.643 0.396531
0.644 0.405983
0.645 0.415452
0.646 0.424936
0.647 0.434437
0.648 0.443953
0.649 0.453483
0.65 0.463028
0.651 0.472588
0.652 0.482161
0.653 0.491747
0.654 0.501347
0.655 0.510959
0.656 0.520583
0.657 0.530219
0.658 0.539867
0.659 0.549525
0.66 0.559194
0.661 0.568874
0.662 0.578563
0.663 0.588262
0.664 0.59797
0.665 0.607686
0.666 0.617411
0.667 0.627143
0.668 0.636883
0.669 0.64663
0.67 0.656384
0.671 0.666144
0.672 0.675909
0.673 0.685681
0.674 0.695457
0.675 0.705238
0.676 0.715023
0.677 0.724811
0.678 0.734603
0.679 0.744399
0.68 0.754196
0.681 0.763996
0.682 0.773798
0.683 0.783601
0.684 0.793405
0.685 0.80321
0.686 0.813014
0.687 0.822818
0.688 0.832622
0.689 0.842425
0.69 0.852226
0.691 0.862025
0.692 0.871821
0.693 0.881615
0.694 0.891406
0.695 0.901193
0.696 0.910976
0.697 0.920754
0.698 0.930528
0.699 0.940297
0.7 0.950059
0.701 0.959816
0.702 0.969566
0.703 0.97931
0.704 0.989046
0.705 0.998774
0.706 1.00849
0.707 1.01821
0.708 1.02791
0.709 1.0376
0.71 1.04728
0.711 1.05696
0.712 1.06662
0.713 1.07627
0.714 1.08591
0.715 1.09554
0.716 1.10515
0.717 1.11476
0.718 1.12434
0.719 1.13392
0.72 1.14348
0.721 1.15303
0.722 1.16256
0.723 1.17208
0.724 1.18158
0.725 1.19107
0.726 1.20054
0.727 1.20999
0.728 1.21943
0.729 1.22884
0.73 1.23824
0.731 1.24762
0.732 1.25698
0.733 1.26633
0.734 1.27565
0.735 1.28495
0.736 1.29423
0.737 1.3035
0.738 1.31274
0.739 1.32195
0.74 1.33115
0.741 1.34032
0.742 1.34947
0.743 1.3586
0.744 1.3677
0.745 1.37678
0.746 1.38583
0.747 1.39486
0.748 1.40387
0.749 1.41284
0.75 1.4218
0.751 1.43072
0.752 1.43962
0.753 1.44849
0.754 1.45733
0.755 1.46615
0.756 1.47493
0.757 1.48369
0.758 1.49242
0.759 1.50112
0.76 1.50978
0.761 1.51842
0.762 1.52703
0.763 1.5356
0.764 1.54415
0.765 1.55266
0.766 1.56114
0.767 1.56958
0.768 1.57799
0.769 1.58637
0.77 1.59472
0.771 1.60303
0.772 1.61131
0.773 1.61955
0.774 1.62775
0.775 1.63592
0.776 1.64405
0.777 1.65215
0.778 1.66021
0.779 1.66823
0.78 1.67622
0.781 1.68417
0.782 1.69207
0.783 1.69994
0.784 1.70777
0.785 1.71556
0.786 1.72331
0.787 1.73103
0.788 1.7387
0.789 1.74633
0.79 1.75391
0.791 1.76146
0.792 1.76896
0.793 1.77643
0.794 1.78385
0.795 1.79122
0.796 1.79855
0.797 1.80584
0.798 1.81309
0.799 1.82029
0.8 1.82745
0.801 1.83456
0.802 1.84162
0.803 1.84864
0.804 1.85562
0.805 1.86255
0.806 1.86943
0.807 1.87626
0.808 1.88305
0.809 1.88979
0.81 1.89648
0.811 1.90312
0.812 1.90971
0.813 1.91626
0.814 1.92276
0.815 1.9292
0.816 1.9356
0.817 1.94195
0.818 1.94824
0.819 1.95449
0.82 1.96068
0.821 1.96682
0.822 1.97292
0.823 1.97896
0.824 1.98494
0.825 1.99088
0.826 1.99676
0.827 2.00259
0.828 2.00836
0.829 2.01409
0.83 2.01975
0.831 2.02537
0.832 2.03093
0.833 2.03643
0.834 2.04188
0.835 2.04728
0.836 2.05262
0.837 2.0579
0.838 2.06313
0.839 2.0683
0.84 2.07341
0.841 2.07847
0.842 2.08347
0.843 2.08841
0.844 2.0933
0.845 2.09812
0.846 2.10289
0.847 2.10761
0.848 2.11226
0.849 2.11685
0.85 2.12139
0.851 2.12586
0.852 2.13028
0.853 2.13464
0.854 2.13893
0.855 2.14317
0.856 2.14735
0.857 2.15146
0.858 2.15552
0.859 2.15951
0.86 2.16344
0.861 2.16731
0.862 2.17112
0.863 2.17487
0.864 2.17856
0.865 2.18218
0.866 2.18574
0.867 2.18924
0.868 2.19268
0.869 2.19605
0.87 2.19936
0.871 2.20261
0.872 2.20579
0.873 2.20891
0.874 2.21197
0.875 2.21496
0.876 2.21788
0.877 2.22075
0.878 2.22355
0.879 2.22628
0.88 2.22895
0.881 2.23155
0.882 2.23409
0.883 2.23657
0.884 2.23898
0.885 2.24132
0.886 2.2436
0.887 2.24581
0.888 2.24795
0.889 2.25003
0.89 2.25205
0.891 2.25399
0.892 2.25587
0.893 2.25769
0.894 2.25943
0.895 2.26111
0.896 2.26273
0.897 2.26427
0.898 2.26575
0.899 2.26716
0.9 2.26851
0.901 2.26979
0.902 2.271
0.903 2.27214
0.904 2.27321
0.905 2.27422
0.906 2.27516
0.907 2.27603
0.908 2.27683
0.909 2.27756
0.91 2.27823
0.911 2.27883
0.912 2.27936
0.913 2.27982
0.914 2.28021
0.915 2.28054
0.916 2.28079
0.917 2.28098
0.918 2.2811
0.919 2.28115
0.92 2.28113
0.921 2.28104
0.922 2.28088
0.923 2.28066
0.924 2.28037
0.925 2.28
0.926 2.27957
0.927 2.27907
0.928 2.2785
0.929 2.27786
0.93 2.27715
0.931 2.27637
0.932 2.27553
0.933 2.27461
0.934 2.27363
0.935 2.27258
0.936 2.27145
0.937 2.27026
0.938 2.269
0.939 2.26767
0.94 2.26628
0.941 2.26481
0.942 2.26327
0.943 2.26167
0.944 2.25999
0.945 2.25825
0.946 2.25644
0.947 2.25456
0.948 2.25261
0.949 2.25059
0.95 2.24851
0.951 2.24635
0.952 2.24413
0.953 2.24184
0.954 2.23948
0.955 2.23705
0.956 2.23455
0.957 2.23199
0.958 2.22935
0.959 2.22665
0.96 2.22388
0.961 2.22105
0.962 2.21814
0.963 2.21517
0.964 2.21213
0.965 2.20902
0.966 2.20585
0.967 2.2026
0.968 2.19929
0.969 2.19592
0.97 2.19247
0.971 2.18896
0.972 2.18539
0.973 2.18174
0.974 2.17803
0.975 2.17425
0.976 2.17041
0.977 2.1665
0.978 2.16252
0.979 2.15848
0.98 2.15437
0.981 2.1502
0.982 2.14596
0.983 2.14166
0.984 2.13729
0.985 2.13285
0.986 2.12835
0.987 2.12379
0.988 2.11916
0.989 2.11447
0.99 2.10971
0.991 2.10489
0.992 2.1
0.993 2.09505
0.994 2.09004
0.995 2.08496
0.996 2.07982
0.997 2.07462
0.998 2.06935
0.999 2.06403
1 2.05864
1.001 2.05318
1.002 2.04767
1.003 2.04209
1.004 2.03645
1.005 2.03075
1.006 2.02499
1.007 2.01917
1.008 2.01329
1.009 2.00734
1.01 2.00134
1.011 1.99528
1.012 1.98915
1.013 1.98297
1.014 1.97673
1.015 1.97043
1.016 1.96406
1.017 1.95764
1.018 1.95117
1.019 1.94463
1.02 1.93804
1.021 1.93138
1.022 1.92467
1.023 1.91791
1.024 1.91108
1.025 1.9042
1.026 1.89727
1.027 1.89028
1.028 1.88323
1.029 1.87612
1.03 1.86896
1.031 1.86175
1.032 1.85448
1.033 1.84716
1.034 1.83978
1.035 1.83235
1.036 1.82486
1.037 1.81732
1.038 1.80973
1.039 1.80209
1.04 1.79439
1.041 1.78664
1.042 1.77884
1.043 1.77099
1.044 1.76309
1.045 1.75513
1.046 1.74713
1.047 1.73907
1.048 1.73097
1.049 1.72281
1.05 1.71461
1.051 1.70636
1.052 1.69806
1.053 1.68971
1.054 1.68131
1.055 1.67286
1.056 1.66437
1.057 1.65583
1.058 1.64725
1.059 1.63862
1.06 1.62994
1.061 1.62121
1.062 1.61245
1.063 1.60363
1.064 1.59478
1.065 1.58587
1.066 1.57693
1.067 1.56794
1.068 1.55891
1.069 1.54983
1.07 1.54072
1.071 1.53156
1.072 1.52236
1.073 1.51312
1.074 1.50384
1.075 1.49452
1.076 1.48515
1.077 1.47575
1.078 1.46631
1.079 1.45683
1.08 1.44731
1.081 1.43776
1.082 1.42816
1.083 1.41853
1.084 1.40887
1.085 1.39916
1.086 1.38942
1.087 1.37965
1.088 1.36983
1.089 1.35999
1.09 1.35011
1.091 1.34019
1.092 1.33025
1.093 1.32026
1.094 1.31025
1.095 1.3002
1.096 1.29013
1.097 1.28002
1.098 1.26988
1.099 1.25971
1.1 1.2495
1.101 1.23927
1.102 1.22901
1.103 1.21872
1.104 1.2084
1.105 1.19806
1.106 1.18768
1.107 1.17728
1.108 1.16686
1.109 1.1564
1.11 1.14592
1.111 1.13542
1.112 1.12489
1.113 1.11433
1.114 1.10375
1.115 1.09315
1.116 1.08253
1.117 1.07188
1.118 1.06121
1.119 1.05051
1.12 1.0398
1.121 1.02907
1.122 1.01831
1.123 1.00753
1.124 0.99674
1.125 0.985926
1.126 0.975094
1.127 0.964243
1.128 0.953375
1.129 0.942489
1.13 0.931587
1.131 0.920669
1.132 0.909734
1.133 0.898785
1.134 0.88782
1.135 0.876841
1.136 0.865848
1.137 0.854842
1.138 0.843823
1.139 0.832791
1.14 0.821747
1.141 0.810691
1.142 0.799625
1.143 0.788548
1.144 0.777461
1.145 0.766364
1.146 0.755258
1.147 0.744143
1.148 0.733021
1.149 0.72189
1.15 0.710752
1.151 0.699608
1.152 0.688457
1.153 0.677301
1.154 0.666139
1.155 0.654973
1.156 0.643802
1.157 0.632627
1.158 0.621449
1.159 0.610268
1.16 0.599085
1.161 0.5879
1.162 0.576714
1.163 0.565527
1.164 0.554339
1.165 0.543152
1.166 0.531965
1.167 0.520779
1.168 0.509595
1.169 0.498413
1.17 0.487234
1.171 0.476057
1.172 0.464885
1.173 0.453716
1.174 0.442552
1.175 0.431393
1.176 0.420239
1.177 0.409091
1.178 0.39795
1.179 0.386816
1.18 0.37569
1.181 0.364572
1.182 0.353462
1.183 0.342361
1.184 0.331269
1.185 0.320188
1.186 0.309117
1.187 0.298057
1.188 0.287009
1.189 0.275973
1.19 0.264949
1.191 0.253938
1.192 0.24294
1.193 0.231957
1.194 0.220988
1.195 0.210034
1.196 0.199095
1.197 0.188173
1.198 0.177266
1.199 0.166377
1.2 0.155505
1.201 0.144651
1.202 0.133815
1.203 0.122999
1.204 0.112201
1.205 0.101424
1.206 0.0906669
1.207 0.0799307
1.208 0.0692158
1.209 0.0585227
1.21 0.0478519
1.211 0.037204
1.212 0.0265793
1.213 0.0159784
1.214 0.00540181
1.215 -0.00515008
1.216 -0.0156767
1.217 -0.0261777
1.218 -0.0366524
1.219 -0.0471005
1.22 -0.0575215
1.221 -0.0679148
1.222 -0.0782799
1.223 -0.0886165
1.224 -0.098924
1.225 -0.109202
1.226 -0.11945
1.227 -0.129667
1.228 -0.139854
1.229 -0.150009
1.23 -0.160132
1.231 -0.170223
1.232 -0.180281
1.233 -0.190305
1.234 -0.200296
1.235 -0.210253
1.236 -0.220174
1.237 -0.230061
1.238 -0.239912
1.239 -0.249727
1.24 -0.259505
1.241 -0.269246
1.242 -0.27895
1.243 -0.288616
1.244 -0.298243
1.245 -0.307832
1.246 -0.317381
1.247 -0.32689
1.248 -0.33636
1.249 -0.345788
1.25 -0.355176
1.251 -0.364522
1.252 -0.373825
1.253 -0.383087
1.254 -0.392305
1.255 -0.401481
1.256 -0.410612
1.257 -0.419699
1.258 -0.428742
1.259 -0.437739
1.26 -0.446691
1.261 -0.455597
1.262 -0.464457
1.263 -0.47327
1.264 -0.482036
1.265 -0.490754
1.266 -0.499423
1.267 -0.508045
1.268 -0.516617
1.269 -0.52514
1.27 -0.533614
1.271 -0.542037
1.272 -0.55041
1.273 -0.558731
1.274 -0.567002
1.275 -0.57522
1.276 -0.583386
1.277 -0.5915
1.278 -0.59956
1.279 -0.607568
1.28 -0.615521
1.281 -0.62342
1.282 -0.631265
1.283 -0.639054
1.284 -0.646788
1.285 -0.654467
1.286 -0.662089
1.287 -0.669655
1.288 -0.677163
1.289 -0.684615
1.29 -0.692009
1.291 -0.699344
1.292 -0.706622
1.293 -0.71384
1.294 -0.720999
1.295 -0.728099
1.296 -0.735139
1.297 -0.742119
1.298 -0.749038
1.299 -0.755896
1.3 -0.762692
1.301 -0.769427
1.302 -0.7761
1.303 -0.782711
1.304 -0.789259
1.305 -0.795744
1.306 -0.802165
1.307 -0.808523
1.308 -0.814816
1.309 -0.821045
1.31 -0.82721
1.311 -0.833309
1.312 -0.839343
1.313 -0.845311
1.314 -0.851213
1.315 -0.857049
1.316 -0.862818
1.317 -0.86852
1.318 -0.874154
1.319 -0.879721
1.32 -0.88522
1.321 -0.890651
1.322 -0.896014
1.323 -0.901307
1.324 -0.906532
1.325 -0.911687
1.326 -0.916772
1.327 -0.921787
1.328 -0.926732
1.329 -0.931607
1.33 -0.93641
1.331 -0.941143
1.332 -0.945804
1.333 -0.950393
1.334 -0.954911
1.335 -0.959356
1.336 -0.963729
1.337 -0.968029
1.338 -0.972256
1.339 -0.97641
1.34 -0.98049
1.341 -0.984497
1.342 -0.98843
1.343 -0.992288
1.344 -0.996072
1.345 -0.999782
1.346 -1.00342
1.347 -1.00698
1.348 -1.01046
1.349 -1.01387
1.35 -1.0172
1.351 -1.02046
1.352 -1.02364
1.353 -1.02674
1.354 -1.02977
1.355 -1.03272
1.356 -1.03559
1.357 -1.03839
1.358 -1.0411
1.359 -1.04374
1.36 -1.04631
1.361 -1.04879
1.362 -1.0512
1.363 -1.05352
1.364 -1.05577
1.365 -1.05794
1.366 -1.06004
1.367 -1.06205
1.368 -1.06398
1.369 -1.06583
1.37 -1.06761
1.371 -1.0693
1.372 -1.07092
1.373 -1.07245
1.374 -1.0739
1.375 -1.07528
1.376 -1.07657
1.377 -1.07778
1.378 -1.07891
1.379 -1.07996
1.38 -1.08093
1.381 -1.08182
1.382 -1.08263
1.383 -1.08335
1.384 -1.084
1.385 -1.08456
1.386 -1.08504
1.387 -1.08544
1.388 -1.08576
1.389 -1.08599
1.39 -1.08614
1.391 -1.08621
1.392 -1.0862
1.393 -1.08611
1.394 -1.08593
1.395 -1.08567
1.396 -1.08533
1.397 -1.0849
1.398 -1.08439
1.399 -1.0838
1.4 -1.08313
1.401 -1.08237
1.402 -1.08153
1.403 -1.08061
1.404 -1.0796
1.405 -1.07852
1.406 -1.07734
1.407 -1.07609
1.408 -1.07475
1.409 -1.07333
1.41 -1.07182
1.411 -1.07023
1.412 -1.06856
1.413 -1.0668
1.414 -1.06497
1.415 -1.06304
1.416 -1.06104
1.417 -1.05895
1.418 -1.05677
1.419 -1.05452
1.42 -1.05218
1.421 -1.04975
1.422 -1.04725
1.423 -1.04466
1.424 -1.04198
1.425 -1.03923
1.426 -1.03639
1.427 -1.03346
1.428 -1.03046
1.429 -1.02737
1.43 -1.02419
1.431 -1.02094
1.432 -1.0176
1.433 -1.01418
1.434 -1.01067
1.435 -1.00708
1.436 -1.00341
1.437 -0.999658
1.438 -0.995821
1.439 -0.991902
1.44 -0.9879
1.441 -0.983815
1.442 -0.979648
1.443 -0.975399
1.444 -0.971068
1.445 -0.966654
1.446 -0.962158
1.447 -0.957581
1.448 -0.952921
1.449 -0.94818
1.45 -0.943357
1.451 -0.938452
1.452 -0.933467
1.453 -0.928399
1.454 -0.923251
1.455 -0.918022
1.456 -0.912711
1.457 -0.90732
1.458 -0.901849
1.459 -0.896296
1.46 -0.890664
1.461 -0.884951
1.462 -0.879158
1.463 -0.873286
1.464 -0.867333
1.465 -0.861301
1.466 -0.85519
1.467 -0.848999
1.468 -0.842729
1.469 -0.83638
1.47 -0.829953
1.471 -0.823447
1.472 -0.816863
1.473 -0.8102
1.474 -0.80346
1.475 -0.796641
1.476 -0.789745
1.477 -0.782772
1.478 -0.775721
1.479 -0.768594
1.48 -0.76139
1.481 -0.754109
1.482 -0.746752
1.483 -0.739318
1.484 -0.731809
1.485 -0.724224
1.486 -0.716564
1.487 -0.708829
1.488 -0.701018
1.489 -0.693133
1.49 -0.685173
1.491 -0.677139
1.492 -0.669032
1.493 -0.66085
1.494 -0.652595
1.495 -0.644266
1.496 -0.635865
1.497 -0.627391
1.498 -0.618845
1.499 -0.610226
1.5 -0.601536
1.501 -0.592774
1.502 -0.58394
1.503 -0.575036
1.504 -0.566061
1.505 -0.557015
1.506 -0.547899
1.507 -0.538714
1.508 -0.529458
1.509 -0.520134
1.51 -0.510741
1.511 -0.501278
1.512 -0.491748
1.513 -0.48215
1.514 -0.472483
1.515 -0.46275
1.516 -0.452949
1.517 -0.443082
1.518 -0.433148
1.519 -0.423148
1.52 -0.413082
1.521 -0.402951
1.522 -0.392755
1.523 -0.382494
1.524 -0.372169
1.525 -0.36178
1.526 -0.351327
1.527 -0.340811
1.528 -0.330232
1.529 -0.31959
1.53 -0.308886
1.531 -0.29812
1.532 -0.287293
1.533 -0.276404
1.534 -0.265455
1.535 -0.254445
1.536 -0.243376
1.537 -0.232246
1.538 -0.221058
1.539 -0.209811
1.54 -0.198505
1.541 -0.187141
1.542 -0.175719
1.543 -0.164241
1.544 -0.152705
1.545 -0.141113
1.546 -0.129465
1.547 -0.117761
1.548 -0.106002
1.549 -0.0941878
1.55 -0.0823195
1.551 -0.0703972
1.552 -0.0584213
1.553 -0.0463923
1.554 -0.0343106
1.555 -0.0221765
1.556 -0.00999063
1.557 0.0022467
1.558 0.014535
1.559 0.0268739
1.56 0.0392629
1.561 0.0517016
1.562 0.0641895
1.563 0.0767262
1.564 0.0893113
1.565 0.101944
1.566 0.114625
1.567 0.127352
1.568 0.140126
1.569 0.152946
1.57 0.165811
1.571 0.178722
1.572 0.191677
1.573 0.204677
1.574 0.21772
1.575 0.230806
1.576 0.243936
1.577 0.257107
1.578 0.270321
1.579 0.283575
1.58 0.296871
1.581 0.310207
1.582 0.323583
1.583 0.336998
1.584 0.350452
1.585 0.363945
1.586 0.377475
1.587 0.391043
1.588 0.404648
1.589 0.41829
1.59 0.431967
1.591 0.44568
1.592 0.459427
1.593 0.473209
1.594 0.487025
1.595 0.500875
1.596 0.514757
1.597 0.528671
1.598 0.542618
1.599 0.556596
1.6 0.570604
1.601 0.584643
1.602 0.598712
1.603 0.61281
1.604 0.626937
1.605 0.641092
1.606 0.655275
1.607 0.669485
1.608 0.683721
1.609 0.697984
1.61 0.712272
1.611 0.726585
1.612 0.740923
1.613 0.755284
1.614 0.769669
1.615 0.784077
1.616 0.798508
1.617 0.81296
1.618 0.827433
1.619 0.841927
1.62 0.856442
1.621 0.870976
1.622 0.885529
1.623 0.9001
1.624 0.91469
1.625 0.929297
1.626 0.94392
1.627 0.958561
1.628 0.973217
1.629 0.987888
1.63 1.00257
1.631 1.01727
1.632 1.03199
1.633 1.04671
1.634 1.06145
1.635 1.0762
1.636 1.09097
1.637 1.10574
1.638 1.12052
1.639 1.13531
1.64 1.15012
1.641 1.16493
1.642 1.17974
1.643 1.19457
1.644 1.2094
1.645 1.22424
1.646 1.23909
1.647 1.25394
1.648 1.26879
1.649 1.28365
1.65 1.29851
1.651 1.31337
1.652 1.32824
1.653 1.34311
1.654 1.35798
1.655 1.37285
1.656 1.38772
1.657 1.40259
1.658 1.41745
1.659 1.43232
1.66 1.44718
1.661 1.46205
1.662 1.4769
1.663 1.49176
1.664 1.50661
1.665 1.52145
1.666 1.53629
1.667 1.55112
1.668 1.56595
1.669 1.58076
1.67 1.59557
1.671 1.61037
1.672 1.62517
1.673 1.63995
1.674 1.65472
1.675 1.66948
1.676 1.68423
1.677 1.69897
1.678 1.71369
1.679 1.7284
1.68 1.7431
1.681 1.75778
1.682 1.77245
1.683 1.7871
1.684 1.80174
1.685 1.81636
1.686 1.83096
1.687 1.84555
1.688 1.86012
1.689 1.87466
1.69 1.88919
1.691 1.9037
1.692 1.91819
1.693 1.93265
1.694 1.9471
1.695 1.96152
1.696 1.97592
1.697 1.9903
1.698 2.00465
1.699 2.01898
1.7 2.03328
1.701 2.04756
1.702 2.06181
1.703 2.07603
1.704 2.09023
1.705 2.10439
1.706 2.11853
1.707 2.13265
1.708 2.14673
1.709 2.16078
1.71 2.1748
1.711 2.18879
1.712 2.20274
1.713 2.21667
1.714 2.23056
1.715 2.24442
1.716 2.25824
1.717 2.27203
1.718 2.28579
1.719 2.29951
1.72 2.31319
1.721 2.32683
1.722 2.34044
1.723 2.35401
1.724 2.36755
1.725 2.38104
1.726 2.39449
1.727 2.40791
1.728 2.42128
1.729 2.43461
1.73 2.4479
1.731 2.46115
1.732 2.47436
1.733 2.48752
1.734 2.50064
1.735 2.51371
1.736 2.52674
1.737 2.53973
1.738 2.55267
1.739 2.56556
1.74 2.57841
1.741 2.5912
1.742 2.60396
1.743 2.61666
1.744 2.62931
1.745 2.64191
1.746 2.65447
1.747 2.66697
1.748 2.67943
1.749 2.69183
1.75 2.70418
1.751 2.71647
1.752 2.72872
1.753 2.74091
1.754 2.75304
1.755 2.76513
1.756 2.77715
1.757 2.78913
1.758 2.80104
1.759 2.8129
1.76 2.82471
1.761 2.83645
1.762 2.84814
1.763 2.85977
1.764 2.87134
1.765 2.88285
1.766 2.89431
1.767 2.9057
1.768 2.91703
1.769 2.9283
1.77 2.93951
1.771 2.95066
1.772 2.96174
1.773 2.97277
1.774 2.98372
1.775 2.99462
1.776 3.00545
1.777 3.01622
1.778 3.02692
1.779 3.03755
1.78 3.04812
1.781 3.05863
1.782 3.06906
1.783 3.07943
1.784 3.08973
1.785 3.09997
1.786 3.11013
1.787 3.12023
1.788 3.13026
1.789 3.14021
1.79 3.1501
1.791 3.15992
1.792 3.16966
1.793 3.17934
1.794 3.18894
1.795 3.19847
1.796 3.20793
1.797 3.21731
1.798 3.22662
1.799 3.23586
1.8 3.24502
1.801 3.25411
1.802 3.26313
1.803 3.27207
1.804 3.28093
1.805 3.28972
1.806 3.29843
1.807 3.30706
1.808 3.31562
1.809 3.3241
1.81 3.3325
1.811 3.34082
1.812 3.34907
1.813 3.35724
1.814 3.36532
1.815 3.37333
1.816 3.38126
1.817 3.38911
1.818 3.39687
1.819 3.40456
1.82 3.41217
1.821 3.41969
1.822 3.42713
1.823 3.43449
1.824 3.44177
1.825 3.44896
1.826 3.45608
1.827 3.4631
1.828 3.47005
1.829 3.47691
1.83 3.48369
1.831 3.49038
1.832 3.49699
1.833 3.50351
1.834 3.50994
1.835 3.5163
1.836 3.52256
1.837 3.52874
1.838 3.53483
1.839 3.54084
1.84 3.54676
1.841 3.55259
1.842 3.55833
1.843 3.56399
1.844 3.56956
1.845 3.57504
1.846 3.58043
1.847 3.58574
1.848 3.59095
1.849 3.59607
1.85 3.60111
1.851 3.60606
1.852 3.61091
1.853 3.61568
1.854 3.62036
1.855 3.62494
1.856 3.62944
1.857 3.63384
1.858 3.63816
1.859 3.64238
1.86 3.64651
1.861 3.65055
1.862 3.65449
1.863 3.65835
1.864 3.66211
1.865 3.66578
1.866 3.66936
1.867 3.67285
1.868 3.67624
1.869 3.67954
1.87 3.68275
1.871 3.68586
1.872 3.68888
1.873 3.69181
1.874 3.69464
1.875 3.69738
1.876 3.70003
1.877 3.70258
1.878 3.70503
1.879 3.7074
1.88 3.70967
1.881 3.71184
1.882 3.71392
1.883 3.7159
1.884 3.71779
1.885 3.71959
1.886 3.72129
1.887 3.72289
1.888 3.7244
1.889 3.72581
1.89 3.72713
1.891 3.72835
1.892 3.72948
1.893 3.73051
1.894 3.73145
1.895 3.73229
1.896 3.73304
1.897 3.73368
1.898 3.73424
1.899 3.73469
1.9 3.73506
1.901 3.73532
1.902 3.73549
1.903 3.73556
1.904 3.73554
1.905 3.73542
1.906 3.73521
1.907 3.7349
1.908 3.73449
1.909 3.73399
1.91 3.73339
1.911 3.73269
1.912 3.7319
1.913 3.73101
1.914 3.73003
1.915 3.72895
1.916 3.72777
1.917 3.7265
1.918 3.72513
1.919 3.72367
1.92 3.72211
1.921 3.72045
1.922 3.7187
1.923 3.71685
1.924 3.71491
1.925 3.71287
1.926 3.71073
1.927 3.7085
1.928 3.70618
1.929 3.70376
1.93 3.70124
1.931 3.69863
1.932 3.69592
1.933 3.69312
1.934 3.69022
1.935 3.68723
1.936 3.68415
1.937 3.68096
1.938 3.67769
1.939 3.67432
1.94 3.67085
1.941 3.6673
1.942 3.66364
1.943 3.6599
1.944 3.65606
1.945 3.65212
1.946 3.64809
1.947 3.64397
1.948 3.63976
1.949 3.63545
1.95 3.63105
1.951 3.62655
1.952 3.62197
1.953 3.61729
1.954 3.61252
1.955 3.60766
1.956 3.6027
1.957 3.59765
1.958 3.59251
1.959 3.58728
1.96 3.58196
1.961 3.57655
1.962 3.57105
1.963 3.56545
1.964 3.55977
1.965 3.554
1.966 3.54813
1.967 3.54218
1.968 3.53613
1.969 3.53
1.97 3.52378
1.971 3.51747
1.972 3.51107
1.973 3.50458
1.974 3.498
1.975 3.49134
1.976 3.48459
1.977 3.47775
1.978 3.47082
1.979 3.46381
1.98 3.45671
1.981 3.44952
1.982 3.44225
1.983 3.43489
1.984 3.42745
1.985 3.41992
1.986 3.4123
1.987 3.40461
1.988 3.39682
1.989 3.38896
1.99 3.38101
1.991 3.37297
1.992 3.36486
1.993 3.35666
1.994 3.34837
1.995 3.34001
1.996 3.33156
1.997 3.32303
1.998 3.31442
1.999 3.30573
2 3.29696
2.001 3.28811
2.002 3.27918
2.003 3.27017
2.004 3.26108
2.005 3.25191
2.006 3.24267
2.007 3.23334
2.008 3.22394
2.009 3.21446
2.01 3.2049
2.011 3.19527
2.012 3.18556
2.013 3.17577
2.014 3.16591
2.015 3.15598
2.016 3.14596
2.017 3.13588
2.018 3.12572
2.019 3.11549
2.02 3.10518
2.021 3.0948
2.022 3.08435
2.023 3.07383
2.024 3.06324
2.025 3.05257
2.026 3.04183
2.027 3.03103
2.028 3.02015
2.029 3.00921
2.03 2.99819
2.031 2.98711
2.032 2.97596
2.033 2.96474
2.034 2.95345
2.035 2.9421
2.036 2.93068
2.037 2.9192
2.038 2.90765
2.039 2.89603
2.04 2.88435
2.041 2.87261
2.042 2.8608
2.043 2.84893
2.044 2.837
2.045 2.82501
2.046 2.81295
2.047 2.80083
2.048 2.78865
2.049 2.77642
2.05 2.76412
2.051 2.75176
2.052 2.73935
2.053 2.72687
2.054 2.71434
2.055 2.70175
2.056 2.68911
2.057 2.6764
2.058 2.66365
2.059 2.65083
2.06 2.63797
2.061 2.62504
2.062 2.61207
2.063 2.59904
2.064 2.58596
2.065 2.57283
2.066 2.55964
2.067 2.54641
2.068 2.53312
2.069 2.51979
2.07 2.5064
2.071 2.49297
2.072 2.47948
2.073 2.46595
2.074 2.45238
2.075 2.43875
2.076 2.42508
2.077 2.41137
2.078 2.39761
2.079 2.3838
2.08 2.36995
2.081 2.35606
2.082 2.34212
2.083 2.32815
2.084 2.31413
2.085 2.30007
2.086 2.28597
2.087 2.27183
2.088 2.25765
2.089 2.24343
2.09 2.22917
2.091 2.21488
2.092 2.20055
2.093 2.18618
2.094 2.17177
2.095 2.15733
2.096 2.14286
2.097 2.12835
2.098 2.11381
2.099 2.09924
2.1 2.08463
2.101 2.06999
2.102 2.05532
2.103 2.04062
2.104 2.02589
2.105 2.01113
2.106 1.99634
2.107 1.98153
2.108 1.96668
2.109 1.95181
2.11 1.93691
2.111 1.92199
2.112 1.90704
2.113 1.89207
2.114 1.87707
2.115 1.86205
2.116 1.84701
2.117 1.83195
2.118 1.81686
2.119 1.80176
2.12 1.78663
2.121 1.77148
2.122 1.75632
2.123 1.74114
2.124 1.72594
2.125 1.71072
2.126 1.69548
2.127 1.68023
2.128 1.66497
2.129 1.64969
2.13 1.6344
2.131 1.61909
2.132 1.60377
2.133 1.58844
2.134 1.5731
2.135 1.55774
2.136 1.54238
2.137 1.52701
2.138 1.51163
2.139 1.49624
2.14 1.48084
2.141 1.46543
2.142 1.45002
2.143 1.43461
2.144 1.41919
2.145 1.40376
2.146 1.38833
2.147 1.3729
2.148 1.35747
2.149 1.34203
2.15 1.32659
2.151 1.31116
2.152 1.29572
2.153 1.28028
2.154 1.26485
2.155 1.24941
2.156 1.23398
2.157 1.21856
2.158 1.20313
2.159 1.18771
2.16 1.1723
2.161 1.1569
2.162 1.1415
2.163 1.1261
2.164 1.11072
2.165 1.09534
2.166 1.07997
2.167 1.06462
2.168 1.04927
2.169 1.03393
2.17 1.01861
2.171 1.0033
2.172 0.988
2.173 0.972715
2.174 0.957445
2.175 0.94219
2.176 0.92695
2.177 0.911727
2.178 0.89652
2.179 0.881332
2.18 0.866161
2.181 0.851009
2.182 0.835877
2.183 0.820765
2.184 0.805674
2.185 0.790604
2.186 0.775556
2.187 0.760531
2.188 0.745529
2.189 0.730551
2.19 0.715598
2.191 0.70067
2.192 0.685768
2.193 0.670893
2.194 0.656045
2.195 0.641224
2.196 0.626432
2.197 0.611669
2.198 0.596935
2.199 0.582232
2.2 0.56756
2.201 0.552919
2.202 0.538311
2.203 0.523735
2.204 0.509193
2.205 0.494685
2.206 0.480211
2.207 0.465773
2.208 0.45137
2.209 0.437005
2.21 0.422676
2.211 0.408385
2.212 0.394133
2.213 0.379919
2.214 0.365745
2.215 0.351612
2.216 0.337519
2.217 0.323467
2.218 0.309458
2.219 0.295491
2.22 0.281568
2.221 0.267688
2.222 0.253853
2.223 0.240063
2.224 0.226318
2.225 0.21262
2.226 0.198968
2.227 0.185364
2.228 0.171808
2.229 0.158301
2.23 0.144843
2.231 0.131434
2.232 0.118076
2.233 0.104769
2.234 0.0915133
2.235 0.0783098
2.236 0.0651589
2.237 0.0520614
2.238 0.0390176
2.239 0.0260283
2.24 0.013094
2.241 0.000215138
2.242 -0.0126076
2.243 -0.0253736
2.244 -0.0380824
2.245 -0.0507335
2.246 -0.0633262
2.247 -0.07586
2.248 -0.0883343
2.249 -0.100749
2.25 -0.113102
2.251 -0.125395
2.252 -0.137626
2.253 -0.149795
2.254 -0.161901
2.255 -0.173944
2.256 -0.185923
2.257 -0.197838
2.258 -0.209688
2.259 -0.221472
2.26 -0.233191
2.261 -0.244843
2.262 -0.256428
2.263 -0.267946
2.264 -0.279396
2.265 -0.290777
2.266 -0.302089
2.267 -0.313332
2.268 -0.324504
2.269 -0.335606
2.27 -0.346637
2.271 -0.357597
2.272 -0.368485
2.273 -0.3793
2.274 -0.390042
2.275 -0.40071
2.276 -0.411305
2.277 -0.421825
2.278 -0.43227
2.279 -0.442639
2.28 -0.452933
2.281 -0.463151
2.282 -0.473291
2.283 -0.483355
2.284 -0.49334
2.285 -0.503248
2.286 -0.513076
2.287 -0.522826
2.288 -0.532496
2.289 -0.542086
2.29 -0.551595
2.291 -0.561024
2.292 -0.570371
2.293 -0.579637
2.294 -0.58882
2.295 -0.597921
2.296 -0.606938
2.297 -0.615872
2.298 -0.624722
2.299 -0.633488
2.3 -0.64217
2.301 -0.650766
2.302 -0.659276
2.303 -0.6677
2.304 -0.676039
2.305 -0.68429
2.306 -0.692454
2.307 -0.700531
2.308 -0.70852
2.309 -0.71642
2.31 -0.724232
2.311 -0.731955
2.312 -0.739588
2.313 -0.747132
2.314 -0.754585
2.315 -0.761948
2.316 -0.76922
2.317 -0.776401
2.318 -0.78349
2.319 -0.790487
2.32 -0.797392
2.321 -0.804205
2.322 -0.810924
2.323 -0.81755
2.324 -0.824082
2.325 -0.830521
2.326 -0.836865
2.327 -0.843115
2.328 -0.849269
2.329 -0.855329
2.33 -0.861292
2.331 -0.86716
2.332 -0.872932
2.333 -0.878608
2.334 -0.884186
2.335 -0.889668
2.336 -0.895052
2.337 -0.900339
2.338 -0.905528
2.339 -0.910619
2.34 -0.915611
2.341 -0.920505
2.342 -0.925299
2.343 -0.929995
2.344 -0.934591
2.345 -0.939087
2.346 -0.943483
2.347 -0.947779
2.348 -0.951975
2.349 -0.95607
2.35 -0.960064
2.351 -0.963956
2.352 -0.967748
2.353 -0.971438
2.354 -0.975026
2.355 -0.978512
2.356 -0.981895
2.357 -0.985177
2.358 -0.988355
2.359 -0.991431
2.36 -0.994404
2.361 -0.997274
2.362 -1.00004
2.363 -1.0027
2.364 -1.00526
2.365 -1.00772
2.366 -1.01007
2.367 -1.01231
2.368 -1.01446
2.369 -1.01649
2.37 -1.01843
2.371 -1.02025
2.372 -1.02198
2.373 -1.02359
2.374 -1.02511
2.375 -1.02651
2.376 -1.02781
2.377 -1.02901
2.378 -1.0301
2.379 -1.03108
2.38 -1.03196
2.381 -1.03273
2.382 -1.0334
2.383 -1.03396
2.384 -1.03441
2.385 -1.03476
2.386 -1.035
2.387 -1.03513
2.388 -1.03516
2.389 -1.03508
2.39 -1.03489
2.391 -1.03459
2.392 -1.03419
2.393 -1.03368
2.394 -1.03307
2.395 -1.03235
2.396 -1.03152
2.397 -1.03058
2.398 -1.02953
2.399 -1.02838
2.4 -1.02712
2.401 -1.02576
2.402 -1.02428
2.403 -1.0227
2.404 -1.02101
2.405 -1.01922
2.406 -1.01731
2.407 -1.0153
2.408 -1.01318
2.409 -1.01096
2.41 -1.00862
2.411 -1.00618
2.412 -1.00363
2.413 -1.00098
2.414 -0.998217
2.415 -0.995347
2.416 -0.99237
2.417 -0.989286
2.418 -0.986095
2.419 -0.982797
2.42 -0.979392
2.421 -0.97588
2.422 -0.972261
2.423 -0.968536
2.424 -0.964704
2.425 -0.960765
2.426 -0.95672
2.427 -0.952568
2.428 -0.94831
2.429 -0.943946
2.43 -0.939475
2.431 -0.934899
2.432 -0.930217
2.433 -0.925429
2.434 -0.920535
2.435 -0.915536
2.436 -0.910431
2.437 -0.905221
2.438 -0.899906
2.439 -0.894486
2.44 -0.888961
2.441 -0.883331
2.442 -0.877597
2.443 -0.871759
2.444 -0.865816
2.445 -0.859769
2.446 -0.853618
2.447 -0.847364
2.448 -0.841006
2.449 -0.834544
2.45 -0.82798
2.451 -0.821312
2.452 -0.814542
2.453 -0.807669
2.454 -0.800694
2.455 -0.793617
2.456 -0.786437
2.457 -0.779156
2.458 -0.771774
2.459 -0.76429
2.46 -0.756705
2.461 -0.749019
2.462 -0.741233
2.463 -0.733346
2.464 -0.72536
2.465 -0.717273
2.466 -0.709087
2.467 -0.700801
2.468 -0.692417
2.469 -0.683933
2.47 -0.675351
2.471 -0.666671
2.472 -0.657893
2.473 -0.649017
2.474 -0.640044
2.475 -0.630974
2.476 -0.621806
2.477 -0.612543
2.478 -0.603183
2.479 -0.593727
2.48 -0.584175
2.481 -0.574529
2.482 -0.564787
2.483 -0.554951
2.484 -0.54502
2.485 -0.534995
2.486 -0.524877
2.487 -0.514665
2.488 -0.50436
2.489 -0.493963
2.49 -0.483473
2.491 -0.472892
2.492 -0.462219
2.493 -0.451454
2.494 -0.440599
2.495 -0.429653
2.496 -0.418618
2.497 -0.407492
2.498 -0.396277
2.499 -0.384973
2.5 -0.373581
2.501 -0.3621
2.502 -0.350532
2.503 -0.338876
2.504 -0.327133
2.505 -0.315304
2.506 -0.303388
2.507 -0.291386
2.508 -0.2793
2.509 -0.267128
2.51 -0.254871
2.511 -0.242531
2.512 -0.230107
2.513 -0.2176
2.514 -0.20501
2.515 -0.192337
2.516 -0.179583
2.517 -0.166747
2.518 -0.15383
2.519 -0.140833
2.52 -0.127755
2.521 -0.114598
2.522 -0.101362
2.523 -0.0880471
2.524 -0.0746538
2.525 -0.0611828
2.526 -0.0476345
2.527 -0.0340094
2.528 -0.020308
2.529 -0.00653079
2.53 0.0073218
2.531 0.0212492
2.532 0.035251
2.533 0.0493267
2.534 0.0634757
2.535 0.0776975
2.536 0.0919917
2.537 0.106358
2.538 0.120795
2.539 0.135303
2.54 0.149881
2.541 0.16453
2.542 0.179247
2.543 0.194033
2.544 0.208887
2.545 0.223809
2.546 0.238798
2.547 0.253853
2.548 0.268974
2.549 0.284161
2.55 0.299413
2.551 0.314729
2.552 0.330109
2.553 0.345552
2.554 0.361058
2.555 0.376625
2.556 0.392255
2.557 0.407945
2.558 0.423696
2.559 0.439506
2.56 0.455376
2.561 0.471304
2.562 0.487291
2.563 0.503335
2.564 0.519436
2.565 0.535593
2.566 0.551806
2.567 0.568074
2.568 0.584396
2.569 0.600773
2.57 0.617203
2.571 0.633685
2.572 0.65022
2.573 0.666806
2.574 0.683443
2.575 0.70013
2.576 0.716867
2.577 0.733653
2.578 0.750488
2.579 0.76737
2.58 0.784299
2.581 0.801275
2.582 0.818297
2.583 0.835364
2.584 0.852476
2.585 0.869632
2.586 0.886831
2.587 0.904073
2.588 0.921357
2.589 0.938683
2.59 0.956049
2.591 0.973456
2.592 0.990902
2.593 1.00839
2.594 1.02591
2.595 1.04347
2.596 1.06107
2.597 1.0787
2.598 1.09637
2.599 1.11408
2.6 1.13181
2.601 1.14959
2.602 1.16739
2.603 1.18523
2.604 1.2031
2.605 1.221
2.606 1.23893
2.607 1.25689
2.608 1.27488
2.609 1.2929
2.61 1.31094
2.611 1.32901
2.612 1.34711
2.613 1.36523
2.614 1.38338
2.615 1.40155
2.616 1.41975
2.617 1.43797
2.618 1.45621
2.619 1.47447
2.62 1.49275
2.621 1.51106
2.622 1.52938
2.623 1.54772
2.624 1.56608
2.625 1.58445
2.626 1.60285
2.627 1.62126
2.628 1.63968
2.629 1.65812
2.63 1.67657
2.631 1.69503
2.632 1.71351
2.633 1.732
2.634 1.7505
2.635 1.76901
2.636 1.78753
2.637 1.80606
2.638 1.8246
2.639 1.84314
2.64 1.86169
2.641 1.88025
2.642 1.89881
2.643 1.91738
2.644 1.93595
2.645 1.95453
2.646 1.9731
2.647 1.99168
2.648 2.01026
2.649 2.02884
2.65 2.04742
2.651 2.066
2.652 2.08458
2.653 2.10315
2.654 2.12172
2.655 2.14029
2.656 2.15885
2.657 2.17741
2.658 2.19596
2.659 2.21451
2.66 2.23305
2.661 2.25158
2.662 2.2701
2.663 2.28861
2.664 2.30711
2.665 2.3256
2.666 2.34408
2.667 2.36254
2.668 2.38099
2.669 2.39943
2.67 2.41786
2.671 2.43627
2.672 2.45466
2.673 2.47303
2.674 2.49139
2.675 2.50973
2.676 2.52806
2.677 2.54636
2.678 2.56464
2.679 2.5829
2.68 2.60114
2.681 2.61936
2.682 2.63756
2.683 2.65573
2.684 2.67387
2.685 2.69199
2.686 2.71009
2.687 2.72816
2.688 2.7462
2.689 2.76422
2.69 2.7822
2.691 2.80016
2.692 2.81808
2.693 2.83598
2.694 2.85384
2.695 2.87167
2.696 2.88947
2.697 2.90724
2.698 2.92497
2.699 2.94267
2.7 2.96033
2.701 2.97795
2.702 2.99554
2.703 3.01309
2.704 3.03061
2.705 3.04808
2.706 3.06551
2.707 3.08291
2.708 3.10026
2.709 3.11757
2.71 3.13484
2.711 3.15206
2.712 3.16924
2.713 3.18638
2.714 3.20347
2.715 3.22052
2.716 3.23752
2.717 3.25448
2.718 3.27138
2.719 3.28824
2.72 3.30505
2.721 3.32181
2.722 3.33852
2.723 3.35517
2.724 3.37178
2.725 3.38833
2.726 3.40483
2.727 3.42128
2.728 3.43767
2.729 3.45401
2.73 3.4703
2.731 3.48652
2.732 3.50269
2.733 3.51881
2.734 3.53486
2.735 3.55086
2.736 3.56679
2.737 3.58267
2.738 3.59849
2.739 3.61424
2.74 3.62994
2.741 3.64557
2.742 3.66114
2.743 3.67664
2.744 3.69208
2.745 3.70746
2.746 3.72277
2.747 3.73801
2.748 3.75319
2.749 3.7683
2.75 3.78334
2.751 3.79832
2.752 3.81322
2.753 3.82806
2.754 3.84282
2.755 3.85752
2.756 3.87214
2.757 3.88669
2.758 3.90117
2.759 3.91558
2.76 3.92991
2.761 3.94417
2.762 3.95835
2.763 3.97246
2.764 3.98649
2.765 4.00045
2.766 4.01433
2.767 4.02813
2.768 4.04185
2.769 4.0555
2.77 4.06906
2.771 4.08255
2.772 4.09595
2.773 4.10928
2.774 4.12252
2.775 4.13568
2.776 4.14876
2.777 4.16176
2.778 4.17467
2.779 4.1875
2.78 4.20025
2.781 4.21291
2.782 4.22548
2.783 4.23797
2.784 4.25037
2.785 4.26269
2.786 4.27491
2.787 4.28705
2.788 4.29911
2.789 4.31107
2.79 4.32294
2.791 4.33473
2.792 4.34642
2.793 4.35802
2.794 4.36953
2.795 4.38095
2.796 4.39228
2.797 4.40352
2.798 4.41466
2.799 4.42571
2.8 4.43666
2.801 4.44752
2.802 4.45829
2.803 4.46896
2.804 4.47953
2.805 4.49001
2.806 4.50039
2.807 4.51068
2.808 4.52087
2.809 4.53096
2.81 4.54095
2.811 4.55084
2.812 4.56064
2.813 4.57033
2.814 4.57993
2.815 4.58942
2.816 4.59882
2.817 4.60811
2.818 4.6173
2.819 4.62639
2.82 4.63538
2.821 4.64427
2.822 4.65305
2.823 4.66174
2.824 4.67031
2.825 4.67879
2.826 4.68716
2.827 4.69542
2.828 4.70358
2.829 4.71164
2.83 4.71959
2.831 4.72743
2.832 4.73517
2.833 4.7428
2.834 4.75033
2.835 4.75774
2.836 4.76505
2.837 4.77226
2.838 4.77935
2.839 4.78634
2.84 4.79322
2.841 4.79999
2.842 4.80665
2.843 4.8132
2.844 4.81964
2.845 4.82597
2.846 4.83219
2.847 4.8383
2.848 4.8443
2.849 4.85019
2.85 4.85597
2.851 4.86164
2.852 4.86719
2.853 4.87264
2.854 4.87797
2.855 4.88319
2.856 4.88829
2.857 4.89329
2.858 4.89817
2.859 4.90294
2.86 4.90759
2.861 4.91213
2.862 4.91656
2.863 4.92087
2.864 4.92507
2.865 4.92916
2.866 4.93313
2.867 4.93699
2.868 4.94073
2.869 4.94435
2.87 4.94787
2.871 4.95126
2.872 4.95454
2.873 4.95771
2.874 4.96076
2.875 4.96369
2.876 4.96651
2.877 4.96921
2.878 4.9718
2.879 4.97427
2.88 4.97662
2.881 4.97886
2.882 4.98098
2.883 4.98298
2.884 4.98487
2.885 4.98664
2.886 4.98829
2.887 4.98983
2.888 4.99124
2.889 4.99255
2.89 4.99373
2.891 4.9948
2.892 4.99575
2.893 4.99658
2.894 4.99729
2.895 4.99789
2.896 4.99837
2.897 4.99873
2.898 4.99898
2.899 4.99911
2.9 4.99912
2.901 4.99901
2.902 4.99878
2.903 4.99844
2.904 4.99798
2.905 4.9974
2.906 4.99671
2.907 4.99589
2.908 4.99496
2.909 4.99391
2.91 4.99275
2.911 4.99146
2.912 4.99006
2.913 4.98854
2.914 4.98691
2.915 4.98515
2.916 4.98328
2.917 4.9813
2.918 4.97919
2.919 4.97697
2.92 4.97463
2.921 4.97218
2.922 4.9696
2.923 4.96692
2.924 4.96411
2.925 4.96119
2.926 4.95815
2.927 4.955
2.928 4.95173
2.929 4.94834
2.93 4.94484
2.931 4.94122
2.932 4.93748
2.933 4.93363
2.934 4.92967
2.935 4.92559
2.936 4.92139
2.937 4.91708
2.938 4.91266
2.939 4.90812
2.94 4.90346
2.941 4.8987
2.942 4.89381
2.943 4.88882
2.944 4.88371
2.945 4.87848
2.946 4.87315
2.947 4.8677
2.948 4.86213
2.949 4.85646
2.95 4.85067
2.951 4.84477
2.952 4.83876
2.953 4.83263
2.954 4.8264
2.955 4.82005
2.956 4.81359
2.957 4.80702
2.958 4.80034
2.959 4.79355
2.96 4.78665
2.961 4.77964
2.962 4.77252
2.963 4.76529
2.964 4.75795
2.965 4.75051
2.966 4.74295
2.967 4.73529
2.968 4.72752
2.969 4.71964
2.97 4.71165
2.971 4.70356
2.972 4.69536
2.973 4.68706
2.974 4.67865
2.975 4.67013
2.976 4.66151
2.977 4.65278
2.978 4.64395
2.979 4.63501
2.98 4.62597
2.981 4.61683
2.982 4.60758
2.983 4.59823
2.984 4.58878
2.985 4.57922
2.986 4.56956
2.987 4.55981
2.988 4.54995
2.989 4.53999
2.99 4.52993
2.991 4.51977
2.992 4.50951
2.993 4.49915
2.994 4.48869
2.995 4.47814
2.996 4.46748
2.997 4.45673
2.998 4.44589
2.999 4.43494
3 4.4239
3.001 4.41277
3.002 4.40153
3.003 4.39021
3.004 4.37879
3.005 4.36727
3.006 4.35567
3.007 4.34397
3.008 4.33217
3.009 4.32029
3.01 4.30831
3.011 4.29624
3.012 4.28408
3.013 4.27183
3.014 4.2595
3.015 4.24707
3.016 4.23455
3.017 4.22195
3.018 4.20925
3.019 4.19647
3.02 4.18361
3.021 4.17065
3.022 4.15762
3.023 4.14449
3.024 4.13128
3.025 4.11799
3.026 4.10461
3.027 4.09116
3.028 4.07761
3.029 4.06399
3.03 4.05028
3.031 4.0365
3.032 4.02263
3.033 4.00869
3.034 3.99466
3.035 3.98055
3.036 3.96637
3.037 3.95211
3.038 3.93777
3.039 3.92336
3.04 3.90887
3.041 3.89431
3.042 3.87967
3.043 3.86495
3.044 3.85017
3.045 3.83531
3.046 3.82037
3.047 3.80537
3.048 3.79029
3.049 3.77515
3.05 3.75993
3.051 3.74464
3.052 3.72929
3.053 3.71387
3.054 3.69838
3.055 3.68282
3.056 3.6672
3.057 3.65151
3.058 3.63575
3.059 3.61994
3.06 3.60405
3.061 3.58811
3.062 3.5721
3.063 3.55603
3.064 3.5399
3.065 3.52371
3.066 3.50746
3.067 3.49115
3.068 3.47478
3.069 3.45835
3.07 3.44187
3.071 3.42532
3.072 3.40873
3.073 3.39208
3.074 3.37537
3.075 3.35861
3.076 3.34179
3.077 3.32493
3.078 3.30801
3.079 3.29104
3.08 3.27402
3.081 3.25695
3.082 3.23983
3.083 3.22266
3.084 3.20544
3.085 3.18818
3.086 3.17087
3.087 3.15352
3.088 3.13612
3.089 3.11867
3.09 3.10118
3.091 3.08365
3.092 3.06608
3.093 3.04846
3.094 3.03081
3.095 3.01311
3.096 2.99538
3.097 2.9776
3.098 2.95979
3.099 2.94194
3.1 2.92406
3.101 2.90614
3.102 2.88818
3.103 2.87019
3.104 2.85217
3.105 2.83411
3.106 2.81602
3.107 2.7979
3.108 2.77975
3.109 2.76157
3.11 2.74336
3.111 2.72512
3.112 2.70686
3.113 2.68856
3.114 2.67025
3.115 2.6519
3.116 2.63353
3.117 2.61514
3.118 2.59672
3.119 2.57828
3.12 2.55982
3.121 2.54134
3.122 2.52284
3.123 2.50432
3.124 2.48578
3.125 2.46722
3.126 2.44865
3.127 2.43005
3.128 2.41145
3.129 2.39283
3.13 2.37419
3.131 2.35554
3.132 2.33688
3.133 2.3182
3.134 2.29952
3.135 2.28082
3.136 2.26212
3.137 2.2434
3.138 2.22468
3.139 2.20595
3.14 2.18722
3.141 2.16848
3.142 2.14973
3.143 2.13098
3.144 2.11222
3.145 2.09347
3.146 2.07471
3.147 2.05595
3.148 2.03719
3.149 2.01843
3.15 1.99967
3.151 1.98091
3.152 1.96216
3.153 1.94341
3.154 1.92466
3.155 1.90592
3.156 1.88719
3.157 1.86846
3.158 1.84974
3.159 1.83102
3.16 1.81232
3.161 1.79362
3.162 1.77494
3.163 1.75627
3.164 1.7376
3.165 1.71896
3.166 1.70032
3.167 1.6817
3.168 1.66309
3.169 1.6445
3.17 1.62593
3.171 1.60737
3.172 1.58884
3.173 1.57032
3.174 1.55182
3.175 1.53334
3.176 1.51488
3.177 1.49644
3.178 1.47803
3.179 1.45964
3.18 1.44128
3.181 1.42294
3.182 1.40462
3.183 1.38633
3.184 1.36807
3.185 1.34984
3.186 1.33163
3.187 1.31346
3.188 1.29531
3.189 1.2772
3.19 1.25912
3.191 1.24107
3.192 1.22305
3.193 1.20507
3.194 1.18713
3.195 1.16921
3.196 1.15134
3.197 1.1335
3.198 1.1157
3.199 1.09794
3.2 1.08022
3.201 1.06253
3.202 1.04489
3.203 1.02729
3.204 1.00973
3.205 0.992219
3.206 0.974748
3.207 0.957321
3.208 0.939939
3.209 0.922604
3.21 0.905314
3.211 0.888072
3.212 0.870879
3.213 0.853734
3.214 0.836638
3.215 0.819593
3.216 0.802598
3.217 0.785656
3.218 0.768765
3.219 0.751928
3.22 0.735144
3.221 0.718415
3.222 0.701742
3.223 0.685124
3.224 0.668563
3.225 0.652059
3.226 0.635613
3.227 0.619225
3.228 0.602898
3.229 0.58663
3.23 0.570423
3.231 0.554277
3.232 0.538194
3.233 0.522173
3.234 0.506216
3.235 0.490323
3.236 0.474495
3.237 0.458733
3.238 0.443037
3.239 0.427407
3.24 0.411846
3.241 0.396352
3.242 0.380927
3.243 0.365572
3.244 0.350287
3.245 0.335073
3.246 0.31993
3.247 0.304859
3.248 0.289862
3.249 0.274937
3.25 0.260087
3.251 0.245311
3.252 0.230611
3.253 0.215986
3.254 0.201439
3.255 0.186968
3.256 0.172575
3.257 0.158261
3.258 0.144026
3.259 0.12987
3.26 0.115795
3.261 0.101801
3.262 0.0878881
3.263 0.0740575
3.264 0.0603095
3.265 0.0466449
3.266 0.0330642
3.267 0.0195679
3.268 0.00615675
3.269 -0.00716874
3.27 -0.020408
3.271 -0.0335604
3.272 -0.0466255
3.273 -0.0596026
3.274 -0.0724911
3.275 -0.0852906
3.276 -0.0980004
3.277 -0.11062
3.278 -0.123149
3.279 -0.135586
3.28 -0.147932
3.281 -0.160185
3.282 -0.172346
3.283 -0.184412
3.284 -0.196385
3.285 -0.208264
3.286 -0.220047
3.287 -0.231734
3.288 -0.243326
3.289 -0.254821
3.29 -0.266219
3.291 -0.277519
3.292 -0.288721
3.293 -0.299824
3.294 -0.310828
3.295 -0.321733
3.296 -0.332537
3.297 -0.343241
3.298 -0.353844
3.299 -0.364345
3.3 -0.374745
3.301 -0.385041
3.302 -0.395235
3.303 -0.405326
3.304 -0.415312
3.305 -0.425194
3.306 -0.434972
3.307 -0.444644
3.308 -0.45421
3.309 -0.463671
3.31 -0.473024
3.311 -0.482271
3.312 -0.491411
3.313 -0.500442
3.314 -0.509366
3.315 -0.518181
3.316 -0.526886
3.317 -0.535483
3.318 -0.543969
3.319 -0.552345
3.32 -0.560611
3.321 -0.568765
3.322 -0.576809
3.323 -0.58474
3.324 -0.592559
3.325 -0.600266
3.326 -0.60786
3.327 -0.61534
3.328 -0.622707
3.329 -0.62996
3.33 -0.637099
3.331 -0.644123
3.332 -0.651032
3.333 -0.657825
3.334 -0.664503
3.335 -0.671066
3.336 -0.677511
3.337 -0.68384
3.338 -0.690053
3.339 -0.696148
3.34 -0.702125
3.341 -0.707985
3.342 -0.713726
3.343 -0.719349
3.344 -0.724854
3.345 -0.730239
3.346 -0.735505
3.347 -0.740652
3.348 -0.745678
3.349 -0.750585
3.35 -0.755372
3.351 -0.760038
3.352 -0.764583
3.353 -0.769007
3.354 -0.773309
3.355 -0.777491
3.356 -0.78155
3.357 -0.785488
3.358 -0.789303
3.359 -0.792996
3.36 -0.796566
3.361 -0.800013
3.362 -0.803338
3.363 -0.806539
3.364 -0.809617
3.365 -0.812571
3.366 -0.815402
3.367 -0.818108
3.368 -0.820691
3.369 -0.823149
3.37 -0.825483
3.371 -0.827692
3.372 -0.829776
3.373 -0.831736
3.374 -0.83357
3.375 -0.835279
3.376 -0.836863
3.377 -0.838322
3.378 -0.839655
3.379 -0.840862
3.38 -0.841944
3.381 -0.8429
3.382 -0.843729
3.383 -0.844433
3.384 -0.84501
3.385 -0.845462
3.386 -0.845787
3.387 -0.845985
3.388 -0.846057
3.389 -0.846003
3.39 -0.845821
3.391 -0.845514
3.392 -0.845079
3.393 -0.844518
3.394 -0.84383
3.395 -0.843015
3.396 -0.842073
3.397 -0.841004
3.398 -0.839808
3.399 -0.838486
3.4 -0.837036
3.401 -0.83546
3.402 -0.833756
3.403 -0.831926
3.404 -0.829968
3.405 -0.827884
3.406 -0.825673
3.407 -0.823334
3.408 -0.820869
3.409 -0.818278
3.41 -0.815559
3.411 -0.812713
3.412 -0.809741
3.413 -0.806643
3.414 -0.803417
3.415 -0.800065
3.416 -0.796587
3.417 -0.792982
3.418 -0.789251
3.419 -0.785394
3.42 -0.781411
3.421 -0.777302
3.422 -0.773066
3.423 -0.768705
3.424 -0.764218
3.425 -0.759606
3.426 -0.754868
3.427 -0.750005
3.428 -0.745016
3.429 -0.739902
3.43 -0.734664
3.431 -0.7293
3.432 -0.723812
3.433 -0.7182
3.434 -0.712463
3.435 -0.706601
3.436 -0.700616
3.437 -0.694507
3.438 -0.688275
3.439 -0.681918
3.44 -0.675439
3.441 -0.668836
3.442 -0.662111
3.443 -0.655263
3.444 -0.648292
3.445 -0.641199
3.446 -0.633984
3.447 -0.626647
3.448 -0.619189
3.449 -0.611609
3.45 -0.603908
3.451 -0.596086
3.452 -0.588143
3.453 -0.58008
3.454 -0.571897
3.455 -0.563594
3.456 -0.555172
3.457 -0.54663
3.458 -0.537969
3.459 -0.529189
3.46 -0.520291
3.461 -0.511274
3.462 -0.50214
3.463 -0.492888
3.464 -0.483519
3.465 -0.474033
3.466 -0.46443
3.467 -0.45471
3.468 -0.444875
3.469 -0.434924
3.47 -0.424858
3.471 -0.414676
3.472 -0.40438
3.473 -0.39397
3.474 -0.383445
3.475 -0.372807
3.476 -0.362056
3.477 -0.351191
3.478 -0.340214
3.479 -0.329125
3.48 -0.317925
3.481 -0.306612
3.482 -0.295189
3.483 -0.283655
3.484 -0.272011
3.485 -0.260257
3.486 -0.248394
3.487 -0.236422
3.488 -0.224341
3.489 -0.212152
3.49 -0.199855
3.491 -0.187451
3.492 -0.17494
3.493 -0.162322
3.494 -0.149599
3.495 -0.13677
3.496 -0.123836
3.497 -0.110797
3.498 -0.097654
3.499 -0.0844073
3.5 -0.0710573
3.501 -0.0576045
3.502 -0.0440494
3.503 -0.0303924
3.504 -0.0166341
3.505 -0.00277489
3.506 0.0111847
3.507 0.0252441
3.508 0.039403
3.509 0.0536607
3.51 0.0680168
3.511 0.0824707
3.512 0.097022
3.513 0.11167
3.514 0.126415
3.515 0.141255
3.516 0.15619
3.517 0.17122
3.518 0.186344
3.519 0.201562
3.52 0.216873
3.521 0.232277
3.522 0.247772
3.523 0.263359
3.524 0.279037
3.525 0.294805
3.526 0.310662
3.527 0.326609
3.528 0.342644
3.529 0.358768
3.53 0.374978
3.531 0.391276
3.532 0.407659
3.533 0.424129
3.534 0.440683
3.535 0.457321
3.536 0.474044
3.537 0.49085
3.538 0.507738
3.539 0.524708
3.54 0.541759
3.541 0.558892
3.542 0.576104
3.543 0.593396
3.544 0.610766
3.545 0.628215
3.546 0.645741
3.547 0.663345
3.548 0.681024
3.549 0.698779
3.55 0.716609
3.551 0.734513
3.552 0.752491
3.553 0.770542
3.554 0.788665
3.555 0.80686
3.556 0.825126
3.557 0.843462
3.558 0.861868
3.559 0.880342
3.56 0.898885
3.561 0.917496
3.562 0.936173
3.563 0.954917
3.564 0.973726
3.565 0.992599
3.566 1.01154
3.567 1.03054
3.568 1.0496
3.569 1.06873
3.57 1.08792
3.571 1.10716
3.572 1.12647
3.573 1.14584
3.574 1.16526
3.575 1.18475
3.576 1.20429
3.577 1.22388
3.578 1.24353
3.579 1.26324
3.58 1.283
3.581 1.30281
3.582 1.32268
3.583 1.3426
3.584 1.36256
3.585 1.38258
3.586 1.40265
3.587 1.42277
3.588 1.44293
3.589 1.46315
3.59 1.48341
3.591 1.50371
3.592 1.52406
3.593 1.54446
3.594 1.56489
3.595 1.58537
3.596 1.6059
3.597 1.62646
3.598 1.64706
3.599 1.66771
3.6 1.68839
3.601 1.70911
3.602 1.72987
3.603 1.75066
3.604 1.77149
3.605 1.79236
3.606 1.81326
3.607 1.83419
3.608 1.85515
3.609 1.87615
3.61 1.89718
3.611 1.91824
3.612 1.93932
3.613 1.96044
3.614 1.98158
3.615 2.00275
3.616 2.02395
3.617 2.04517
3.618 2.06642
3.619 2.08769
3.62 2.10899
3.621 2.1303
3.622 2.15164
3.623 2.173
3.624 2.19437
3.625 2.21577
3.626 2.23718
3.627 2.25862
3.628 2.28006
3.629 2.30153
3.63 2.32301
3.631 2.3445
3.632 2.36601
3.633 2.38752
3.634 2.40906
3.635 2.4306
3.636 2.45215
3.637 2.47371
3.638 2.49528
3.639 2.51685
3.64 2.53843
3.641 2.56002
3.642 2.58161
3.643 2.60321
3.644 2.62481
3.645 2.64642
3.646 2.66802
3.647 2.68963
3.648 2.71123
3.649 2.73284
3.65 2.75444
3.651 2.77604
3.652 2.79764
3.653 2.81924
3.654 2.84083
3.655 2.86241
3.656 2.88399
3.657 2.90556
3.658 2.92712
3.659 2.94867
3.66 2.97021
3.661 2.99174
3.662 3.01326
3.663 3.03477
3.664 3.05627
3.665 3.07775
3.666 3.09921
3.667 3.12066
3.668 3.1421
3.669 3.16351
3.67 3.18491
3.671 3.20629
3.672 3.22765
3.673 3.24899
3.674 3.27031
3.675 3.29161
3.676 3.31288
3.677 3.33413
3.678 3.35535
3.679 3.37655
3.68 3.39772
3.681 3.41887
3.682 3.43999
3.683 3.46108
3.684 3.48214
3.685 3.50317
3.686 3.52416
3.687 3.54513
3.688 3.56606
3.689 3.58696
3.69 3.60783
3.691 3.62866
3.692 3.64945
3.693 3.67021
3.694 3.69093
3.695 3.71161
3.696 3.73225
3.697 3.75285
3.698 3.77342
3.699 3.79394
3.7 3.81441
3.701 3.83485
3.702 3.85524
3.703 3.87558
3.704 3.89588
3.705 3.91614
3.706 3.93634
3.707 3.9565
3.708 3.97661
3.709 3.99667
3.71 4.01668
3.711 4.03664
3.712 4.05655
3.713 4.0764
3.714 4.0962
3.715 4.11595
3.716 4.13564
3.717 4.15528
3.718 4.17486
3.719 4.19438
3.72 4.21385
3.721 4.23326
3.722 4.2526
3.723 4.27189
3.724 4.29112
3.725 4.31028
3.726 4.32939
3.727 4.34842
3.728 4.3674
3.729 4.38631
3.73 4.40516
3.731 4.42394
3.732 4.44265
3.733 4.46129
3.734 4.47987
3.735 4.49838
3.736 4.51681
3.737 4.53518
3.738 4.55348
3.739 4.5717
3.74 4.58985
3.741 4.60793
3.742 4.62594
3.743 4.64387
3.744 4.66172
3.745 4.6795
3.746 4.6972
3.747 4.71483
3.748 4.73237
3.749 4.74984
3.75 4.76723
3.751 4.78453
3.752 4.80176
3.753 4.8189
3.754 4.83597
3.755 4.85295
3.756 4.86984
3.757 4.88666
3.758 4.90338
3.759 4.92002
3.76 4.93658
3.761 4.95305
3.762 4.96943
3.763 4.98572
3.764 5.00193
3.765 5.01804
3.766 5.03407
3.767 5.05
3.768 5.06584
3.769 5.08159
3.77 5.09725
3.771 5.11282
3.772 5.12829
3.773 5.14367
3.774 5.15895
3.775 5.17414
3.776 5.18923
3.777 5.20422
3.778 5.21912
3.779 5.23392
3.78 5.24862
3.781 5.26322
3.782 5.27772
3.783 5.29212
3.784 5.30642
3.785 5.32062
3.786 5.33472
3.787 5.34871
3.788 5.3626
3.789 5.37639
3.79 5.39008
3.791 5.40365
3.792 5.41713
3.793 5.4305
3.794 5.44376
3.795 5.45692
3.796 5.46996
3.797 5.4829
3.798 5.49574
3.799 5.50846
3.8 5.52107
3.801 5.53358
3.802 5.54597
3.803 5.55826
3.804 5.57043
3.805 5.58249
3.806 5.59444
3.807 5.60627
3.808 5.61799
3.809 5.6296
3.81 5.6411
3.811 5.65248
3.812 5.66374
3.813 5.67489
3.814 5.68592
3.815 5.69684
3.816 5.70764
3.817 5.71832
3.818 5.72889
3.819 5.73934
3.82 5.74967
3.821 5.75988
3.822 5.76997
3.823 5.77994
3.824 5.78979
3.825 5.79952
3.826 5.80913
3.827 5.81862
3.828 5.82799
3.829 5.83723
3.83 5.84635
3.831 5.85536
3.832 5.86423
3.833 5.87299
3.834 5.88162
3.835 5.89012
3.836 5.8985
3.837 5.90676
3.838 5.91489
3.839 5.9229
3.84 5.93078
3.841 5.93853
3.842 5.94616
3.843 5.95366
3.844 5.96104
3.845 5.96828
3.846 5.9754
3.847 5.98239
3.848 5.98926
3.849 5.99599
3.85 6.0026
3.851 6.00908
3.852 6.01542
3.853 6.02164
3.854 6.02773
3.855 6.03369
3.856 6.03952
3.857 6.04522
3.858 6.05079
3.859 6.05622
3.86 6.06153
3.861 6.0667
3.862 6.07175
3.863 6.07666
3.864 6.08144
3.865 6.08609
3.866 6.0906
3.867 6.09498
3.868 6.09923
3.869 6.10335
3.87 6.10733
3.871 6.11118
3.872 6.1149
3.873 6.11848
3.874 6.12194
3.875 6.12525
3.876 6.12843
3.877 6.13148
3.878 6.1344
3.879 6.13718
3.88 6.13982
3.881 6.14233
3.882 6.14471
3.883 6.14695
3.884 6.14906
3.885 6.15103
3.886 6.15287
3.887 6.15457
3.888 6.15614
3.889 6.15757
3.89 6.15887
3.891 6.16003
3.892 6.16105
3.893 6.16194
3.894 6.1627
3.895 6.16332
3.896 6.1638
3.897 6.16415
3.898 6.16436
3.899 6.16444
3.9 6.16438
3.901 6.16419
3.902 6.16386
3.903 6.16339
3.904 6.16279
3.905 6.16205
3.906 6.16118
3.907 6.16017
3.908 6.15903
3.909 6.15775
3.91 6.15634
3.911 6.15479
3.912 6.1531
3.913 6.15128
3.914 6.14933
3.915 6.14724
3.916 6.14501
3.917 6.14265
3.918 6.14016
3.919 6.13753
3.92 6.13477
3.921 6.13187
3.922 6.12883
3.923 6.12567
3.924 6.12237
3.925 6.11893
3.926 6.11536
3.927 6.11166
3.928 6.10782
3.929 6.10385
3.93 6.09974
3.931 6.09551
3.932 6.09114
3.933 6.08663
3.934 6.082
3.935 6.07723
3.936 6.07233
3.937 6.06729
3.938 6.06213
3.939 6.05683
3.94 6.0514
3.941 6.04584
3.942 6.04015
3.943 6.03433
3.944 6.02838
3.945 6.0223
3.946 6.01608
3.947 6.00974
3.948 6.00327
3.949 5.99666
3.95 5.98993
3.951 5.98307
3.952 5.97608
3.953 5.96896
3.954 5.96172
3.955 5.95434
3.956 5.94684
3.957 5.93921
3.958 5.93146
3.959 5.92358
3.96 5.91557
3.961 5.90743
3.962 5.89917
3.963 5.89078
3.964 5.88227
3.965 5.87364
3.966 5.86488
3.967 5.85599
3.968 5.84698
3.969 5.83785
3.97 5.8286
3.971 5.81922
3.972 5.80972
3.973 5.8001
3.974 5.79036
3.975 5.78049
3.976 5.77051
3.977 5.7604
3.978 5.75017
3.979 5.73983
3.98 5.72937
3.981 5.71878
3.982 5.70808
3.983 5.69726
3.984 5.68632
3.985 5.67527
3.986 5.6641
3.987 5.65281
3.988 5.64141
3.989 5.62989
3.99 5.61826
3.991 5.60651
3.992 5.59465
3.993 5.58268
3.994 5.57059
3.995 5.55839
3.996 5.54608
3.997 5.53365
3.998 5.52112
3.999 5.50847
4 5.49572
