0  1000  10000  6.90776  9.21034  4.7362
0.25  981  9870  6.88857  9.19726  4.74493
0.5  969  9749  6.87626  9.18492  4.77068
0.75  952  9619  6.85857  9.1715  4.78749
1  942  9473  6.84801  9.1562  4.84419
1.25  930  9350  6.83518  9.14313  4.67283
1.5  923  9226  6.82763  9.12978  4.62497
1.75  905  9138  6.80793  9.1202  4.56435
2  896  9031  6.79794  9.10842  4.72739
2.25  887  8940  6.78784  9.09829  4.91265
2.5  873  8816  6.77194  9.08432  4.85203
2.75  860  8713  6.75693  9.07257  4.89035
3  848  8598  6.74288  9.05928  4.7185
3.25  843  8485  6.73697  9.04606  4.66344
3.5  835  8379  6.72743  9.03348  4.67283
3.75  825  8279  6.71538  9.02148  4.36945
4  815  8190  6.70319  9.01067  4.44265
4.25  802  8087  6.68711  8.99801  4.7362
4.5  796  7999  6.6796  8.98707  4.5326
4.75  784  7896  6.66441  8.97411  4.63473
5  776  7777  6.65415  8.95893  4.5326
5.25  768  7666  6.64379  8.94455  4.67283
5.5  756  7577  6.62804  8.93287  4.49981
5.75  743  7456  6.6107  8.91677  4.55388
6  730  7374  6.59304  8.90572  4.52179
6.25  719  7266  6.57786  8.89096  4.46591
6.5  709  7170  6.56386  8.87766  4.35671
6.75  697  7075  6.54679  8.86432  4.67283
7  689  6975  6.53524  8.85009  4.61512
7.25  680  6894  6.52209  8.83841  4.46591
7.5  669  6807  6.50578  8.82571  4.46591
7.75  662  6730  6.49527  8.81433  4.11087
8  653  6639  6.48158  8.80072  4.27667
8.25  648  6553  6.47389  8.78768  4.30407
8.5  639  6475  6.4599  8.7757  4.33073
8.75  636  6390  6.4552  8.76249  4.39445
9  633  6316  6.45047  8.75084  4.40672
9.25  623  6238  6.43455  8.73841  4.57471
9.5  617  6169  6.42487  8.72729  4.23411
9.75  607  6092  6.40853  8.71473  4.31749
10  603  6004  6.40192  8.70018  4.31749
10.25  591  5927  6.38182  8.68727  4.20469
10.5  584  5863  6.3699  8.67642  4.20469
10.75  576  5786  6.35611  8.6632  4.20469
11  572  5713  6.34914  8.6505  4.31749
11.25  568  5639  6.34212  8.63746  4.35671
11.5  561  5562  6.32972  8.62371  4.36945
11.75  552  5489  6.31355  8.6105  4.04305
12  542  5433  6.29527  8.60025  4.15888
12.25  538  5370  6.28786  8.58858  4.15888
12.5  525  5308  6.2634  8.57697  4.21951
12.75  515  5239  6.24417  8.56389  4.04305
13  508  5173  6.23048  8.55121  4.23411
13.25  497  5104  6.20859  8.53778  4.00733
13.5  488  5042  6.19032  8.52556  4.14313
13.75  484  4965  6.18208  8.51017  3.78419
14  476  4908  6.16542  8.49862  3.97029
14.25  469  4837  6.1506  8.48405  4.15888
14.5  460  4771  6.13123  8.47031  3.95124
14.75  456  4721  6.12249  8.45978  4.2485
15  451  4657  6.11147  8.44613  4.15888
15.25  444  4599  6.09582  8.43359  3.91202
15.5  439  4540  6.0845  8.42068  4.09434
15.75  433  4478  6.07074  8.40693  3.78419
16  431  4408  6.06611  8.39118  3.97029
16.25  427  4352  6.05678  8.37839  4.23411
16.5  426  4290  6.05444  8.36404  3.73767
16.75  423  4241  6.04737  8.35255  3.97029
17  416  4187  6.03069  8.33974  3.78419
17.25  411  4137  6.01859  8.32773  3.89182
17.5  408  4089  6.01127  8.31606  3.82864
17.75  404  4040  6.00141  8.304  4.00733
18  399  3985  5.98896  8.29029  3.95124
18.25  391  3940  5.96871  8.27894  3.93183
18.5  388  3890  5.96101  8.26616  3.98898
18.75  386  3848  5.95584  8.25531  3.93183
19  381  3798  5.9428  8.24223  3.63759
19.25  378  3744  5.93489  8.22791  3.7612
19.5  376  3703  5.92959  8.2169  3.89182
19.75  371  3663  5.9162  8.20604  3.8712
20  368  3610  5.90808  8.19146  4.00733
20.25  364  3566  5.89715  8.1792  3.89182
20.5  358  3526  5.88053  8.16792  3.93183
20.75  353  3497  5.86647  8.15966  3.55535
21  351  3442  5.86079  8.14381  3.55535
21.25  345  3401  5.84354  8.13182  3.80666
21.5  337  3357  5.82008  8.1188  3.91202
21.75  334  3314  5.81114  8.10591  3.73767
22  330  3258  5.79909  8.08887  3.58352
22.25  326  3221  5.7869  8.07745  3.55535
22.5  322  3176  5.77455  8.06338  3.85015
22.75  319  3136  5.76519  8.0507  3.82864
23  314  3106  5.74939  8.04109  3.61092
23.25  303  3068  5.71373  8.02878  3.63759
23.5  300  3038  5.70378  8.01895  3.52636
23.75  296  3005  5.69036  8.00803  3.68888
24  292  2962  5.67675  7.99362  3.4012
24.25  283  2923  5.64545  7.98037  3.61092
24.5  279  2884  5.63121  7.96693  3.2581
24.75  276  2851  5.6204  7.95543  3.55535
25  272  2811  5.6058  7.9413  3.52636
25.25  268  2772  5.59099  7.92732  3.73767
25.5  261  2733  5.56452  7.91316  3.46574
25.75  259  2708  5.55683  7.90397  3.71357
26  256  2666  5.54518  7.88833  3.49651
26.25  253  2627  5.53339  7.8736  3.17805
26.5  249  2599  5.51745  7.86288  3.46574
26.75  246  2571  5.50533  7.85205  3.4012
27  239  2550  5.47646  7.84385  3.43399
27.25  236  2510  5.46383  7.82804  3.4012
27.5  234  2480  5.45532  7.81601  3.61092
27.75  231  2449  5.44242  7.80344  3.55535
28  229  2419  5.43372  7.79111  3.29584
28.25  222  2393  5.40268  7.7803  3.43399
28.5  219  2367  5.38907  7.76938  3.29584
28.75  218  2341  5.3845  7.75833  3.17805
29  214  2312  5.36598  7.74587  3.21888
29.25  212  2288  5.35659  7.73543  3.4012
29.5  211  2242  5.35186  7.71512  3.13549
29.75  209  2218  5.34233  7.70436  3.17805
30  207  2193  5.33272  7.69303  3.04452
30.25  205  2158  5.32301  7.67694  3.3673
30.5  203  2134  5.31321  7.66575  2.94444
30.75  200  2108  5.29832  7.65349  3.17805
31  199  2080  5.2933  7.64012  3.09104
31.25  196  2053  5.27811  7.62706  3.29584
31.5  191  2033  5.25227  7.61727  2.89037
31.75  190  2005  5.24702  7.6034  3.2581
32  190  1983  5.24702  7.59237  3.2581
32.25  188  1956  5.23644  7.57866  3.29584
32.5  186  1936  5.22575  7.56838  2.70805
32.75  183  1913  5.20949  7.55643  3.09104
33  182  1894  5.20401  7.54645  3.04452
33.25  180  1871  5.19296  7.53423  2.83321
33.5  178  1855  5.18178  7.52564  3.04452
33.75  174  1826  5.15906  7.50988  2.83321
34  173  1803  5.15329  7.49721  3.17805
34.25  170  1778  5.1358  7.48324  2.94444
34.5  167  1751  5.11799  7.46794  3.29584
34.75  166  1726  5.11199  7.45356  3.04452
35  164  1704  5.09987  7.44073  3.04452
35.25  162  1680  5.0876  7.42655  2.94444
35.5  161  1654  5.0814  7.41095  2.89037
35.75  160  1635  5.07517  7.3994  3.17805
36  158  1616  5.0626  7.38771  2.89037
36.25  157  1600  5.05625  7.37776  3.04452
36.5  155  1584  5.04343  7.36771  3.21888
36.75  150  1559  5.01064  7.3518  2.83321
37  149  1541  5.00395  7.34019  2.94444
37.25  147  1526  4.99043  7.33041  2.99573
37.5  142  1501  4.95583  7.31389  3.09104
37.75  142  1482  4.95583  7.30115  2.83321
38  140  1462  4.94164  7.28756  3.17805
38.25  138  1444  4.92725  7.27517  2.94444
38.5  137  1424  4.91998  7.26123  3.04452
38.75  136  1408  4.91265  7.24993  2.77259
39  136  1389  4.91265  7.23634  2.30259
39.25  135  1375  4.90527  7.22621  2.48491
39.5  134  1357  4.89784  7.21303  3.09104
39.75  134  1345  4.89784  7.20415  2.3979
40  133  1323  4.89035  7.18766  2.63906
40.25  132  1304  4.8828  7.17319  2.56495
40.5  132  1287  4.8828  7.16007  2.94444
40.75  132  1270  4.8828  7.14677  2.99573
41  131  1253  4.8752  7.1333  2.63906
41.25  129  1233  4.85981  7.11721  2.3979
41.5  129  1218  4.85981  7.10497  2.56495
41.75  129  1203  4.85981  7.09257  2.56495
42  129  1184  4.85981  7.07665  2.63906
42.25  128  1169  4.85203  7.0639  2.56495
42.5  126  1161  4.83628  7.05704  2.94444
42.75  125  1142  4.82831  7.04054  2.30259
43  125  1126  4.82831  7.02643  2.83321
43.25  125  1111  4.82831  7.01302  2.48491
43.5  124  1096  4.82028  6.99942  2.3979
43.75  120  1080  4.78749  6.98472  3.13549
44  119  1065  4.77912  6.97073  2.3979
44.25  117  1050  4.76217  6.95655  2.07944
44.5  115  1042  4.74493  6.9489  2.56495
44.75  113  1033  4.72739  6.94022  2.89037
45  110  1016  4.70048  6.92363  2.70805
45.25  109  1011  4.69135  6.9187  2.30259
45.5  107  999  4.67283  6.90675  1.60944
45.75  107  985  4.67283  6.89264  2.3979
46  106  975  4.66344  6.88244  2.3979
46.25  106  963  4.66344  6.87005  2.19722
46.5  106  953  4.66344  6.85961  2.30259
46.75  105  940  4.65396  6.84588  2.07944
47  102  927  4.62497  6.83195  2.56495
47.25  101  916  4.61512  6.82002  2.30259
47.5  101  903  4.61512  6.80572  2.30259
47.75  100  894  4.60517  6.79571  2.56495
48  100  887  4.60517  6.78784  2.56495
48.25  97  879  4.57471  6.77878  2.3979
48.5  95  867  4.55388  6.76504  2.56495
48.75  94  855  4.54329  6.7511  2.48491
49  94  845  4.54329  6.73934  2.19722
49.25  93  835  4.5326  6.72743  2.07944
49.5  90  819  4.49981  6.70808  2.48491
49.75  88  810  4.47734  6.69703  2.19722
50  86  793  4.45435  6.67582  2.30259
50.25  86  781  4.45435  6.66058  2.19722
50.5  85  772  4.44265  6.64898  1.38629
50.75  84  764  4.43082  6.63857  2.07944
51  83  751  4.41884  6.62141  2.07944
51.25  80  743  4.38203  6.6107  2.19722
51.5  79  736  4.36945  6.60123  2.56495
51.75  78  726  4.35671  6.58755  2.48491
52  77  719  4.34381  6.57786  2.48491
52.25  76  708  4.33073  6.56244  2.30259
52.5  75  695  4.31749  6.54391  1.79176
52.75  75  688  4.31749  6.53379  2.07944
53  74  685  4.30407  6.52942  2.63906
53.25  72  675  4.27667  6.51471  2.07944
53.5  71  662  4.26268  6.49527  2.3979
53.75  71  659  4.26268  6.49072  2.30259
54  71  641  4.26268  6.46303  1.94591
54.25  70  631  4.2485  6.44731  2.19722
54.5  69  624  4.23411  6.43615  2.3979
54.75  68  614  4.21951  6.41999  2.19722
55  68  604  4.21951  6.40357  1.94591
55.25  67  596  4.20469  6.39024  2.19722
55.5  67  591  4.20469  6.38182  2.30259
55.75  66  583  4.18965  6.36819  2.30259
56  66  572  4.18965  6.34914  2.19722
56.25  66  567  4.18965  6.34036  1.94591
56.5  65  563  4.17439  6.33328  2.19722
56.75  65  557  4.17439  6.32257  2.3979
57  65  550  4.17439  6.30992  2.19722
57.25  64  541  4.15888  6.29342  2.3979
57.5  63  530  4.14313  6.27288  1.09861
57.75  63  528  4.14313  6.2691  1.79176
58  62  523  4.12713  6.25958  1.09861
58.25  61  510  4.11087  6.23441  2.19722
58.5  61  498  4.11087  6.2106  0.693147
58.75  61  494  4.11087  6.20254  1.94591
59  61  488  4.11087  6.19032  2.07944
59.25  61  478  4.11087  6.16961  1.38629
59.5  61  471  4.11087  6.15486  1.38629
59.75  61  461  4.11087  6.1334  1.60944
60  60  459  4.09434  6.12905  1.38629
60.25  60  453  4.09434  6.11589  1.79176
60.5  60  447  4.09434  6.10256  1.94591
60.75  59  441  4.07754  6.08904  0
61  59  434  4.07754  6.07304  1.79176
61.25  58  429  4.06044  6.06146  1.38629
61.5  57  426  4.04305  6.05444  1.38629
61.75  56  423  4.02535  6.04737  1.79176
62  56  415  4.02535  6.02828  1.60944
62.25  56  412  4.02535  6.02102  1.94591
62.5  56  405  4.02535  6.00389  1.79176
62.75  55  398  4.00733  5.98645  1.38629
63  54  394  3.98898  5.97635  1.38629
63.25  53  389  3.97029  5.96358  1.38629
63.5  53  379  3.97029  5.93754  1.38629
63.75  53  371  3.97029  5.9162  1.09861
64  53  366  3.97029  5.90263  1.09861
64.25  53  362  3.97029  5.89164  1.60944
64.5  53  360  3.97029  5.8861  1.09861
64.75  52  358  3.95124  5.88053  1.38629
65  50  352  3.91202  5.86363  1.94591
65.25  50  350  3.91202  5.85793  1.60944
65.5  48  347  3.8712  5.84932  1.38629
65.75  48  340  3.8712  5.82895  1.79176
66  48  337  3.8712  5.82008  0
66.25  48  333  3.8712  5.80814  0.693147
66.5  48  330  3.8712  5.79909  1.60944
66.75  48  330  3.8712  5.79909  0.693147
67  48  325  3.8712  5.78383  1.94591
67.25  47  323  3.85015  5.77765  0.693147
67.5  45  314  3.80666  5.74939  1.09861
67.75  44  310  3.78419  5.73657  2.07944
68  44  307  3.78419  5.72685  1.38629
68.25  44  302  3.78419  5.71043  0.693147
68.5  43  296  3.7612  5.69036  1.38629
68.75  42  296  3.73767  5.69036  1.79176
69  42  293  3.73767  5.68017  0.693147
69.25  42  292  3.73767  5.67675  1.60944
69.5  41  285  3.71357  5.65249  1.60944
69.75  40  283  3.68888  5.64545  0.693147
70  39  280  3.66356  5.63479  1.79176
70.25  39  274  3.66356  5.61313  1.38629
70.5  39  273  3.66356  5.60947  1.94591
70.75  39  269  3.66356  5.59471  1.60944
71  39  264  3.66356  5.57595  0.693147
71.25  39  263  3.66356  5.57215  1.60944
71.5  37  260  3.61092  5.56068  1.38629
71.75  36  258  3.58352  5.55296  0
72  35  258  3.55535  5.55296  0
72.25  35  254  3.55535  5.53733  0.693147
72.5  35  251  3.55535  5.52545  1.60944
72.75  35  250  3.55535  5.52146  1.09861
73  35  245  3.55535  5.50126  1.09861
73.25  35  242  3.55535  5.48894  1.09861
73.5  35  236  3.55535  5.46383  0.693147
73.75  35  235  3.55535  5.45959  1.09861
74  35  234  3.55535  5.45532  0
74.25  35  233  3.55535  5.45104  0.693147
74.5  35  229  3.55535  5.43372  1.38629
74.75  34  228  3.52636  5.42935  0.693147
75  34  222  3.52636  5.40268  0.693147
75.25  34  219  3.52636  5.38907  0
75.5  33  219  3.49651  5.38907  1.09861
75.75  33  216  3.49651  5.37528  1.60944
76  33  214  3.49651  5.36598  1.60944
76.25  33  213  3.49651  5.36129  1.09861
76.5  33  211  3.49651  5.35186  -inf
76.75  33  210  3.49651  5.34711  0
77  32  209  3.46574  5.34233  -inf
77.25  32  206  3.46574  5.32788  1.94591
77.5  32  205  3.46574  5.32301  0.693147
77.75  32  199  3.46574  5.2933  0.693147
78  32  197  3.46574  5.2832  -inf
78.25  29  195  3.3673  5.273  1.09861
78.5  29  194  3.3673  5.26786  1.09861
78.75  29  191  3.3673  5.25227  0
79  29  188  3.3673  5.23644  0
79.25  29  186  3.3673  5.22575  0.693147
79.5  29  185  3.3673  5.22036  1.09861
79.75  26  181  3.2581  5.1985  1.09861
80  25  179  3.21888  5.18739  1.09861
80.25  24  178  3.17805  5.18178  1.38629
80.5  24  177  3.17805  5.17615  1.09861
80.75  24  175  3.17805  5.16479  0.693147
81  24  170  3.17805  5.1358  1.38629
81.25  24  167  3.17805  5.11799  1.09861
81.5  23  167  3.13549  5.11799  0
81.75  21  167  3.04452  5.11799  0.693147
82  20  164  2.99573  5.09987  0
82.25  19  162  2.94444  5.0876  -inf
82.5  18  160  2.89037  5.07517  0
82.75  17  159  2.83321  5.0689  1.38629
83  16  155  2.77259  5.04343  -inf
83.25  16  153  2.77259  5.03044  0.693147
83.5  15  152  2.70805  5.02388  0.693147
83.75  15  148  2.70805  4.99721  0
84  15  146  2.70805  4.98361  0
84.25  14  145  2.63906  4.97673  -inf
84.5  13  144  2.56495  4.96981  1.38629
84.75  13  143  2.56495  4.96284  0.693147
85  13  142  2.56495  4.95583  -inf
85.25  13  141  2.56495  4.94876  0.693147
85.5  13  141  2.56495  4.94876  -inf
85.75  13  141  2.56495  4.94876  0
86  13  134  2.56495  4.89784  -inf
86.25  13  133  2.56495  4.89035  0
86.5  13  131  2.56495  4.8752  0
86.75  13  130  2.56495  4.86753  0
87  13  129  2.56495  4.85981  0.693147
87.25  13  126  2.56495  4.83628  -inf
87.5  13  125  2.56495  4.82831  -inf
87.75  13  124  2.56495  4.82028  0.693147
88  12  124  2.48491  4.82028  1.09861
88.25  12  123  2.48491  4.81218  0
88.5  12  121  2.48491  4.79579  0
88.75  12  119  2.48491  4.77912  -inf
89  12  117  2.48491  4.76217  0.693147
89.25  12  114  2.48491  4.7362  0
89.5  12  112  2.48491  4.7185  -inf
89.75  12  110  2.48491  4.70048  0
90  12  108  2.48491  4.68213  -inf
90.25  12  108  2.48491  4.68213  0
90.5  12  107  2.48491  4.67283  0
90.75  12  106  2.48491  4.66344  1.09861
91  12  106  2.48491  4.66344  0.693147
91.25  12  106  2.48491  4.66344  0
91.5  12  105  2.48491  4.65396  -inf
91.75  11  104  2.3979  4.64439  -inf
92  10  103  2.30259  4.63473  -inf
92.25  10  103  2.30259  4.63473  0
92.5  10  101  2.30259  4.61512  0
92.75  10  101  2.30259  4.61512  0.693147
93  10  100  2.30259  4.60517  1.38629
93.25  10  100  2.30259  4.60517  0
93.5  10  100  2.30259  4.60517  -inf
93.75  9  99  2.19722  4.59512  0
94  9  97  2.19722  4.57471  0
94.25  9  97  2.19722  4.57471  0
94.5  9  97  2.19722  4.57471  0
94.75  9  94  2.19722  4.54329  0.693147
95  9  88  2.19722  4.47734  0.693147
95.25  9  88  2.19722  4.47734  0
95.5  9  87  2.19722  4.46591  1.38629
95.75  9  87  2.19722  4.46591  0
96  9  85  2.19722  4.44265  -inf
96.25  8  85  2.07944  4.44265  -inf
96.5  8  85  2.07944  4.44265  -inf
96.75  8  85  2.07944  4.44265  0
97  8  85  2.07944  4.44265  0.693147
97.25  8  82  2.07944  4.40672  0
97.5  8  80  2.07944  4.38203  -inf
97.75  8  79  2.07944  4.36945  -inf
98  8  77  2.07944  4.34381  -inf
98.25  8  75  2.07944  4.31749  0
98.5  8  75  2.07944  4.31749  0
98.75  8  73  2.07944  4.29046  0.693147
99  8  73  2.07944  4.29046  -inf
99.25  8  73  2.07944  4.29046  0
99.5  8  73  2.07944  4.29046  0
99.75  8  73  2.07944  4.29046  0
100  8  72  2.07944  4.27667  -inf
