0  9.21034  9.21034
0.25  9.20452  9.19786
0.5  9.19938  9.18646
0.75  9.19411  9.1743
1  9.18758  9.16168
1.25  9.18112  9.14953
1.5  9.17492  9.13766
1.75  9.16921  9.12402
2  9.16325  9.11173
2.25  9.15641  9.09851
2.5  9.14995  9.08489
2.75  9.14345  9.07154
3  9.13745  9.06056
3.25  9.13021  9.0477
3.5  9.12478  9.03444
3.75  9.11866  9.02136
4  9.11129  9.00675
4.25  9.10587  8.9943
4.5  9.09986  8.98269
4.75  9.09324  8.97208
5  9.08614  8.95944
5.25  9.08057  8.94846
5.5  9.07486  8.9384
5.75  9.06878  8.92332
6  9.06196  8.90978
6.25  9.05521  8.89782
6.5  9.04911  8.88516
6.75  9.04322  8.87361
7  9.03694  8.8588
7.25  9.03241  8.84592
7.5  9.0257  8.83434
7.75  9.0187  8.82365
8  9.01201  8.80941
8.25  9.00467  8.79437
8.5  8.99875  8.78248
8.75  8.99231  8.77153
9  8.98682  8.75794
9.25  8.97992  8.74417
9.5  8.97348  8.73247
9.75  8.96725  8.71899
10  8.96124  8.70317
10.25  8.9539  8.69182
10.5  8.94716  8.67642
10.75  8.94115  8.66527
11  8.93551  8.65172
11.25  8.93049  8.63959
11.5  8.92532  8.62569
11.75  8.91985  8.6145
12  8.91422  8.60153
12.25  8.90869  8.58989
12.5  8.90354  8.57866
12.75  8.89837  8.56503
13  8.89206  8.55005
13.25  8.88572  8.53543
13.5  8.88045  8.52019
13.75  8.87487  8.50593
14  8.86912  8.49638
14.25  8.86347  8.48239
14.5  8.85552  8.46842
14.75  8.84923  8.45361
15  8.84419  8.44376
15.25  8.83637  8.43185
15.5  8.83113  8.4209
15.75  8.82497  8.40849
16  8.81893  8.39683
16.25  8.81299  8.38366
16.5  8.80627  8.3717
16.75  8.80057  8.36171
17  8.7924  8.34474
17.25  8.7863  8.33159
17.5  8.78079  8.32264
17.75  8.77601  8.31041
18  8.76951  8.2963
18.25  8.76343  8.28122
18.5  8.75794  8.27053
18.75  8.75227  8.25609
19  8.74576  8.24565
19.25  8.74098  8.23324
19.5  8.73408  8.22121
19.75  8.72762  8.20713
20  8.72095  8.19478
20.25  8.71588  8.18535
20.5  8.7093  8.17358
20.75  8.70384  8.16479
21  8.69968  8.15393
21.25  8.69433  8.14002
21.5  8.68862  8.13006
21.75  8.68067  8.11672
22  8.67283  8.1038
22.25  8.66665  8.08887
22.5  8.6606  8.07776
22.75  8.65469  8.06746
23  8.65032  8.05261
23.25  8.64418  8.04045
23.5  8.63728  8.0265
23.75  8.62981  8.01334
24  8.62263  8.00068
24.25  8.61668  7.99024
24.5  8.61159  7.97694
24.75  8.60374  7.96763
25  8.59674  7.95613
25.25  8.58821  7.94201
25.5  8.58298  7.92552
25.75  8.57659  7.91425
26  8.57149  7.90397
26.25  8.56598  7.89133
26.5  8.55968  7.87853
26.75  8.5543  7.86787
27  8.5485  7.85516
27.25  8.54286  7.84149
27.5  8.53562  7.82963
27.75  8.53011  7.81561
28  8.52377  7.79934
28.25  8.51799  7.7878
28.5  8.51158  7.77486
28.75  8.50472  7.76599
29  8.4976  7.75791
29.25  8.49188  7.7463
29.5  8.48591  7.73149
29.75  8.48011  7.71957
30  8.47366  7.70706
30.25  8.46821  7.69166
30.5  8.46147  7.68064
30.75  8.4534  7.67229
31  8.44505  7.65349
31.25  8.43772  7.64108
31.5  8.43185  7.62657
31.75  8.42574  7.61382
32  8.41914  7.6004
32.25  8.41339  7.5868
32.5  8.40693  7.57353
32.75  8.39841  7.56216
33  8.39208  7.55276
33.25  8.38366  7.54062
33.5  8.37839  7.52833
33.75  8.37286  7.51589
34  8.36521  7.49998
34.25  8.35984  7.48493
34.5  8.35514  7.47136
34.75  8.34759  7.46164
35  8.34308  7.45008
35.25  8.33759  7.43544
35.5  8.33231  7.42118
35.75  8.32627  7.40367
36  8.31825  7.39142
36.25  8.31263  7.37526
36.5  8.30425  7.36455
36.75  8.29655  7.35564
37  8.28904  7.34019
37.25  8.28324  7.33041
37.5  8.27487  7.31322
37.75  8.26976  7.30115
38  8.26514  7.28824
38.25  8.25998  7.27379
38.5  8.25271  7.25912
38.75  8.24696  7.24922
39  8.23721  7.23706
39.25  8.23244  7.22911
39.5  8.22443  7.21964
39.75  8.21744  7.21156
40  8.21121  7.19594
40.25  8.20713  7.18766
40.5  8.20111  7.17242
40.75  8.19533  7.16007
41  8.18952  7.14992
41.25  8.182  7.13648
41.5  8.17639  7.12206
41.75  8.16792  7.1107
42  8.15966  7.09838
42.25  8.14931  7.08255
42.5  8.14148  7.06647
42.75  8.13476  7.05012
43  8.128  7.04054
43.25  8.12118  7.03174
43.5  8.11432  7.01751
43.75  8.10802  7.00216
44  8.10107  6.9921
44.25  8.09377  6.97915
44.5  8.0904  6.96697
44.75  8.08425  6.95081
45  8.07807  6.93731
45.25  8.06903  6.9256
45.5  8.06432  6.91274
45.75  8.05896  6.90073
46  8.0542  6.88244
46.25  8.04655  6.87316
46.5  8.04173  6.8638
46.75  8.03593  6.84694
47  8.02943  6.83411
47.25  8.02322  6.82763
47.5  8.01994  6.81344
47.75  8.01467  6.80351
48  8.00837  6.79234
48.25  8.00269  6.77651
48.5  7.99463  6.76849
48.75  7.9865  6.7546
49  7.98037  6.74524
49.25  7.97556  6.73221
49.5  7.96728  6.72143
49.75  7.96207  6.7093
50  7.95262  6.69456
50.25  7.94662  6.68586
50.5  7.93952  6.67077
50.75  7.93523  6.66058
51  7.93021  6.64379
51.25  7.92805  6.632
51.5  7.92299  6.62141
51.75  7.91681  6.608
52  7.91096  6.59167
52.25  7.90397  6.57786
52.5  7.89878  6.55962
52.75  7.89021  6.54822
53  7.88533  6.54103
53.25  7.87816  6.53379
53.5  7.87398  6.51915
53.75  7.86749  6.50429
54  7.86096  6.49527
54.25  7.85632  6.48158
54.5  7.85166  6.46925
54.75  7.84346  6.4599
55  7.83676  6.43133
55.25  7.83201  6.41836
55.5  7.82564  6.40026
55.75  7.81601  6.39359
56  7.80792  6.38519
56.25  7.80221  6.38351
56.5  7.79647  6.37161
56.75  7.78987  6.36475
57  7.78531  6.35611
57.25  7.77821  6.34914
57.5  7.77191  6.32794
57.75  7.76345  6.30992
58  7.75491  6.29895
58.25  7.74803  6.28227
58.5  7.73979  6.27288
58.75  7.73587  6.25958
59  7.72886  6.2519
59.25  7.72356  6.24417
59.5  7.72002  6.22851
59.75  7.71289  6.21661
60  7.70706  6.20254
60.25  7.69984  6.19236
60.5  7.6953  6.18208
60.75  7.688  6.16121
61  7.68248  6.13988
61.25  7.67833  6.1203
61.5  7.67322  6.11368
61.75  7.66716  6.10925
62  7.66106  6.09807
62.25  7.65681  6.09357
62.5  7.65017  6.07535
62.75  7.64396  6.06843
63  7.63675  6.04501
63.25  7.63192  6.02828
63.5  7.6256  6.02345
63.75  7.62071  6.01127
64  7.61382  5.99645
64.25  7.60788  5.99396
64.5  7.6004  5.98141
64.75  7.59388  5.97126
65  7.58934  5.9428
65.25  7.58274  5.92426
65.5  7.57353  5.9162
65.75  7.56631  5.8999
66  7.56216  5.88332
66.25  7.55799  5.86363
66.5  7.55066  5.84932
66.75  7.54433  5.84064
67  7.53743  5.82008
67.25  7.53155  5.80513
67.5  7.52402  5.79606
67.75  7.52078  5.77144
68  7.51425  5.75257
68.25  7.50604  5.743
68.5  7.50219  5.73334
68.75  7.49665  5.72031
69  7.49109  5.70044
69.25  7.48324  5.68017
69.5  7.4776  5.66643
69.75  7.4742  5.63835
70  7.47022  5.6204
70.25  7.46451  5.60947
70.5  7.46049  5.59842
70.75  7.45588  5.59099
71  7.45298  5.56452
71.25  7.446  5.54908
71.5  7.43897  5.53339
71.75  7.43248  5.51745
72  7.42178  5.4848
72.25  7.41457  5.47646
72.5  7.40853  5.47646
72.75  7.40428  5.46383
73  7.3994  5.45104
73.25  7.39265  5.44242
73.5  7.38709  5.43372
73.75  7.37963  5.43372
74  7.37337  5.42935
74.25  7.36708  5.39363
74.5  7.36265  5.36598
74.75  7.35947  5.35186
75  7.35308  5.34711
75.25  7.34472  5.33272
75.5  7.33824  5.31812
75.75  7.33237  5.3033
76  7.32712  5.29832
76.25  7.32053  5.2933
76.5  7.31255  5.28827
76.75  7.3072  5.28827
77  7.30182  5.2832
77.25  7.29097  5.27811
77.5  7.28619  5.24702
77.75  7.27932  5.22575
78  7.2717  5.20401
78.25  7.26753  5.18178
78.5  7.25841  5.17048
78.75  7.25134  5.15906
79  7.24708  5.14166
79.25  7.2385  5.1299
79.5  7.23273  5.11199
79.75  7.22839  5.10595
80  7.22257  5.10595
80.25  7.21377  5.10595
80.5  7.21082  5.10595
80.75  7.2086  5.0876
81  7.20341  5.05625
81.25  7.19818  5.03695
81.5  7.19444  5.03044
81.75  7.18841  5.01728
82  7.18387  5.01728
82.25  7.17778  5.01728
82.5  7.17319  5.01064
82.75  7.16704  5.01064
83  7.1624  5.00395
83.25  7.1554  4.99721
83.5  7.15305  4.99043
83.75  7.14756  4.96284
84  7.14204  4.94876
84.25  7.13569  4.94164
84.5  7.1309  4.94164
84.75  7.12206  4.90527
85  7.11396  4.90527
85.25  7.10743  4.89035
85.5  7.10003  4.85203
85.75  7.09174  4.84419
86  7.08757  4.83628
86.25  7.0775  4.82028
86.5  7.07327  4.79579
86.75  7.06987  4.77068
87  7.05876  4.77068
87.25  7.05531  4.76217
87.5  7.05099  4.76217
87.75  7.04316  4.76217
88  7.03615  4.76217
88.25  7.03086  4.76217
88.5  7.02465  4.7362
88.75  7.01661  4.72739
89  7.00941  4.7185
89.25  7.00216  4.70048
89.5  6.99393  4.69135
89.75  6.98472  4.68213
90  6.97728  4.67283
90.25  6.96791  4.64439
90.5  6.9594  4.61512
90.75  6.95273  4.60517
91  6.94409  4.57471
91.25  6.93147  4.54329
91.5  6.92658  4.5326
91.75  6.92264  4.5326
92  6.91473  4.48864
92.25  6.90675  4.47734
92.5  6.90274  4.47734
92.75  6.89568  4.47734
93  6.89061  4.46591
93.25  6.88653  4.45435
93.5  6.88346  4.45435
93.75  6.87626  4.44265
94  6.86901  4.44265
94.25  6.85541  4.44265
94.5  6.84907  4.43082
94.75  6.84482  4.41884
95  6.83411  4.40672
95.25  6.82871  4.39445
95.5  6.82111  4.39445
95.75  6.81564  4.39445
96  6.81235  4.38203
96.25  6.80793  4.38203
96.5  6.80017  4.36945
96.75  6.79459  4.36945
97  6.78446  4.36945
97.25  6.77765  4.36945
97.5  6.77079  4.35671
97.75  6.76504  4.33073
98  6.75809  4.31749
98.25  6.75227  4.29046
98.5  6.74641  4.29046
98.75  6.73578  4.29046
99  6.72863  4.26268
99.25  6.72143  4.2485
99.5  6.71538  4.23411
99.75  6.71538  4.18965
100  6.7093  4.18965
