-202  2e-06
-200  2e-06
-198  2e-06
-192  2e-06
-188  2e-06
-184  4e-06
-180  1e-05
-178  2e-06
-176  1e-05
-174  6e-06
-172  6e-06
-170  1.2e-05
-168  1.6e-05
-166  8e-06
-164  2.2e-05
-162  1.4e-05
-160  2.2e-05
-158  3.4e-05
-156  4.4e-05
-154  5.2e-05
-152  5e-05
-150  7.4e-05
-148  5.2e-05
-146  6.2e-05
-144  9.4e-05
-142  9.8e-05
-140  0.000108
-138  0.000146
-136  0.000234
-134  0.000198
-132  0.000202
-130  0.000278
-128  0.00034
-126  0.000356
-124  0.00036
-122  0.000396
-120  0.000452
-118  0.000566
-116  0.000618
-114  0.00069
-112  0.00081
-110  0.000782
-108  0.00094
-106  0.001094
-104  0.001122
-102  0.001358
-100  0.001552
-98  0.00155
-96  0.001856
-94  0.001806
-92  0.002032
-90  0.002376
-88  0.002622
-86  0.002902
-84  0.003098
-82  0.003012
-80  0.003672
-78  0.00379
-76  0.004262
-74  0.004586
-72  0.005
-70  0.00519
-68  0.005604
-66  0.00592
-64  0.006256
-62  0.006964
-60  0.007156
-58  0.00778
-56  0.008224
-54  0.008766
-52  0.009154
-50  0.009808
-48  0.00996
-46  0.01052
-44  0.010986
-42  0.011298
-40  0.0121
-38  0.012106
-36  0.012934
-34  0.013532
-32  0.01374
-30  0.014048
-28  0.014558
-26  0.01519
-24  0.015384
-22  0.01583
-20  0.016042
-18  0.016238
-16  0.01684
-14  0.017042
-12  0.017252
-10  0.017272
-8  0.017608
-6  0.017532
-4  0.017422
-2  0.017972
0  0.017722
2  0.017738
4  0.017982
6  0.01771
8  0.017916
10  0.017316
12  0.017286
14  0.017228
16  0.016606
18  0.016208
20  0.016042
22  0.015856
24  0.015682
26  0.014928
28  0.01466
30  0.014386
32  0.014024
34  0.013232
36  0.01304
38  0.012522
40  0.01204
42  0.011308
44  0.010994
46  0.0104
48  0.00989
50  0.009514
52  0.00916
54  0.008616
56  0.008216
58  0.007664
60  0.00718
62  0.006804
64  0.006488
66  0.006048
68  0.005774
70  0.005248
72  0.005036
74  0.004576
76  0.004188
78  0.003844
80  0.003572
82  0.003328
84  0.003012
86  0.002776
88  0.00261
90  0.002422
92  0.002206
94  0.001902
96  0.001812
98  0.001648
100  0.001548
102  0.001296
104  0.001146
106  0.001108
108  0.00091
110  0.000932
112  0.0008
114  0.000754
116  0.000672
118  0.000574
120  0.000488
122  0.000408
124  0.000368
126  0.000292
128  0.000272
130  0.000278
132  0.000234
134  0.000186
136  0.000148
138  0.000178
140  0.000126
142  0.000122
144  0.000108
146  9.6e-05
148  8.8e-05
150  5.4e-05
152  6.6e-05
154  4.8e-05
156  2.8e-05
158  3.8e-05
160  3.2e-05
162  2.2e-05
164  8e-06
166  1.8e-05
168  1.2e-05
170  1.8e-05
172  6e-06
174  8e-06
176  1.2e-05
178  1e-05
180  8e-06
182  2e-06
184  2e-06
186  2e-06
188  2e-06
190  2e-06
192  4e-06
194  2e-06
196  2e-06
198  2e-06
200  2e-06
206  2e-06
226  2e-06
