-1.000000000000000000e+02 0.000000000000000000e+00
-9.900000000000000000e+01 0.000000000000000000e+00
-9.800000000000000000e+01 0.000000000000000000e+00
-9.700000000000000000e+01 0.000000000000000000e+00
-9.600000000000000000e+01 0.000000000000000000e+00
-9.500000000000000000e+01 0.000000000000000000e+00
-9.400000000000000000e+01 0.000000000000000000e+00
-9.300000000000000000e+01 0.000000000000000000e+00
-9.200000000000000000e+01 0.000000000000000000e+00
-9.100000000000000000e+01 0.000000000000000000e+00
-9.000000000000000000e+01 0.000000000000000000e+00
-8.900000000000000000e+01 0.000000000000000000e+00
-8.800000000000000000e+01 0.000000000000000000e+00
-8.700000000000000000e+01 0.000000000000000000e+00
-8.600000000000000000e+01 0.000000000000000000e+00
-8.500000000000000000e+01 0.000000000000000000e+00
-8.400000000000000000e+01 0.000000000000000000e+00
-8.300000000000000000e+01 0.000000000000000000e+00
-8.200000000000000000e+01 0.000000000000000000e+00
-8.100000000000000000e+01 0.000000000000000000e+00
-8.000000000000000000e+01 0.000000000000000000e+00
-7.900000000000000000e+01 0.000000000000000000e+00
-7.800000000000000000e+01 0.000000000000000000e+00
-7.700000000000000000e+01 0.000000000000000000e+00
-7.600000000000000000e+01 0.000000000000000000e+00
-7.500000000000000000e+01 0.000000000000000000e+00
-7.400000000000000000e+01 0.000000000000000000e+00
-7.300000000000000000e+01 0.000000000000000000e+00
-7.200000000000000000e+01 0.000000000000000000e+00
-7.100000000000000000e+01 0.000000000000000000e+00
-7.000000000000000000e+01 0.000000000000000000e+00
-6.900000000000000000e+01 0.000000000000000000e+00
-6.800000000000000000e+01 0.000000000000000000e+00
-6.700000000000000000e+01 0.000000000000000000e+00
-6.600000000000000000e+01 0.000000000000000000e+00
-6.500000000000000000e+01 0.000000000000000000e+00
-6.400000000000000000e+01 0.000000000000000000e+00
-6.300000000000000000e+01 0.000000000000000000e+00
-6.200000000000000000e+01 0.000000000000000000e+00
-6.100000000000000000e+01 0.000000000000000000e+00
-6.000000000000000000e+01 0.000000000000000000e+00
-5.900000000000000000e+01 0.000000000000000000e+00
-5.800000000000000000e+01 0.000000000000000000e+00
-5.700000000000000000e+01 0.000000000000000000e+00
-5.600000000000000000e+01 0.000000000000000000e+00
-5.500000000000000000e+01 0.000000000000000000e+00
-5.400000000000000000e+01 0.000000000000000000e+00
-5.300000000000000000e+01 0.000000000000000000e+00
-5.200000000000000000e+01 0.000000000000000000e+00
-5.100000000000000000e+01 0.000000000000000000e+00
-5.000000000000000000e+01 0.000000000000000000e+00
-4.900000000000000000e+01 0.000000000000000000e+00
-4.800000000000000000e+01 0.000000000000000000e+00
-4.700000000000000000e+01 0.000000000000000000e+00
-4.600000000000000000e+01 0.000000000000000000e+00
-4.500000000000000000e+01 0.000000000000000000e+00
-4.400000000000000000e+01 0.000000000000000000e+00
-4.300000000000000000e+01 0.000000000000000000e+00
-4.200000000000000000e+01 0.000000000000000000e+00
-4.100000000000000000e+01 1.000000000000000082e-05
-4.000000000000000000e+01 0.000000000000000000e+00
-3.900000000000000000e+01 0.000000000000000000e+00
-3.800000000000000000e+01 0.000000000000000000e+00
-3.700000000000000000e+01 2.000000000000000164e-05
-3.600000000000000000e+01 1.000000000000000082e-05
-3.500000000000000000e+01 3.000000000000000076e-05
-3.400000000000000000e+01 2.000000000000000164e-05
-3.300000000000000000e+01 1.000000000000000082e-05
-3.200000000000000000e+01 3.000000000000000076e-05
-3.100000000000000000e+01 2.000000000000000164e-05
-3.000000000000000000e+01 8.000000000000000654e-05
-2.900000000000000000e+01 9.000000000000000567e-05
-2.800000000000000000e+01 1.700000000000000122e-04
-2.700000000000000000e+01 2.100000000000000087e-04
-2.600000000000000000e+01 2.500000000000000052e-04
-2.500000000000000000e+01 3.299999999999999982e-04
-2.400000000000000000e+01 4.699999999999999859e-04
-2.300000000000000000e+01 9.499999999999999981e-04
-2.200000000000000000e+01 8.700000000000000051e-04
-2.100000000000000000e+01 9.600000000000000243e-04
-2.000000000000000000e+01 1.770000000000000089e-03
-1.900000000000000000e+01 2.230000000000000211e-03
-1.800000000000000000e+01 2.990000000000000036e-03
-1.700000000000000000e+01 3.490000000000000047e-03
-1.600000000000000000e+01 4.340000000000000108e-03
-1.500000000000000000e+01 5.870000000000000218e-03
-1.400000000000000000e+01 6.839999999999999726e-03
-1.300000000000000000e+01 9.339999999999999344e-03
-1.200000000000000000e+01 1.183999999999999983e-02
-1.100000000000000000e+01 1.371999999999999956e-02
-1.000000000000000000e+01 1.688999999999999876e-02
-9.000000000000000000e+00 1.976999999999999938e-02
-8.000000000000000000e+00 2.374000000000000069e-02
-7.000000000000000000e+00 2.855999999999999858e-02
-6.000000000000000000e+00 3.345000000000000057e-02
-5.000000000000000000e+00 3.964999999999999775e-02
-4.000000000000000000e+00 4.558999999999999858e-02
-3.000000000000000000e+00 5.364000000000000018e-02
-2.000000000000000000e+00 6.162000000000000116e-02
-1.000000000000000000e+00 7.033999999999999975e-02
0.000000000000000000e+00 7.951999999999999347e-02
1.000000000000000000e+00 6.959999999999999520e-02
2.000000000000000000e+00 6.267000000000000348e-02
3.000000000000000000e+00 5.296000000000000013e-02
4.000000000000000000e+00 4.614000000000000046e-02
5.000000000000000000e+00 3.835000000000000214e-02
6.000000000000000000e+00 3.341000000000000220e-02
7.000000000000000000e+00 2.809999999999999998e-02
8.000000000000000000e+00 2.434000000000000052e-02
9.000000000000000000e+00 1.974000000000000060e-02
1.000000000000000000e+01 1.668000000000000038e-02
1.100000000000000000e+01 1.396999999999999978e-02
1.200000000000000000e+01 1.141999999999999960e-02
1.300000000000000000e+01 8.789999999999999203e-03
1.400000000000000000e+01 7.559999999999999880e-03
1.500000000000000000e+01 6.420000000000000359e-03
1.600000000000000000e+01 4.389999999999999805e-03
1.700000000000000000e+01 3.799999999999999992e-03
1.800000000000000000e+01 3.010000000000000089e-03
1.900000000000000000e+01 2.129999999999999949e-03
2.000000000000000000e+01 1.740000000000000010e-03
2.100000000000000000e+01 1.219999999999999947e-03
2.200000000000000000e+01 9.700000000000000505e-04
2.300000000000000000e+01 6.899999999999999667e-04
2.400000000000000000e+01 7.799999999999999859e-04
2.500000000000000000e+01 3.299999999999999982e-04
2.600000000000000000e+01 3.400000000000000244e-04
2.700000000000000000e+01 1.900000000000000105e-04
2.800000000000000000e+01 1.399999999999999877e-04
2.900000000000000000e+01 1.399999999999999877e-04
3.000000000000000000e+01 6.999999999999999387e-05
3.100000000000000000e+01 6.999999999999999387e-05
3.200000000000000000e+01 6.000000000000000152e-05
3.300000000000000000e+01 0.000000000000000000e+00
3.400000000000000000e+01 4.000000000000000327e-05
3.500000000000000000e+01 1.000000000000000082e-05
3.600000000000000000e+01 0.000000000000000000e+00
3.700000000000000000e+01 0.000000000000000000e+00
3.800000000000000000e+01 0.000000000000000000e+00
3.900000000000000000e+01 0.000000000000000000e+00
4.000000000000000000e+01 0.000000000000000000e+00
4.100000000000000000e+01 0.000000000000000000e+00
4.200000000000000000e+01 0.000000000000000000e+00
4.300000000000000000e+01 0.000000000000000000e+00
4.400000000000000000e+01 0.000000000000000000e+00
4.500000000000000000e+01 0.000000000000000000e+00
4.600000000000000000e+01 0.000000000000000000e+00
4.700000000000000000e+01 0.000000000000000000e+00
4.800000000000000000e+01 0.000000000000000000e+00
4.900000000000000000e+01 0.000000000000000000e+00
5.000000000000000000e+01 0.000000000000000000e+00
5.100000000000000000e+01 0.000000000000000000e+00
5.200000000000000000e+01 0.000000000000000000e+00
5.300000000000000000e+01 0.000000000000000000e+00
5.400000000000000000e+01 0.000000000000000000e+00
5.500000000000000000e+01 0.000000000000000000e+00
5.600000000000000000e+01 0.000000000000000000e+00
5.700000000000000000e+01 0.000000000000000000e+00
5.800000000000000000e+01 0.000000000000000000e+00
5.900000000000000000e+01 0.000000000000000000e+00
6.000000000000000000e+01 0.000000000000000000e+00
6.100000000000000000e+01 0.000000000000000000e+00
6.200000000000000000e+01 0.000000000000000000e+00
6.300000000000000000e+01 0.000000000000000000e+00
6.400000000000000000e+01 0.000000000000000000e+00
6.500000000000000000e+01 0.000000000000000000e+00
6.600000000000000000e+01 0.000000000000000000e+00
6.700000000000000000e+01 0.000000000000000000e+00
6.800000000000000000e+01 0.000000000000000000e+00
6.900000000000000000e+01 0.000000000000000000e+00
7.000000000000000000e+01 0.000000000000000000e+00
7.100000000000000000e+01 0.000000000000000000e+00
7.200000000000000000e+01 0.000000000000000000e+00
7.300000000000000000e+01 0.000000000000000000e+00
7.400000000000000000e+01 0.000000000000000000e+00
7.500000000000000000e+01 0.000000000000000000e+00
7.600000000000000000e+01 0.000000000000000000e+00
7.700000000000000000e+01 0.000000000000000000e+00
7.800000000000000000e+01 0.000000000000000000e+00
7.900000000000000000e+01 0.000000000000000000e+00
8.000000000000000000e+01 0.000000000000000000e+00
8.100000000000000000e+01 0.000000000000000000e+00
8.200000000000000000e+01 0.000000000000000000e+00
8.300000000000000000e+01 0.000000000000000000e+00
8.400000000000000000e+01 0.000000000000000000e+00
8.500000000000000000e+01 0.000000000000000000e+00
8.600000000000000000e+01 0.000000000000000000e+00
8.700000000000000000e+01 0.000000000000000000e+00
8.800000000000000000e+01 0.000000000000000000e+00
8.900000000000000000e+01 0.000000000000000000e+00
9.000000000000000000e+01 0.000000000000000000e+00
9.100000000000000000e+01 0.000000000000000000e+00
9.200000000000000000e+01 0.000000000000000000e+00
9.300000000000000000e+01 0.000000000000000000e+00
9.400000000000000000e+01 0.000000000000000000e+00
9.500000000000000000e+01 0.000000000000000000e+00
9.600000000000000000e+01 0.000000000000000000e+00
9.700000000000000000e+01 0.000000000000000000e+00
9.800000000000000000e+01 0.000000000000000000e+00
9.900000000000000000e+01 0.000000000000000000e+00
