   #Energy      xx(%)           yy(%)
  0.00000000E+00  0.00000000E+00  0.00000000E+00
  0.67300000E-01  0.29760204E+01  0.29760204E+01
  0.13460000E+00  0.29499321E+01  0.29499321E+01
  0.20190000E+00  0.28995300E+01  0.28995300E+01
  0.26910000E+00  0.28175024E+01  0.28175024E+01
  0.33640000E+00  0.27052099E+01  0.27052099E+01
  0.40370000E+00  0.25713040E+01  0.25713040E+01
  0.47100000E+00  0.24388521E+01  0.24388521E+01
  0.53830000E+00  0.23398689E+01  0.23398689E+01
  0.60560000E+00  0.23039275E+01  0.23039275E+01
  0.67280000E+00  0.23419616E+01  0.23419616E+01
  0.74010000E+00  0.24365856E+01  0.24365856E+01
  0.80740000E+00  0.25434752E+01  0.25434752E+01
  0.87470000E+00  0.26128127E+01  0.26128127E+01
  0.94200000E+00  0.26126069E+01  0.26126069E+01
  0.10093000E+01  0.25397322E+01  0.25397322E+01
  0.10766000E+01  0.24127091E+01  0.24127091E+01
  0.11438000E+01  0.22563806E+01  0.22563806E+01
  0.12111000E+01  0.20930751E+01  0.20930751E+01
  0.12784000E+01  0.19395471E+01  0.19395471E+01
  0.13457000E+01  0.18089464E+01  0.18089464E+01
  0.14130000E+01  0.17105798E+01  0.17105798E+01
  0.14803000E+01  0.16492367E+01  0.16492367E+01
  0.15476000E+01  0.16253819E+01  0.16253819E+01
  0.16148000E+01  0.16356917E+01  0.16356917E+01
  0.16821000E+01  0.16745828E+01  0.16745828E+01
  0.17494000E+01  0.17340032E+01  0.17340032E+01
  0.18167000E+01  0.18053200E+01  0.18053200E+01
  0.18840000E+01  0.18810118E+01  0.18810118E+01
  0.19513000E+01  0.19566711E+01  0.19566711E+01
  0.20185000E+01  0.20312789E+01  0.20312789E+01
  0.20858000E+01  0.21052488E+01  0.21052488E+01
  0.21531000E+01  0.21755360E+01  0.21755360E+01
  0.22204000E+01  0.22332926E+01  0.22332926E+01
  0.22877000E+01  0.22686220E+01  0.22686220E+01
  0.23550000E+01  0.22797046E+01  0.22797046E+01
  0.24223000E+01  0.22794065E+01  0.22794065E+01
  0.24895000E+01  0.22905811E+01  0.22905811E+01
  0.25568000E+01  0.23359626E+01  0.23359626E+01
  0.26241000E+01  0.24311053E+01  0.24311053E+01
  0.26914000E+01  0.25869501E+01  0.25869501E+01
  0.27587000E+01  0.28131980E+01  0.28131980E+01
  0.28260000E+01  0.31121437E+01  0.31121437E+01
  0.28933000E+01  0.34658176E+01  0.34658176E+01
  0.29605000E+01  0.38288672E+01  0.38288672E+01
  0.30278000E+01  0.41369602E+01  0.41369602E+01
  0.30951000E+01  0.43268595E+01  0.43268595E+01
  0.31624000E+01  0.43610958E+01  0.43610958E+01
  0.32297000E+01  0.42427160E+01  0.42427160E+01
  0.32970000E+01  0.40112575E+01  0.40112575E+01
  0.33642000E+01  0.37218213E+01  0.37218213E+01
  0.34315000E+01  0.34224355E+01  0.34224355E+01
  0.34988000E+01  0.31395994E+01  0.31395994E+01
  0.35661000E+01  0.28771135E+01  0.28771135E+01
  0.36334000E+01  0.26241185E+01  0.26241185E+01
  0.37007000E+01  0.23675181E+01  0.23675181E+01
  0.37680000E+01  0.21021479E+01  0.21021479E+01
  0.38352000E+01  0.18356100E+01  0.18356100E+01
  0.39025000E+01  0.15848925E+01  0.15848925E+01
  0.39698000E+01  0.13674907E+01  0.13674907E+01
  0.40371000E+01  0.11934929E+01  0.11934929E+01
  0.41044000E+01  0.10634032E+01  0.10634032E+01
  0.41717000E+01  0.97170354E+00  0.97170354E+00
  0.42390000E+01  0.91089435E+00  0.91089435E+00
  0.43062000E+01  0.87525010E+00  0.87525010E+00
  0.43735000E+01  0.86080887E+00  0.86080887E+00
  0.44408000E+01  0.86340715E+00  0.86340715E+00
  0.45081000E+01  0.87615134E+00  0.87615134E+00
  0.45754000E+01  0.88806723E+00  0.88806723E+00
  0.46427000E+01  0.88739782E+00  0.88739782E+00
  0.47099000E+01  0.86708936E+00  0.86708936E+00
  0.47772000E+01  0.82986851E+00  0.82986851E+00
  0.48445000E+01  0.78837558E+00  0.78837558E+00
  0.49118000E+01  0.75893835E+00  0.75893835E+00
  0.49791000E+01  0.75474440E+00  0.75474440E+00
  0.50464000E+01  0.78086744E+00  0.78086744E+00
  0.51137000E+01  0.83417750E+00  0.83417750E+00
  0.51809000E+01  0.90545353E+00  0.90545353E+00
  0.52482000E+01  0.98569035E+00  0.98569035E+00
  0.53155000E+01  0.10697123E+01  0.10697123E+01
  0.53828000E+01  0.11551237E+01  0.11551237E+01
  0.54501000E+01  0.12383182E+01  0.12383182E+01
  0.55174000E+01  0.13127466E+01  0.13127466E+01
  0.55847000E+01  0.13731348E+01  0.13731348E+01
  0.56519000E+01  0.14193826E+01  0.14193826E+01
  0.57192000E+01  0.14576726E+01  0.14576726E+01
  0.57865000E+01  0.14948377E+01  0.14948377E+01
  0.58538000E+01  0.15318559E+01  0.15318559E+01
  0.59211000E+01  0.15597700E+01  0.15597700E+01
  0.59884000E+01  0.15630572E+01  0.15630572E+01
  0.60556000E+01  0.15303418E+01  0.15303418E+01
  0.61229000E+01  0.14662771E+01  0.14662771E+01
  0.61902000E+01  0.13909727E+01  0.13909727E+01
  0.62575000E+01  0.13292267E+01  0.13292267E+01
  0.63248000E+01  0.12971168E+01  0.12971168E+01
  0.63921000E+01  0.12955405E+01  0.12955405E+01
  0.64594000E+01  0.13142278E+01  0.13142278E+01
  0.65266000E+01  0.13415740E+01  0.13415740E+01
  0.65939000E+01  0.13728741E+01  0.13728741E+01
  0.66612000E+01  0.14103981E+01  0.14103981E+01
  0.67285000E+01  0.14575329E+01  0.14575329E+01
  0.67958000E+01  0.15126430E+01  0.15126430E+01
  0.68631000E+01  0.15660800E+01  0.15660800E+01
  0.69304000E+01  0.16038441E+01  0.16038441E+01
  0.69976000E+01  0.16135153E+01  0.16135153E+01
  0.70649000E+01  0.15911363E+01  0.15911363E+01
  0.71322000E+01  0.15454185E+01  0.15454185E+01
  0.71995000E+01  0.14997805E+01  0.14997805E+01
  0.72668000E+01  0.14846628E+01  0.14846628E+01
  0.73341000E+01  0.15231369E+01  0.15231369E+01
  0.74013000E+01  0.16165418E+01  0.16165418E+01
  0.74686000E+01  0.17381998E+01  0.17381998E+01
  0.75359000E+01  0.18454629E+01  0.18454629E+01
  0.76032000E+01  0.19051496E+01  0.19051496E+01
  0.76705000E+01  0.19155578E+01  0.19155578E+01
  0.77378000E+01  0.19080761E+01  0.19080761E+01
  0.78051000E+01  0.19262961E+01  0.19262961E+01
  0.78723000E+01  0.19971481E+01  0.19971481E+01
  0.79396000E+01  0.21127133E+01  0.21127133E+01
  0.80069000E+01  0.22384152E+01  0.22384152E+01
  0.80742000E+01  0.23404251E+01  0.23404251E+01
  0.81415000E+01  0.24138349E+01  0.24138349E+01
  0.82088000E+01  0.24829634E+01  0.24829634E+01
  0.82761000E+01  0.25754398E+01  0.25754398E+01
  0.83433000E+01  0.26891880E+01  0.26891880E+01
  0.84106000E+01  0.27841900E+01  0.27841900E+01
  0.84779000E+01  0.28043725E+01  0.28043725E+01
  0.85452000E+01  0.27152901E+01  0.27152901E+01
  0.86125000E+01  0.25256371E+01  0.25256371E+01
  0.86798000E+01  0.22829056E+01  0.22829056E+01
  0.87470000E+01  0.20452935E+01  0.20452935E+01
  0.88143000E+01  0.18588158E+01  0.18588158E+01
  0.88816000E+01  0.17429219E+01  0.17429219E+01
  0.89489000E+01  0.16933004E+01  0.16933004E+01
  0.90162000E+01  0.16895341E+01  0.16895341E+01
  0.90835000E+01  0.17073994E+01  0.17073994E+01
  0.91508000E+01  0.17267144E+01  0.17267144E+01
  0.92180000E+01  0.17340890E+01  0.17340890E+01
  0.92853000E+01  0.17220858E+01  0.17220858E+01
  0.93526000E+01  0.16890784E+01  0.16890784E+01
  0.94199000E+01  0.16390738E+01  0.16390738E+01
  0.94872000E+01  0.15824061E+01  0.15824061E+01
  0.95545000E+01  0.15299953E+01  0.15299953E+01
  0.96218000E+01  0.14894823E+01  0.14894823E+01
  0.96890000E+01  0.14657924E+01  0.14657924E+01
  0.97563000E+01  0.14650029E+01  0.14650029E+01
  0.98236000E+01  0.14984722E+01  0.14984722E+01
  0.98909000E+01  0.15765381E+01  0.15765381E+01
  0.99582000E+01  0.16988891E+01  0.16988891E+01
  0.10025500E+02  0.18437580E+01  0.18437580E+01
  0.10092700E+02  0.19700765E+01  0.19700765E+01
  0.10160000E+02  0.20346157E+01  0.20346157E+01
  0.10227300E+02  0.20139243E+01  0.20139243E+01
  0.10294600E+02  0.19146785E+01  0.19146785E+01
  0.10361900E+02  0.17680934E+01  0.17680934E+01
  0.10429200E+02  0.16145362E+01  0.16145362E+01
  0.10496500E+02  0.14877192E+01  0.14877192E+01
  0.10563700E+02  0.14105367E+01  0.14105367E+01
  0.10631000E+02  0.13992690E+01  0.13992690E+01
  0.10698300E+02  0.14676254E+01  0.14676254E+01
  0.10765600E+02  0.16254286E+01  0.16254286E+01
  0.10832900E+02  0.18694046E+01  0.18694046E+01
  0.10900200E+02  0.21705905E+01  0.21705905E+01
  0.10967400E+02  0.24728981E+01  0.24728981E+01
  0.11034700E+02  0.27121211E+01  0.27121211E+01
  0.11102000E+02  0.28447592E+01  0.28447592E+01
  0.11169300E+02  0.28672591E+01  0.28672591E+01
  0.11236600E+02  0.28119255E+01  0.28119255E+01
  0.11303900E+02  0.27237449E+01  0.27237449E+01
  0.11371200E+02  0.26369490E+01  0.26369490E+01
  0.11438400E+02  0.25614405E+01  0.25614405E+01
  0.11505700E+02  0.24861850E+01  0.24861850E+01
  0.11573000E+02  0.23934469E+01  0.23934469E+01
  0.11640300E+02  0.22724536E+01  0.22724536E+01
  0.11707600E+02  0.21286399E+01  0.21286399E+01
  0.11774900E+02  0.19834693E+01  0.19834693E+01
  0.11842200E+02  0.18627112E+01  0.18627112E+01
  0.11909400E+02  0.17899564E+01  0.17899564E+01
  0.11976700E+02  0.17794951E+01  0.17794951E+01
  0.12044000E+02  0.18411544E+01  0.18411544E+01
  0.12111300E+02  0.19788889E+01  0.19788889E+01
  0.12178600E+02  0.21857439E+01  0.21857439E+01
  0.12245900E+02  0.24298915E+01  0.24298915E+01
  0.12313100E+02  0.26565517E+01  0.26565517E+01
  0.12380400E+02  0.28086712E+01  0.28086712E+01
  0.12447700E+02  0.28582706E+01  0.28582706E+01
  0.12515000E+02  0.28217771E+01  0.28217771E+01
  0.12582300E+02  0.27507419E+01  0.27507419E+01
  0.12649600E+02  0.27016847E+01  0.27016847E+01
  0.12716900E+02  0.27128518E+01  0.27128518E+01
  0.12784100E+02  0.27892208E+01  0.27892208E+01
  0.12851400E+02  0.29057733E+01  0.29057733E+01
  0.12918700E+02  0.30196388E+01  0.30196388E+01
  0.12986000E+02  0.30902905E+01  0.30902905E+01
  0.13053300E+02  0.30975223E+01  0.30975223E+01
  0.13120600E+02  0.30442164E+01  0.30442164E+01
  0.13187900E+02  0.29514843E+01  0.29514843E+01
  0.13255100E+02  0.28473871E+01  0.28473871E+01
  0.13322400E+02  0.27601892E+01  0.27601892E+01
  0.13389700E+02  0.27086606E+01  0.27086606E+01
  0.13457000E+02  0.26938002E+01  0.26938002E+01
  0.13524300E+02  0.26969304E+01  0.26969304E+01
  0.13591600E+02  0.26889353E+01  0.26889353E+01
  0.13658800E+02  0.26437643E+01  0.26437643E+01
  0.13726100E+02  0.25509975E+01  0.25509975E+01
  0.13793400E+02  0.24198767E+01  0.24198767E+01
  0.13860700E+02  0.22722265E+01  0.22722265E+01
  0.13928000E+02  0.21333096E+01  0.21333096E+01
  0.13995300E+02  0.20211468E+01  0.20211468E+01
  0.14062600E+02  0.19444108E+01  0.19444108E+01
  0.14129800E+02  0.19013153E+01  0.19013153E+01
  0.14197100E+02  0.18864403E+01  0.18864403E+01
  0.14264400E+02  0.18937924E+01  0.18937924E+01
  0.14331700E+02  0.19179530E+01  0.19179530E+01
  0.14399000E+02  0.19530259E+01  0.19530259E+01
  0.14466300E+02  0.19912033E+01  0.19912033E+01
  0.14533600E+02  0.20231031E+01  0.20231031E+01
  0.14600800E+02  0.20471796E+01  0.20471796E+01
  0.14668100E+02  0.20761421E+01  0.20761421E+01
  0.14735400E+02  0.21382471E+01  0.21382471E+01
  0.14802700E+02  0.22675920E+01  0.22675920E+01
  0.14870000E+02  0.24869328E+01  0.24869328E+01
  0.14937300E+02  0.27929425E+01  0.27929425E+01
  0.15004500E+02  0.31419988E+01  0.31419988E+01
  0.15071800E+02  0.34565257E+01  0.34565257E+01
  0.15139100E+02  0.36499918E+01  0.36499918E+01
  0.15206400E+02  0.36644414E+01  0.36644414E+01
  0.15273700E+02  0.34958186E+01  0.34958186E+01
  0.15341000E+02  0.31946108E+01  0.31946108E+01
  0.15408300E+02  0.28385458E+01  0.28385458E+01
  0.15475500E+02  0.25017589E+01  0.25017589E+01
  0.15542800E+02  0.22294034E+01  0.22294034E+01
  0.15610100E+02  0.20347567E+01  0.20347567E+01
  0.15677400E+02  0.19084710E+01  0.19084710E+01
  0.15744700E+02  0.18342794E+01  0.18342794E+01
  0.15812000E+02  0.17956964E+01  0.17956964E+01
  0.15879300E+02  0.17785616E+01  0.17785616E+01
  0.15946500E+02  0.17739808E+01  0.17739808E+01
  0.16013800E+02  0.17757253E+01  0.17757253E+01
  0.16081100E+02  0.17842676E+01  0.17842676E+01
  0.16148400E+02  0.18000946E+01  0.18000946E+01
  0.16215700E+02  0.18212610E+01  0.18212610E+01
  0.16283000E+02  0.18421243E+01  0.18421243E+01
  0.16350200E+02  0.18573543E+01  0.18573543E+01
  0.16417500E+02  0.18656775E+01  0.18656775E+01
  0.16484800E+02  0.18711219E+01  0.18711219E+01
  0.16552100E+02  0.18798586E+01  0.18798586E+01
  0.16619400E+02  0.18952478E+01  0.18952478E+01
  0.16686700E+02  0.19161131E+01  0.19161131E+01
  0.16754000E+02  0.19379126E+01  0.19379126E+01
  0.16821200E+02  0.19547673E+01  0.19547673E+01
  0.16888500E+02  0.19620102E+01  0.19620102E+01
  0.16955800E+02  0.19565576E+01  0.19565576E+01
  0.17023100E+02  0.19425039E+01  0.19425039E+01
  0.17090400E+02  0.19295562E+01  0.19295562E+01
  0.17157700E+02  0.19310112E+01  0.19310112E+01
  0.17225000E+02  0.19543452E+01  0.19543452E+01
  0.17292200E+02  0.19924412E+01  0.19924412E+01
  0.17359500E+02  0.20290238E+01  0.20290238E+01
  0.17426800E+02  0.20454049E+01  0.20454049E+01
  0.17494100E+02  0.20343979E+01  0.20343979E+01
  0.17561400E+02  0.20053005E+01  0.20053005E+01
  0.17628700E+02  0.19715080E+01  0.19715080E+01
  0.17695900E+02  0.19435502E+01  0.19435502E+01
  0.17763200E+02  0.19201977E+01  0.19201977E+01
  0.17830500E+02  0.18939286E+01  0.18939286E+01
  0.17897800E+02  0.18593386E+01  0.18593386E+01
  0.17965100E+02  0.18167691E+01  0.18167691E+01
  0.18032400E+02  0.17697271E+01  0.17697271E+01
  0.18099700E+02  0.17208774E+01  0.17208774E+01
  0.18166900E+02  0.16720140E+01  0.16720140E+01
  0.18234200E+02  0.16263672E+01  0.16263672E+01
  0.18301500E+02  0.15867384E+01  0.15867384E+01
  0.18368800E+02  0.15559859E+01  0.15559859E+01
  0.18436100E+02  0.15323717E+01  0.15323717E+01
  0.18503400E+02  0.15085319E+01  0.15085319E+01
  0.18570700E+02  0.14793190E+01  0.14793190E+01
  0.18637900E+02  0.14423104E+01  0.14423104E+01
  0.18705200E+02  0.14007276E+01  0.14007276E+01
  0.18772500E+02  0.13639897E+01  0.13639897E+01
  0.18839800E+02  0.13416864E+01  0.13416864E+01
  0.18907100E+02  0.13416409E+01  0.13416409E+01
  0.18974400E+02  0.13693644E+01  0.13693644E+01
  0.19041600E+02  0.14241366E+01  0.14241366E+01
  0.19108900E+02  0.15003896E+01  0.15003896E+01
  0.19176200E+02  0.15871501E+01  0.15871501E+01
  0.19243500E+02  0.16685296E+01  0.16685296E+01
  0.19310800E+02  0.17290040E+01  0.17290040E+01
  0.19378100E+02  0.17606616E+01  0.17606616E+01
  0.19445400E+02  0.17671531E+01  0.17671531E+01
  0.19512600E+02  0.17604411E+01  0.17604411E+01
  0.19579900E+02  0.17551221E+01  0.17551221E+01
  0.19647200E+02  0.17605561E+01  0.17605561E+01
  0.19714500E+02  0.17733937E+01  0.17733937E+01
  0.19781800E+02  0.17862748E+01  0.17862748E+01
  0.19849100E+02  0.17932365E+01  0.17932365E+01
  0.19916400E+02  0.17977114E+01  0.17977114E+01
  0.19983600E+02  0.18096706E+01  0.18096706E+01
  0.20050900E+02  0.18417416E+01  0.18417416E+01
  0.20118200E+02  0.19016164E+01  0.19016164E+01
  0.20185500E+02  0.19869513E+01  0.19869513E+01
  0.20252800E+02  0.20847592E+01  0.20847592E+01
  0.20320100E+02  0.21769164E+01  0.21769164E+01
  0.20387300E+02  0.22477107E+01  0.22477107E+01
  0.20454600E+02  0.22919740E+01  0.22919740E+01
  0.20521900E+02  0.23186546E+01  0.23186546E+01
  0.20589200E+02  0.23474862E+01  0.23474862E+01
  0.20656500E+02  0.23943209E+01  0.23943209E+01
  0.20723800E+02  0.24633730E+01  0.24633730E+01
  0.20791100E+02  0.25409216E+01  0.25409216E+01
  0.20858300E+02  0.26013207E+01  0.26013207E+01
  0.20925600E+02  0.26208067E+01  0.26208067E+01
  0.20992900E+02  0.25892012E+01  0.25892012E+01
  0.21060200E+02  0.25111094E+01  0.25111094E+01
  0.21127500E+02  0.24015359E+01  0.24015359E+01
  0.21194800E+02  0.22794125E+01  0.22794125E+01
  0.21262000E+02  0.21646016E+01  0.21646016E+01
  0.21329300E+02  0.20753099E+01  0.20753099E+01
  0.21396600E+02  0.20236492E+01  0.20236492E+01
  0.21463900E+02  0.20111705E+01  0.20111705E+01
  0.21531200E+02  0.20291560E+01  0.20291560E+01
  0.21598500E+02  0.20611893E+01  0.20611893E+01
  0.21665800E+02  0.20906634E+01  0.20906634E+01
  0.21733000E+02  0.21078196E+01  0.21078196E+01
  0.21800300E+02  0.21125757E+01  0.21125757E+01
  0.21867600E+02  0.21075307E+01  0.21075307E+01
  0.21934900E+02  0.20936829E+01  0.20936829E+01
  0.22002200E+02  0.20709442E+01  0.20709442E+01
  0.22069500E+02  0.20359237E+01  0.20359237E+01
  0.22136800E+02  0.19906928E+01  0.19906928E+01
  0.22204000E+02  0.19390038E+01  0.19390038E+01
  0.22271300E+02  0.18885898E+01  0.18885898E+01
  0.22338600E+02  0.18428125E+01  0.18428125E+01
  0.22405900E+02  0.18011689E+01  0.18011689E+01
  0.22473200E+02  0.17569533E+01  0.17569533E+01
  0.22540500E+02  0.17010933E+01  0.17010933E+01
  0.22607700E+02  0.16311701E+01  0.16311701E+01
  0.22675000E+02  0.15527221E+01  0.15527221E+01
  0.22742300E+02  0.14759471E+01  0.14759471E+01
  0.22809600E+02  0.14118097E+01  0.14118097E+01
  0.22876900E+02  0.13645214E+01  0.13645214E+01
  0.22944200E+02  0.13325440E+01  0.13325440E+01
  0.23011500E+02  0.13119725E+01  0.13119725E+01
  0.23078700E+02  0.12999993E+01  0.12999993E+01
  0.23146000E+02  0.12920348E+01  0.12920348E+01
  0.23213300E+02  0.12851748E+01  0.12851748E+01
  0.23280600E+02  0.12741282E+01  0.12741282E+01
  0.23347900E+02  0.12553106E+01  0.12553106E+01
  0.23415200E+02  0.12280538E+01  0.12280538E+01
  0.23482500E+02  0.11964390E+01  0.11964390E+01
  0.23549700E+02  0.11669871E+01  0.11669871E+01
  0.23617000E+02  0.11493200E+01  0.11493200E+01
  0.23684300E+02  0.11483548E+01  0.11483548E+01
  0.23751600E+02  0.11660429E+01  0.11660429E+01
  0.23818900E+02  0.11970893E+01  0.11970893E+01
  0.23886200E+02  0.12349271E+01  0.12349271E+01
  0.23953400E+02  0.12735303E+01  0.12735303E+01
  0.24020700E+02  0.13098756E+01  0.13098756E+01
  0.24088000E+02  0.13439426E+01  0.13439426E+01
  0.24155300E+02  0.13799856E+01  0.13799856E+01
  0.24222600E+02  0.14210712E+01  0.14210712E+01
  0.24289900E+02  0.14641655E+01  0.14641655E+01
  0.24357200E+02  0.14988490E+01  0.14988490E+01
  0.24424400E+02  0.15170681E+01  0.15170681E+01
  0.24491700E+02  0.15187167E+01  0.15187167E+01
  0.24559000E+02  0.15135499E+01  0.15135499E+01
  0.24626300E+02  0.15126737E+01  0.15126737E+01
  0.24693600E+02  0.15210974E+01  0.15210974E+01
  0.24760900E+02  0.15357761E+01  0.15357761E+01
  0.24828200E+02  0.15473837E+01  0.15473837E+01
  0.24895400E+02  0.15508799E+01  0.15508799E+01
  0.24962700E+02  0.15474694E+01  0.15474694E+01
  0.25030000E+02  0.15452785E+01  0.15452785E+01
  0.25097300E+02  0.15531588E+01  0.15531588E+01
  0.25164600E+02  0.15749841E+01  0.15749841E+01
  0.25231900E+02  0.16102127E+01  0.16102127E+01
  0.25299100E+02  0.16531981E+01  0.16531981E+01
  0.25366400E+02  0.16944478E+01  0.16944478E+01
  0.25433700E+02  0.17237423E+01  0.17237423E+01
  0.25501000E+02  0.17333369E+01  0.17333369E+01
  0.25568300E+02  0.17237279E+01  0.17237279E+01
  0.25635600E+02  0.17024700E+01  0.17024700E+01
  0.25702900E+02  0.16823587E+01  0.16823587E+01
  0.25770100E+02  0.16718086E+01  0.16718086E+01
  0.25837400E+02  0.16735082E+01  0.16735082E+01
  0.25904700E+02  0.16868960E+01  0.16868960E+01
  0.25972000E+02  0.17094476E+01  0.17094476E+01
  0.26039300E+02  0.17399160E+01  0.17399160E+01
  0.26106600E+02  0.17763849E+01  0.17763849E+01
  0.26173900E+02  0.18162664E+01  0.18162664E+01
  0.26241100E+02  0.18543210E+01  0.18543210E+01
  0.26308400E+02  0.18885796E+01  0.18885796E+01
  0.26375700E+02  0.19196719E+01  0.19196719E+01
  0.26443000E+02  0.19521984E+01  0.19521984E+01
  0.26510300E+02  0.19868273E+01  0.19868273E+01
  0.26577600E+02  0.20248935E+01  0.20248935E+01
  0.26644800E+02  0.20664063E+01  0.20664063E+01
  0.26712100E+02  0.21120612E+01  0.21120612E+01
  0.26779400E+02  0.21631993E+01  0.21631993E+01
  0.26846700E+02  0.22131792E+01  0.22131792E+01
  0.26914000E+02  0.22473099E+01  0.22473099E+01
  0.26981300E+02  0.22481090E+01  0.22481090E+01
  0.27048600E+02  0.22079447E+01  0.22079447E+01
  0.27115800E+02  0.21365155E+01  0.21365155E+01
  0.27183100E+02  0.20537808E+01  0.20537808E+01
  0.27250400E+02  0.19806667E+01  0.19806667E+01
  0.27317700E+02  0.19309336E+01  0.19309336E+01
  0.27385000E+02  0.19096174E+01  0.19096174E+01
  0.27452300E+02  0.19155951E+01  0.19155951E+01
  0.27519600E+02  0.19428762E+01  0.19428762E+01
  0.27586800E+02  0.19853820E+01  0.19853820E+01
  0.27654100E+02  0.20349302E+01  0.20349302E+01
  0.27721400E+02  0.20832640E+01  0.20832640E+01
  0.27788700E+02  0.21220852E+01  0.21220852E+01
  0.27856000E+02  0.21444234E+01  0.21444234E+01
  0.27923300E+02  0.21453237E+01  0.21453237E+01
  0.27990500E+02  0.21253217E+01  0.21253217E+01
  0.28057800E+02  0.20933336E+01  0.20933336E+01
  0.28125100E+02  0.20625500E+01  0.20625500E+01
  0.28192400E+02  0.20540493E+01  0.20540493E+01
  0.28259700E+02  0.20834781E+01  0.20834781E+01
  0.28327000E+02  0.21601874E+01  0.21601874E+01
  0.28394300E+02  0.22730239E+01  0.22730239E+01
  0.28461500E+02  0.23980574E+01  0.23980574E+01
  0.28528800E+02  0.25106671E+01  0.25106671E+01
  0.28596100E+02  0.25953534E+01  0.25953534E+01
  0.28663400E+02  0.26506557E+01  0.26506557E+01
  0.28730700E+02  0.26792924E+01  0.26792924E+01
  0.28798000E+02  0.26747516E+01  0.26747516E+01
  0.28865300E+02  0.26261392E+01  0.26261392E+01
  0.28932500E+02  0.25223083E+01  0.25223083E+01
  0.28999800E+02  0.23675630E+01  0.23675630E+01
  0.29067100E+02  0.21863266E+01  0.21863266E+01
  0.29134400E+02  0.20086334E+01  0.20086334E+01
  0.29201700E+02  0.18615762E+01  0.18615762E+01
  0.29269000E+02  0.17573894E+01  0.17573894E+01
  0.29336200E+02  0.16922308E+01  0.16922308E+01
  0.29403500E+02  0.16539933E+01  0.16539933E+01
  0.29470800E+02  0.16303388E+01  0.16303388E+01
  0.29538100E+02  0.16102573E+01  0.16102573E+01
  0.29605400E+02  0.15893139E+01  0.15893139E+01
  0.29672700E+02  0.15652639E+01  0.15652639E+01
  0.29740000E+02  0.15410768E+01  0.15410768E+01
  0.29807200E+02  0.15182486E+01  0.15182486E+01
  0.29874500E+02  0.14998116E+01  0.14998116E+01
  0.29941800E+02  0.14895679E+01  0.14895679E+01
  0.30009100E+02  0.14898469E+01  0.14898469E+01
  0.30076400E+02  0.15007193E+01  0.15007193E+01
  0.30143700E+02  0.15245259E+01  0.15245259E+01
  0.30211000E+02  0.15613339E+01  0.15613339E+01
  0.30278200E+02  0.16111946E+01  0.16111946E+01
  0.30345500E+02  0.16734024E+01  0.16734024E+01
  0.30412800E+02  0.17434120E+01  0.17434120E+01
  0.30480100E+02  0.18159005E+01  0.18159005E+01
  0.30547400E+02  0.18840014E+01  0.18840014E+01
  0.30614700E+02  0.19454106E+01  0.19454106E+01
  0.30681900E+02  0.19985718E+01  0.19985718E+01
  0.30749200E+02  0.20465325E+01  0.20465325E+01
  0.30816500E+02  0.20846642E+01  0.20846642E+01
  0.30883800E+02  0.20998640E+01  0.20998640E+01
  0.30951100E+02  0.20765987E+01  0.20765987E+01
  0.31018400E+02  0.20052876E+01  0.20052876E+01
  0.31085700E+02  0.18908474E+01  0.18908474E+01
  0.31152900E+02  0.17537717E+01  0.17537717E+01
  0.31220200E+02  0.16204156E+01  0.16204156E+01
  0.31287500E+02  0.15105344E+01  0.15105344E+01
  0.31354800E+02  0.14323525E+01  0.14323525E+01
  0.31422100E+02  0.13846439E+01  0.13846439E+01
  0.31489400E+02  0.13589474E+01  0.13589474E+01
  0.31556700E+02  0.13474680E+01  0.13474680E+01
  0.31623900E+02  0.13447104E+01  0.13447104E+01
  0.31691200E+02  0.13491394E+01  0.13491394E+01
  0.31758500E+02  0.13583882E+01  0.13583882E+01
  0.31825800E+02  0.13724849E+01  0.13724849E+01
  0.31893100E+02  0.13914559E+01  0.13914559E+01
  0.31960400E+02  0.14153262E+01  0.14153262E+01
  0.32027600E+02  0.14465376E+01  0.14465376E+01
  0.32094900E+02  0.14875565E+01  0.14875565E+01
  0.32162200E+02  0.15376050E+01  0.15376050E+01
  0.32229500E+02  0.15967108E+01  0.15967108E+01
  0.32296800E+02  0.16592204E+01  0.16592204E+01
  0.32364100E+02  0.17218945E+01  0.17218945E+01
  0.32431400E+02  0.17757977E+01  0.17757977E+01
  0.32498600E+02  0.18143919E+01  0.18143919E+01
  0.32565900E+02  0.18327413E+01  0.18327413E+01
  0.32633200E+02  0.18307383E+01  0.18307383E+01
  0.32700500E+02  0.18139837E+01  0.18139837E+01
  0.32767800E+02  0.17881154E+01  0.17881154E+01
  0.32835100E+02  0.17530632E+01  0.17530632E+01
  0.32902300E+02  0.17087466E+01  0.17087466E+01
  0.32969600E+02  0.16584067E+01  0.16584067E+01
  0.33036900E+02  0.16102876E+01  0.16102876E+01
  0.33104200E+02  0.15727374E+01  0.15727374E+01
  0.33171500E+02  0.15500193E+01  0.15500193E+01
  0.33238800E+02  0.15447545E+01  0.15447545E+01
  0.33306100E+02  0.15520269E+01  0.15520269E+01
  0.33373300E+02  0.15685442E+01  0.15685442E+01
  0.33440600E+02  0.15851136E+01  0.15851136E+01
  0.33507900E+02  0.15949921E+01  0.15949921E+01
  0.33575200E+02  0.15930794E+01  0.15930794E+01
  0.33642500E+02  0.15801499E+01  0.15801499E+01
  0.33709800E+02  0.15637617E+01  0.15637617E+01
  0.33777100E+02  0.15506908E+01  0.15506908E+01
  0.33844300E+02  0.15435106E+01  0.15435106E+01
  0.33911600E+02  0.15439748E+01  0.15439748E+01
  0.33978900E+02  0.15504145E+01  0.15504145E+01
  0.34046200E+02  0.15637193E+01  0.15637193E+01
  0.34113500E+02  0.15882131E+01  0.15882131E+01
  0.34180800E+02  0.16299560E+01  0.16299560E+01
  0.34248000E+02  0.16907183E+01  0.16907183E+01
  0.34315300E+02  0.17731277E+01  0.17731277E+01
  0.34382600E+02  0.18737568E+01  0.18737568E+01
  0.34449900E+02  0.19883020E+01  0.19883020E+01
  0.34517200E+02  0.21055812E+01  0.21055812E+01
  0.34584500E+02  0.22127129E+01  0.22127129E+01
  0.34651800E+02  0.22925325E+01  0.22925325E+01
  0.34719000E+02  0.23312575E+01  0.23312575E+01
  0.34786300E+02  0.23253175E+01  0.23253175E+01
  0.34853600E+02  0.22804804E+01  0.22804804E+01
  0.34920900E+02  0.22154858E+01  0.22154858E+01
  0.34988200E+02  0.21466624E+01  0.21466624E+01
  0.35055500E+02  0.20879316E+01  0.20879316E+01
  0.35122800E+02  0.20402642E+01  0.20402642E+01
  0.35190000E+02  0.20011200E+01  0.20011200E+01
  0.35257300E+02  0.19644246E+01  0.19644246E+01
  0.35324600E+02  0.19293115E+01  0.19293115E+01
  0.35391900E+02  0.18984469E+01  0.18984469E+01
  0.35459200E+02  0.18736370E+01  0.18736370E+01
  0.35526500E+02  0.18602554E+01  0.18602554E+01
  0.35593700E+02  0.18592619E+01  0.18592619E+01
  0.35661000E+02  0.18698457E+01  0.18698457E+01
  0.35728300E+02  0.18867030E+01  0.18867030E+01
  0.35795600E+02  0.19044977E+01  0.19044977E+01
  0.35862900E+02  0.19196524E+01  0.19196524E+01
  0.35930200E+02  0.19294636E+01  0.19294636E+01
  0.35997500E+02  0.19374995E+01  0.19374995E+01
  0.36064700E+02  0.19473458E+01  0.19473458E+01
  0.36132000E+02  0.19617266E+01  0.19617266E+01
  0.36199300E+02  0.19797540E+01  0.19797540E+01
  0.36266600E+02  0.19987314E+01  0.19987314E+01
  0.36333900E+02  0.20141351E+01  0.20141351E+01
  0.36401200E+02  0.20214135E+01  0.20214135E+01
  0.36468500E+02  0.20177995E+01  0.20177995E+01
  0.36535700E+02  0.20068686E+01  0.20068686E+01
  0.36603000E+02  0.19904121E+01  0.19904121E+01
  0.36670300E+02  0.19711330E+01  0.19711330E+01
  0.36737600E+02  0.19535968E+01  0.19535968E+01
  0.36804900E+02  0.19387339E+01  0.19387339E+01
  0.36872200E+02  0.19274820E+01  0.19274820E+01
  0.36939400E+02  0.19217034E+01  0.19217034E+01
  0.37006700E+02  0.19195915E+01  0.19195915E+01
  0.37074000E+02  0.19174587E+01  0.19174587E+01
  0.37141300E+02  0.19125221E+01  0.19125221E+01
  0.37208600E+02  0.18982598E+01  0.18982598E+01
  0.37275900E+02  0.18746143E+01  0.18746143E+01
  0.37343200E+02  0.18433904E+01  0.18433904E+01
  0.37410400E+02  0.18138918E+01  0.18138918E+01
  0.37477700E+02  0.17945861E+01  0.17945861E+01
  0.37545000E+02  0.17930557E+01  0.17930557E+01
  0.37612300E+02  0.18075143E+01  0.18075143E+01
  0.37679600E+02  0.18361479E+01  0.18361479E+01
  0.37746900E+02  0.18705153E+01  0.18705153E+01
  0.37814200E+02  0.19059121E+01  0.19059121E+01
  0.37881400E+02  0.19357174E+01  0.19357174E+01
  0.37948700E+02  0.19599220E+01  0.19599220E+01
  0.38016000E+02  0.19784996E+01  0.19784996E+01
  0.38083300E+02  0.19923766E+01  0.19923766E+01
  0.38150600E+02  0.20024836E+01  0.20024836E+01
  0.38217900E+02  0.20183285E+01  0.20183285E+01
  0.38285100E+02  0.20513727E+01  0.20513727E+01
  0.38352400E+02  0.21131274E+01  0.21131274E+01
  0.38419700E+02  0.22026703E+01  0.22026703E+01
  0.38487000E+02  0.23037817E+01  0.23037817E+01
  0.38554300E+02  0.23907113E+01  0.23907113E+01
  0.38621600E+02  0.24405702E+01  0.24405702E+01
  0.38688900E+02  0.24427729E+01  0.24427729E+01
  0.38756100E+02  0.23999517E+01  0.23999517E+01
  0.38823400E+02  0.23233065E+01  0.23233065E+01
  0.38890700E+02  0.22279373E+01  0.22279373E+01
  0.38958000E+02  0.21271996E+01  0.21271996E+01
  0.39025300E+02  0.20278400E+01  0.20278400E+01
  0.39092600E+02  0.19328033E+01  0.19328033E+01
  0.39159900E+02  0.18431190E+01  0.18431190E+01
  0.39227100E+02  0.17598263E+01  0.17598263E+01
  0.39294400E+02  0.16839880E+01  0.16839880E+01
  0.39361700E+02  0.16196310E+01  0.16196310E+01
  0.39429000E+02  0.15688449E+01  0.15688449E+01
  0.39496300E+02  0.15377074E+01  0.15377074E+01
  0.39563600E+02  0.15263576E+01  0.15263576E+01
  0.39630800E+02  0.15378990E+01  0.15378990E+01
  0.39698100E+02  0.15714408E+01  0.15714408E+01
  0.39765400E+02  0.16260460E+01  0.16260460E+01
  0.39832700E+02  0.16997507E+01  0.16997507E+01
  0.39900000E+02  0.17885669E+01  0.17885669E+01
  0.39967300E+02  0.18844958E+01  0.18844958E+01
  0.40034600E+02  0.19745484E+01  0.19745484E+01
  0.40101800E+02  0.20407440E+01  0.20407440E+01
  0.40169100E+02  0.20670749E+01  0.20670749E+01
  0.40236400E+02  0.20403788E+01  0.20403788E+01
  0.40303700E+02  0.19623211E+01  0.19623211E+01
  0.40371000E+02  0.18505760E+01  0.18505760E+01
  0.40438300E+02  0.17371878E+01  0.17371878E+01
  0.40505600E+02  0.16506211E+01  0.16506211E+01
  0.40572800E+02  0.16044052E+01  0.16044052E+01
  0.40640100E+02  0.16009047E+01  0.16009047E+01
  0.40707400E+02  0.16270429E+01  0.16270429E+01
  0.40774700E+02  0.16644982E+01  0.16644982E+01
  0.40842000E+02  0.16928129E+01  0.16928129E+01
  0.40909300E+02  0.16996471E+01  0.16996471E+01
  0.40976500E+02  0.16807901E+01  0.16807901E+01
  0.41043800E+02  0.16371276E+01  0.16371276E+01
  0.41111100E+02  0.15788073E+01  0.15788073E+01
  0.41178400E+02  0.15140011E+01  0.15140011E+01
  0.41245700E+02  0.14509711E+01  0.14509711E+01
  0.41313000E+02  0.13970328E+01  0.13970328E+01
  0.41380300E+02  0.13543518E+01  0.13543518E+01
  0.41447500E+02  0.13240570E+01  0.13240570E+01
  0.41514800E+02  0.13009892E+01  0.13009892E+01
  0.41582100E+02  0.12778271E+01  0.12778271E+01
  0.41649400E+02  0.12493000E+01  0.12493000E+01
  0.41716700E+02  0.12122031E+01  0.12122031E+01
  0.41784000E+02  0.11696555E+01  0.11696555E+01
  0.41851300E+02  0.11226799E+01  0.11226799E+01
  0.41918500E+02  0.10744351E+01  0.10744351E+01
  0.41985800E+02  0.10270534E+01  0.10270534E+01
  0.42053100E+02  0.98268003E+00  0.98268003E+00
  0.42120400E+02  0.94241128E+00  0.94241128E+00
  0.42187700E+02  0.90520211E+00  0.90520211E+00
  0.42255000E+02  0.86999725E+00  0.86999725E+00
  0.42322200E+02  0.83464832E+00  0.83464832E+00
  0.42389500E+02  0.79915915E+00  0.79915915E+00
  0.42456800E+02  0.76678395E+00  0.76678395E+00
  0.42524100E+02  0.73754437E+00  0.73754437E+00
  0.42591400E+02  0.71364145E+00  0.71364145E+00
  0.42658700E+02  0.69729306E+00  0.69729306E+00
  0.42726000E+02  0.68854256E+00  0.68854256E+00
  0.42793200E+02  0.68194929E+00  0.68194929E+00
  0.42860500E+02  0.67423440E+00  0.67423440E+00
  0.42927800E+02  0.66429100E+00  0.66429100E+00
  0.42995100E+02  0.65210764E+00  0.65210764E+00
  0.43062400E+02  0.63988020E+00  0.63988020E+00
  0.43129700E+02  0.63313687E+00  0.63313687E+00
  0.43196900E+02  0.63301169E+00  0.63301169E+00
  0.43264200E+02  0.63842952E+00  0.63842952E+00
  0.43331500E+02  0.64719178E+00  0.64719178E+00
  0.43398800E+02  0.65708823E+00  0.65708823E+00
  0.43466100E+02  0.66366902E+00  0.66366902E+00
  0.43533400E+02  0.66357437E+00  0.66357437E+00
  0.43600700E+02  0.65565615E+00  0.65565615E+00
  0.43667900E+02  0.63875398E+00  0.63875398E+00
  0.43735200E+02  0.61618522E+00  0.61618522E+00
  0.43802500E+02  0.59241027E+00  0.59241027E+00
  0.43869800E+02  0.56967428E+00  0.56967428E+00
  0.43937100E+02  0.54911227E+00  0.54911227E+00
  0.44004400E+02  0.53638886E+00  0.53638886E+00
  0.44071700E+02  0.53154642E+00  0.53154642E+00
  0.44138900E+02  0.53688977E+00  0.53688977E+00
  0.44206200E+02  0.55132949E+00  0.55132949E+00
  0.44273500E+02  0.57035209E+00  0.57035209E+00
  0.44340800E+02  0.59056013E+00  0.59056013E+00
  0.44408100E+02  0.60967931E+00  0.60967931E+00
  0.44475400E+02  0.62656554E+00  0.62656554E+00
  0.44542600E+02  0.64235108E+00  0.64235108E+00
  0.44609900E+02  0.65703462E+00  0.65703462E+00
  0.44677200E+02  0.67175512E+00  0.67175512E+00
  0.44744500E+02  0.68422058E+00  0.68422058E+00
  0.44811800E+02  0.69442255E+00  0.69442255E+00
  0.44879100E+02  0.70120314E+00  0.70120314E+00
  0.44946400E+02  0.70684957E+00  0.70684957E+00
  0.45013600E+02  0.71135547E+00  0.71135547E+00
  0.45080900E+02  0.71702664E+00  0.71702664E+00
  0.45148200E+02  0.72271085E+00  0.72271085E+00
  0.45215500E+02  0.72840796E+00  0.72840796E+00
  0.45282800E+02  0.73295941E+00  0.73295941E+00
  0.45350100E+02  0.73171947E+00  0.73171947E+00
  0.45417400E+02  0.72349983E+00  0.72349983E+00
  0.45484600E+02  0.71059315E+00  0.71059315E+00
  0.45551900E+02  0.69181214E+00  0.69181214E+00
  0.45619200E+02  0.67179715E+00  0.67179715E+00
  0.45686500E+02  0.65171244E+00  0.65171244E+00
  0.45753800E+02  0.63507661E+00  0.63507661E+00
  0.45821100E+02  0.62190867E+00  0.62190867E+00
  0.45888300E+02  0.61457944E+00  0.61457944E+00
  0.45955600E+02  0.61665564E+00  0.61665564E+00
  0.46022900E+02  0.63053605E+00  0.63053605E+00
  0.46090200E+02  0.65862449E+00  0.65862449E+00
  0.46157500E+02  0.69977664E+00  0.69977664E+00
  0.46224800E+02  0.75283403E+00  0.75283403E+00
  0.46292100E+02  0.80598433E+00  0.80598433E+00
  0.46359300E+02  0.84975940E+00  0.84975940E+00
  0.46426600E+02  0.86875013E+00  0.86875013E+00
  0.46493900E+02  0.86050362E+00  0.86050362E+00
  0.46561200E+02  0.82964508E+00  0.82964508E+00
  0.46628500E+02  0.78795259E+00  0.78795259E+00
  0.46695800E+02  0.75087981E+00  0.75087981E+00
  0.46763100E+02  0.72803035E+00  0.72803035E+00
  0.46830300E+02  0.72427756E+00  0.72427756E+00
  0.46897600E+02  0.73611167E+00  0.73611167E+00
  0.46964900E+02  0.75878311E+00  0.75878311E+00
  0.47032200E+02  0.78631343E+00  0.78631343E+00
  0.47099500E+02  0.81269984E+00  0.81269984E+00
  0.47166800E+02  0.83071349E+00  0.83071349E+00
  0.47234000E+02  0.83670831E+00  0.83670831E+00
  0.47301300E+02  0.82460175E+00  0.82460175E+00
  0.47368600E+02  0.79551266E+00  0.79551266E+00
  0.47435900E+02  0.75297870E+00  0.75297870E+00
  0.47503200E+02  0.70420547E+00  0.70420547E+00
  0.47570500E+02  0.65280572E+00  0.65280572E+00
  0.47637800E+02  0.60731465E+00  0.60731465E+00
  0.47705000E+02  0.57144678E+00  0.57144678E+00
  0.47772300E+02  0.55140065E+00  0.55140065E+00
  0.47839600E+02  0.54480439E+00  0.54480439E+00
  0.47906900E+02  0.55172035E+00  0.55172035E+00
  0.47974200E+02  0.57096849E+00  0.57096849E+00
  0.48041500E+02  0.60258631E+00  0.60258631E+00
  0.48108800E+02  0.64413575E+00  0.64413575E+00
  0.48176000E+02  0.69809853E+00  0.69809853E+00
  0.48243300E+02  0.76448796E+00  0.76448796E+00
  0.48310600E+02  0.83713664E+00  0.83713664E+00
  0.48377900E+02  0.90987535E+00  0.90987535E+00
  0.48445200E+02  0.97036906E+00  0.97036906E+00
  0.48512500E+02  0.10025667E+01  0.10025667E+01
  0.48579700E+02  0.99898815E+00  0.99898815E+00
  0.48647000E+02  0.95824446E+00  0.95824446E+00
  0.48714300E+02  0.88878644E+00  0.88878644E+00
  0.48781600E+02  0.80657750E+00  0.80657750E+00
  0.48848900E+02  0.72650332E+00  0.72650332E+00
  0.48916200E+02  0.66111817E+00  0.66111817E+00
  0.48983500E+02  0.61431071E+00  0.61431071E+00
  0.49050700E+02  0.58495128E+00  0.58495128E+00
  0.49118000E+02  0.56936336E+00  0.56936336E+00
  0.49185300E+02  0.56130256E+00  0.56130256E+00
  0.49252600E+02  0.56080374E+00  0.56080374E+00
  0.49319900E+02  0.56536612E+00  0.56536612E+00
  0.49387200E+02  0.57627682E+00  0.57627682E+00
  0.49454500E+02  0.59609532E+00  0.59609532E+00
  0.49521700E+02  0.62865511E+00  0.62865511E+00
  0.49589000E+02  0.67906595E+00  0.67906595E+00
  0.49656300E+02  0.74734393E+00  0.74734393E+00
  0.49723600E+02  0.83348634E+00  0.83348634E+00
  0.49790900E+02  0.92858903E+00  0.92858903E+00
  0.49858200E+02  0.10186855E+01  0.10186855E+01
  0.49925400E+02  0.10910999E+01  0.10910999E+01
  0.49992700E+02  0.11306203E+01  0.11306203E+01
  0.50060000E+02  0.11257586E+01  0.11257586E+01
  0.50127300E+02  0.10788730E+01  0.10788730E+01
  0.50194600E+02  0.99606383E+00  0.99606383E+00
  0.50261900E+02  0.89367173E+00  0.89367173E+00
  0.50329200E+02  0.78693375E+00  0.78693375E+00
  0.50396400E+02  0.69129135E+00  0.69129135E+00
  0.50463700E+02  0.61462313E+00  0.61462313E+00
  0.50531000E+02  0.56098497E+00  0.56098497E+00
  0.50598300E+02  0.52664539E+00  0.52664539E+00
  0.50665600E+02  0.50781600E+00  0.50781600E+00
  0.50732900E+02  0.49936085E+00  0.49936085E+00
  0.50800200E+02  0.49349160E+00  0.49349160E+00
  0.50867400E+02  0.48629516E+00  0.48629516E+00
  0.50934700E+02  0.47907784E+00  0.47907784E+00
  0.51002000E+02  0.47052690E+00  0.47052690E+00
  0.51069300E+02  0.46457777E+00  0.46457777E+00
  0.51136600E+02  0.46124171E+00  0.46124171E+00
  0.51203900E+02  0.46579832E+00  0.46579832E+00
  0.51271100E+02  0.47563860E+00  0.47563860E+00
  0.51338400E+02  0.49474135E+00  0.49474135E+00
  0.51405700E+02  0.52048946E+00  0.52048946E+00
  0.51473000E+02  0.55025487E+00  0.55025487E+00
  0.51540300E+02  0.58007754E+00  0.58007754E+00
  0.51607600E+02  0.60201476E+00  0.60201476E+00
  0.51674900E+02  0.61074496E+00  0.61074496E+00
  0.51742100E+02  0.60356854E+00  0.60356854E+00
  0.51809400E+02  0.58041930E+00  0.58041930E+00
  0.51876700E+02  0.54920533E+00  0.54920533E+00
  0.51944000E+02  0.51121522E+00  0.51121522E+00
  0.52011300E+02  0.46640739E+00  0.46640739E+00
  0.52078600E+02  0.41607837E+00  0.41607837E+00
  0.52145900E+02  0.36019073E+00  0.36019073E+00
  0.52213100E+02  0.30139934E+00  0.30139934E+00
  0.52280400E+02  0.24778932E+00  0.24778932E+00
  0.52347700E+02  0.20075120E+00  0.20075120E+00
  0.52415000E+02  0.16304272E+00  0.16304272E+00
  0.52482300E+02  0.13472167E+00  0.13472167E+00
  0.52549600E+02  0.11311819E+00  0.11311819E+00
  0.52616800E+02  0.98267053E-01  0.98267053E-01
  0.52684100E+02  0.86104398E-01  0.86104398E-01
  0.52751400E+02  0.79377552E-01  0.79377552E-01
  0.52818700E+02  0.74001696E-01  0.74001696E-01
  0.52886000E+02  0.69982518E-01  0.69982518E-01
  0.52953300E+02  0.68698651E-01  0.68698651E-01
  0.53020600E+02  0.68786029E-01  0.68786029E-01
  0.53087800E+02  0.68873260E-01  0.68873260E-01
  0.53155100E+02  0.70338852E-01  0.70338852E-01
  0.53222400E+02  0.70427929E-01  0.70427929E-01
  0.53289700E+02  0.69135275E-01  0.69135275E-01
  0.53357000E+02  0.67839095E-01  0.67839095E-01
  0.53424300E+02  0.66539387E-01  0.66539387E-01
  0.53491500E+02  0.66623106E-01  0.66623106E-01
  0.53558800E+02  0.66706948E-01  0.66706948E-01
  0.53626100E+02  0.66790791E-01  0.66790791E-01
  0.53693400E+02  0.69659126E-01  0.69659126E-01
  0.53760700E+02  0.72534281E-01  0.72534281E-01
  0.53828000E+02  0.76811771E-01  0.76811771E-01
  0.53895300E+02  0.82496461E-01  0.82496461E-01
  0.53962500E+02  0.88194292E-01  0.88194292E-01
  0.54029800E+02  0.93905563E-01  0.93905563E-01
  0.54097100E+02  0.98228239E-01  0.98228239E-01
  0.54164400E+02  0.98350303E-01  0.98350303E-01
  0.54231700E+02  0.94256102E-01  0.94256102E-01
  0.54299000E+02  0.87336371E-01  0.87336371E-01
  0.54366300E+02  0.78988862E-01  0.78988862E-01
  0.54433500E+02  0.73441589E-01  0.73441589E-01
  0.54500800E+02  0.67879884E-01  0.67879884E-01
  0.54568100E+02  0.66548733E-01  0.66548733E-01
  0.54635400E+02  0.66630798E-01  0.66630798E-01
  0.54702700E+02  0.68131310E-01  0.68131310E-01
  0.54770000E+02  0.69635244E-01  0.69635244E-01
  0.54837200E+02  0.69720636E-01  0.69720636E-01
  0.54904500E+02  0.66958817E-01  0.66958817E-01
  0.54971800E+02  0.61338740E-01  0.61338740E-01
  0.55039100E+02  0.54276538E-01  0.54276538E-01
  0.55106400E+02  0.45766363E-01  0.45766363E-01
  0.55173700E+02  0.38665297E-01  0.38665297E-01
  0.55241000E+02  0.32979179E-01  0.32979179E-01
  0.55308200E+02  0.28713677E-01  0.28713677E-01
  0.55375500E+02  0.24437385E-01  0.24437385E-01
  0.55442800E+02  0.20150244E-01  0.20150244E-01
  0.55510100E+02  0.17293109E-01  0.17293109E-01
  0.55577400E+02  0.14428818E-01  0.14428818E-01
  0.55644700E+02  0.13001855E-01  0.13001855E-01
  0.55712000E+02  0.10125083E-01  0.10125083E-01
  0.55779200E+02  0.10137301E-01  0.10137301E-01
  0.55846500E+02  0.86997297E-02  0.86997297E-02
  0.55913800E+02  0.87102174E-02  0.87102174E-02
  0.55981100E+02  0.72673598E-02  0.72673598E-02
  0.56048400E+02  0.72760998E-02  0.72760998E-02
  0.56115700E+02  0.72848398E-02  0.72848398E-02
  0.56182900E+02  0.72935660E-02  0.72935660E-02
  0.56250200E+02  0.58419301E-02  0.58419301E-02
  0.56317500E+02  0.58489216E-02  0.58489216E-02
  0.56384800E+02  0.58559132E-02  0.58559132E-02
  0.56452100E+02  0.58629054E-02  0.58629054E-02
  0.56519400E+02  0.58698969E-02  0.58698969E-02
  0.56586700E+02  0.58768879E-02  0.58768879E-02
  0.56653900E+02  0.58838690E-02  0.58838690E-02
  0.56721200E+02  0.58908606E-02  0.58908606E-02
  0.56788500E+02  0.44234544E-02  0.44234544E-02
  0.56855800E+02  0.44286977E-02  0.44286977E-02
  0.56923100E+02  0.44339416E-02  0.44339416E-02
  0.56990400E+02  0.44391854E-02  0.44391854E-02
  0.57057700E+02  0.44444288E-02  0.44444288E-02
  0.57124900E+02  0.44496643E-02  0.44496643E-02
  0.57192200E+02  0.44549082E-02  0.44549082E-02
  0.57259500E+02  0.44601516E-02  0.44601516E-02
  0.57326800E+02  0.44653949E-02  0.44653949E-02
  0.57394100E+02  0.44706383E-02  0.44706383E-02
  0.57461400E+02  0.44758817E-02  0.44758817E-02
  0.57528600E+02  0.44811178E-02  0.44811178E-02
  0.57595900E+02  0.44863612E-02  0.44863612E-02
  0.57663200E+02  0.44916046E-02  0.44916046E-02
  0.57730500E+02  0.44968475E-02  0.44968475E-02
  0.57797800E+02  0.45020909E-02  0.45020909E-02
  0.57865100E+02  0.30049347E-02  0.30049347E-02
  0.57932400E+02  0.30084304E-02  0.30084304E-02
  0.57999600E+02  0.30119209E-02  0.30119209E-02
  0.58066900E+02  0.30154163E-02  0.30154163E-02
  0.58134200E+02  0.30189120E-02  0.30189120E-02
  0.58201500E+02  0.30224077E-02  0.30224077E-02
  0.58268800E+02  0.30259031E-02  0.30259031E-02
  0.58336100E+02  0.30293988E-02  0.30293988E-02
  0.58403400E+02  0.30328946E-02  0.30328946E-02
  0.58470600E+02  0.30363848E-02  0.30363848E-02
  0.58537900E+02  0.30398805E-02  0.30398805E-02
  0.58605200E+02  0.30433759E-02  0.30433759E-02
  0.58672500E+02  0.30468713E-02  0.30468713E-02
  0.58739800E+02  0.30503671E-02  0.30503671E-02
  0.58807100E+02  0.30538625E-02  0.30538625E-02
  0.58874300E+02  0.30573527E-02  0.30573527E-02
  0.58941600E+02  0.30608484E-02  0.30608484E-02
  0.59008900E+02  0.30643439E-02  0.30643439E-02
  0.59076200E+02  0.30678393E-02  0.30678393E-02
  0.59143500E+02  0.30713350E-02  0.30713350E-02
  0.59210800E+02  0.30748305E-02  0.30748305E-02
  0.59278100E+02  0.30783259E-02  0.30783259E-02
  0.59345300E+02  0.30818161E-02  0.30818161E-02
  0.59412600E+02  0.30853116E-02  0.30853116E-02
  0.59479900E+02  0.30888070E-02  0.30888070E-02
  0.59547200E+02  0.30923024E-02  0.30923024E-02
  0.59614500E+02  0.30957979E-02  0.30957979E-02
  0.59681800E+02  0.30992933E-02  0.30992933E-02
  0.59749100E+02  0.31027888E-02  0.31027888E-02
  0.59816300E+02  0.31062790E-02  0.31062790E-02
  0.59883600E+02  0.31097745E-02  0.31097745E-02
  0.59950900E+02  0.31132699E-02  0.31132699E-02
  0.60018200E+02  0.31167654E-02  0.31167654E-02
  0.60085500E+02  0.31202608E-02  0.31202608E-02
  0.60152800E+02  0.31237563E-02  0.31237563E-02
  0.60220000E+02  0.15636477E-02  0.15636477E-02
  0.60287300E+02  0.15653953E-02  0.15653953E-02
  0.60354600E+02  0.15671431E-02  0.15671431E-02
  0.60421900E+02  0.15688909E-02  0.15688909E-02
  0.60489200E+02  0.15706387E-02  0.15706387E-02
  0.60556500E+02  0.15723863E-02  0.15723863E-02
  0.60623800E+02  0.15741341E-02  0.15741341E-02
  0.60691000E+02  0.15758793E-02  0.15758793E-02
  0.60758300E+02  0.15776271E-02  0.15776271E-02
  0.60825600E+02  0.15793747E-02  0.15793747E-02
  0.60892900E+02  0.15811225E-02  0.15811225E-02
  0.60960200E+02  0.15828702E-02  0.15828702E-02
  0.61027500E+02  0.15846180E-02  0.15846180E-02
  0.61094800E+02  0.15863657E-02  0.15863657E-02
  0.61162000E+02  0.15881108E-02  0.15881108E-02
  0.61229300E+02  0.15898586E-02  0.15898586E-02
  0.61296600E+02  0.15916062E-02  0.15916062E-02
  0.61363900E+02  0.15933540E-02  0.15933540E-02
  0.61431200E+02  0.15951017E-02  0.15951017E-02
  0.61498500E+02  0.15968495E-02  0.15968495E-02
  0.61565700E+02  0.15985945E-02  0.15985945E-02
  0.61633000E+02  0.16003423E-02  0.16003423E-02
  0.61700300E+02  0.16020900E-02  0.16020900E-02
  0.61767600E+02  0.16038378E-02  0.16038378E-02
  0.61834900E+02  0.16055854E-02  0.16055854E-02
  0.61902200E+02  0.16073330E-02  0.16073330E-02
  0.61969500E+02  0.16090809E-02  0.16090809E-02
  0.62036700E+02  0.16108259E-02  0.16108259E-02
  0.62104000E+02  0.16125737E-02  0.16125737E-02
  0.62171300E+02  0.16143214E-02  0.16143214E-02
  0.62238600E+02  0.16160690E-02  0.16160690E-02
  0.62305900E+02  0.16178168E-02  0.16178168E-02
  0.62373200E+02  0.16195645E-02  0.16195645E-02
  0.62440500E+02  0.16213121E-02  0.16213121E-02
  0.62507700E+02  0.16230572E-02  0.16230572E-02
  0.62575000E+02  0.16248050E-02  0.16248050E-02
  0.62642300E+02  0.16265526E-02  0.16265526E-02
  0.62709600E+02  0.16283003E-02  0.16283003E-02
  0.62776900E+02  0.16300480E-02  0.16300480E-02
  0.62844200E+02  0.16317958E-02  0.16317958E-02
  0.62911400E+02  0.16335408E-02  0.16335408E-02
  0.62978700E+02  0.16352885E-02  0.16352885E-02
  0.63046000E+02  0.16370362E-02  0.16370362E-02
  0.63113300E+02  0.16387838E-02  0.16387838E-02
  0.63180600E+02  0.16405315E-02  0.16405315E-02
  0.63247900E+02  0.16422791E-02  0.16422791E-02
  0.63315200E+02  0.16440270E-02  0.16440270E-02
  0.63382400E+02  0.16457720E-02  0.16457720E-02
  0.63449700E+02  0.16475197E-02  0.16475197E-02
  0.63517000E+02  0.16492673E-02  0.16492673E-02
  0.63584300E+02  0.16510150E-02  0.16510150E-02
  0.63651600E+02  0.16527627E-02  0.16527627E-02
  0.63718900E+02  0.16545103E-02  0.16545103E-02
  0.63786100E+02  0.16562554E-02  0.16562554E-02
  0.63853400E+02  0.16580031E-02  0.16580031E-02
  0.63920700E+02  0.16597508E-02  0.16597508E-02
  0.63988000E+02  0.16614984E-02  0.16614984E-02
  0.64055300E+02  0.16632461E-02  0.16632461E-02
  0.64122600E+02  0.16649938E-02  0.16649938E-02
  0.64189900E+02  0.16667414E-02  0.16667414E-02
  0.64257100E+02  0.16684865E-02  0.16684865E-02
  0.64324400E+02  0.16702342E-02  0.16702342E-02
  0.64391700E+02  0.16719819E-02  0.16719819E-02
  0.64459000E+02  0.16737295E-02  0.16737295E-02
  0.64526300E+02  0.16754772E-02  0.16754772E-02
  0.64593600E+02  0.16772249E-02  0.16772249E-02
  0.64660900E+02  0.16789724E-02  0.16789724E-02
  0.64728100E+02  0.16807175E-02  0.16807175E-02
  0.64795400E+02  0.16824651E-02  0.16824651E-02
  0.64862700E+02  0.16842128E-02  0.16842128E-02
  0.64930000E+02  0.16859605E-02  0.16859605E-02
  0.64997300E+02  0.16877082E-02  0.16877082E-02
  0.65064600E+02  0.16894559E-02  0.16894559E-02
  0.65131800E+02  0.16912008E-02  0.16912008E-02
  0.65199100E+02  0.16929485E-02  0.16929485E-02
  0.65266400E+02  0.16946961E-02  0.16946961E-02
  0.65333700E+02  0.16964438E-02  0.16964438E-02
  0.65401000E+02  0.16981915E-02  0.16981915E-02
  0.65468300E+02  0.16999390E-02  0.16999390E-02
  0.65535600E+02  0.17016867E-02  0.17016867E-02
  0.65602800E+02  0.17034318E-02  0.17034318E-02
  0.65670100E+02  0.17051795E-02  0.17051795E-02
  0.65737400E+02  0.17069272E-02  0.17069272E-02
  0.65804700E+02  0.17086747E-02  0.17086747E-02
  0.65872000E+02  0.17104224E-02  0.17104224E-02
  0.65939300E+02  0.17121701E-02  0.17121701E-02
  0.66006600E+02  0.17139176E-02  0.17139176E-02
  0.66073800E+02  0.17156627E-02  0.17156627E-02
  0.66141100E+02  0.17174104E-02  0.17174104E-02
  0.66208400E+02  0.17191581E-02  0.17191581E-02
  0.66275700E+02  0.17209056E-02  0.17209056E-02
  0.66343000E+02  0.17226533E-02  0.17226533E-02
  0.66410300E+02  0.17244010E-02  0.17244010E-02
  0.66477500E+02  0.17261459E-02  0.17261459E-02
  0.66544800E+02  0.17278936E-02  0.17278936E-02
  0.66612100E+02  0.17296413E-02  0.17296413E-02
  0.66679400E+02  0.17313888E-02  0.17313888E-02
  0.66746700E+02  0.17331365E-02  0.17331365E-02
  0.66814000E+02  0.17348841E-02  0.17348841E-02
  0.66881300E+02  0.17366318E-02  0.17366318E-02
  0.66948500E+02  0.17383769E-02  0.17383769E-02
  0.67015800E+02  0.17401244E-02  0.17401244E-02
  0.67083100E+02  0.17418721E-02  0.17418721E-02
  0.67150400E+02  0.17436196E-02  0.17436196E-02
  0.67217700E+02  0.17453673E-02  0.17453673E-02
