   #Energy      xx              yy   
  0.00000000E+00  0.00000000E+00  0.00000000E+00
  0.61500000E-01 -0.37528885E+00 -0.37528885E+00
  0.12300000E+00 -0.47573417E+00 -0.47573417E+00
  0.18460000E+00 -0.52556953E+00 -0.52556953E+00
  0.24610000E+00 -0.63326578E+00 -0.63326578E+00
  0.30760000E+00 -0.75429777E+00 -0.75429777E+00
  0.36910000E+00 -0.85905960E+00 -0.85905960E+00
  0.43070000E+00 -0.99494103E+00 -0.99494103E+00
  0.49220000E+00 -0.11854575E+01 -0.11854575E+01
  0.55370000E+00 -0.13644992E+01 -0.13644992E+01
  0.61520000E+00 -0.14724050E+01 -0.14724050E+01
  0.67680000E+00 -0.15065698E+01 -0.15065698E+01
  0.73830000E+00 -0.14691296E+01 -0.14691296E+01
  0.79980000E+00 -0.14049549E+01 -0.14049549E+01
  0.86130000E+00 -0.13787744E+01 -0.13787744E+01
  0.92290000E+00 -0.13422677E+01 -0.13422677E+01
  0.98440000E+00 -0.11742376E+01 -0.11742376E+01
  0.10459000E+01 -0.85663666E+00 -0.85663666E+00
  0.11074000E+01 -0.52504692E+00 -0.52504692E+00
  0.11690000E+01 -0.39985911E+00 -0.39985911E+00
  0.12305000E+01 -0.53213407E+00 -0.53213407E+00
  0.12920000E+01 -0.77968533E+00 -0.77968533E+00
  0.13535000E+01 -0.10247368E+01 -0.10247368E+01
  0.14151000E+01 -0.10892168E+01 -0.10892168E+01
  0.14766000E+01 -0.80941409E+00 -0.80941409E+00
  0.15381000E+01 -0.18621172E+00 -0.18621172E+00
  0.15996000E+01  0.55687731E+00  0.55687731E+00
  0.16612000E+01  0.10925250E+01  0.10925250E+01
  0.17227000E+01  0.13785842E+01  0.13785842E+01
  0.17842000E+01  0.14705239E+01  0.14705239E+01
  0.18457000E+01  0.13581600E+01  0.13581600E+01
  0.19073000E+01  0.11771832E+01  0.11771832E+01
  0.19688000E+01  0.10643592E+01  0.10643592E+01
  0.20303000E+01  0.10125586E+01  0.10125586E+01
  0.20918000E+01  0.92574659E+00  0.92574659E+00
  0.21534000E+01  0.80404713E+00  0.80404713E+00
  0.22149000E+01  0.71826069E+00  0.71826069E+00
  0.22764000E+01  0.66949790E+00  0.66949790E+00
  0.23379000E+01  0.60462583E+00  0.60462583E+00
  0.23995000E+01  0.51776456E+00  0.51776456E+00
  0.24610000E+01  0.46780669E+00  0.46780669E+00
  0.25225000E+01  0.53488771E+00  0.53488771E+00
  0.25840000E+01  0.69305594E+00  0.69305594E+00
  0.26456000E+01  0.80982075E+00  0.80982075E+00
  0.27071000E+01  0.82997469E+00  0.82997469E+00
  0.27686000E+01  0.79059735E+00  0.79059735E+00
  0.28301000E+01  0.70982926E+00  0.70982926E+00
  0.28917000E+01  0.59416557E+00  0.59416557E+00
  0.29532000E+01  0.46862254E+00  0.46862254E+00
  0.30147000E+01  0.38334078E+00  0.38334078E+00
  0.30762000E+01  0.32512175E+00  0.32512175E+00
  0.31378000E+01  0.24283507E+00  0.24283507E+00
  0.31993000E+01  0.16488285E+00  0.16488285E+00
  0.32608000E+01  0.13850875E+00  0.13850875E+00
  0.33223000E+01  0.12759441E+00  0.12759441E+00
  0.33839000E+01  0.66872454E-01  0.66872454E-01
  0.34454000E+01 -0.36816212E-01 -0.36816212E-01
  0.35069000E+01 -0.12638799E+00 -0.12638799E+00
  0.35684000E+01 -0.18763787E+00 -0.18763787E+00
  0.36300000E+01 -0.24830074E+00 -0.24830074E+00
  0.36915000E+01 -0.27335919E+00 -0.27335919E+00
  0.37530000E+01 -0.19245263E+00 -0.19245263E+00
  0.38145000E+01 -0.17801926E-02 -0.17801926E-02
  0.38761000E+01  0.19389974E+00  0.19389974E+00
  0.39376000E+01  0.29104451E+00  0.29104451E+00
  0.39991000E+01  0.26263961E+00  0.26263961E+00
  0.40606000E+01  0.16581646E+00  0.16581646E+00
  0.41222000E+01  0.67863471E-01  0.67863471E-01
  0.41837000E+01 -0.40901402E-01 -0.40901402E-01
  0.42452000E+01 -0.14616447E+00 -0.14616447E+00
  0.43067000E+01 -0.23872735E+00 -0.23872735E+00
  0.43683000E+01 -0.33809890E+00 -0.33809890E+00
  0.44298000E+01 -0.43207563E+00 -0.43207563E+00
  0.44913000E+01 -0.53474547E+00 -0.53474547E+00
  0.45528000E+01 -0.64702317E+00 -0.64702317E+00
  0.46144000E+01 -0.71774626E+00 -0.71774626E+00
  0.46759000E+01 -0.68618908E+00 -0.68618908E+00
  0.47374000E+01 -0.59930683E+00 -0.59930683E+00
  0.47989000E+01 -0.56912950E+00 -0.56912950E+00
  0.48605000E+01 -0.59774968E+00 -0.59774968E+00
  0.49220000E+01 -0.63802622E+00 -0.63802622E+00
  0.49835000E+01 -0.66392266E+00 -0.66392266E+00
  0.50450000E+01 -0.62993871E+00 -0.62993871E+00
  0.51066000E+01 -0.52734551E+00 -0.52734551E+00
  0.51681000E+01 -0.43622221E+00 -0.43622221E+00
  0.52296000E+01 -0.39394763E+00 -0.39394763E+00
  0.52911000E+01 -0.33105763E+00 -0.33105763E+00
  0.53527000E+01 -0.22659096E+00 -0.22659096E+00
  0.54142000E+01 -0.20876250E+00 -0.20876250E+00
  0.54757000E+01 -0.33141667E+00 -0.33141667E+00
  0.55372000E+01 -0.50426785E+00 -0.50426785E+00
  0.55988000E+01 -0.65025400E+00 -0.65025400E+00
  0.56603000E+01 -0.72462115E+00 -0.72462115E+00
  0.57218000E+01 -0.69699753E+00 -0.69699753E+00
  0.57833000E+01 -0.56986417E+00 -0.56986417E+00
  0.58449000E+01 -0.41447872E+00 -0.41447872E+00
  0.59064000E+01 -0.34260939E+00 -0.34260939E+00
  0.59679000E+01 -0.36648928E+00 -0.36648928E+00
  0.60294000E+01 -0.42188590E+00 -0.42188590E+00
  0.60910000E+01 -0.47481465E+00 -0.47481465E+00
  0.61525000E+01 -0.49020295E+00 -0.49020295E+00
  0.62140000E+01 -0.44855271E+00 -0.44855271E+00
  0.62755000E+01 -0.38113743E+00 -0.38113743E+00
  0.63371000E+01 -0.29467591E+00 -0.29467591E+00
  0.63986000E+01 -0.16315808E+00 -0.16315808E+00
  0.64601000E+01 -0.48497825E-01 -0.48497825E-01
  0.65216000E+01 -0.43082281E-01 -0.43082281E-01
  0.65832000E+01 -0.11462931E+00 -0.11462931E+00
  0.66447000E+01 -0.17729287E+00 -0.17729287E+00
  0.67062000E+01 -0.17056989E+00 -0.17056989E+00
  0.67677000E+01 -0.67416022E-01 -0.67416022E-01
  0.68293000E+01  0.29289016E-01  0.29289016E-01
  0.68908000E+01  0.14748663E-01  0.14748663E-01
  0.69523000E+01 -0.60472173E-01 -0.60472173E-01
  0.70138000E+01 -0.10649437E+00 -0.10649437E+00
  0.70754000E+01 -0.88926952E-01 -0.88926952E-01
  0.71369000E+01  0.84990954E-02  0.84990954E-02
  0.71984000E+01  0.14098014E+00  0.14098014E+00
  0.72599000E+01  0.24371167E+00  0.24371167E+00
  0.73215000E+01  0.31435275E+00  0.31435275E+00
  0.73830000E+01  0.36249870E+00  0.36249870E+00
  0.74445000E+01  0.39864376E+00  0.39864376E+00
  0.75060000E+01  0.41987470E+00  0.41987470E+00
  0.75676000E+01  0.37850407E+00  0.37850407E+00
  0.76291000E+01  0.24806388E+00  0.24806388E+00
  0.76906000E+01  0.12054538E+00  0.12054538E+00
  0.77521000E+01  0.12057370E+00  0.12057370E+00
  0.78137000E+01  0.25632964E+00  0.25632964E+00
  0.78752000E+01  0.39686736E+00  0.39686736E+00
  0.79367000E+01  0.46031605E+00  0.46031605E+00
  0.79982000E+01  0.55552687E+00  0.55552687E+00
  0.80598000E+01  0.71739657E+00  0.71739657E+00
  0.81213000E+01  0.82912517E+00  0.82912517E+00
  0.81828000E+01  0.87201205E+00  0.87201205E+00
  0.82443000E+01  0.88214808E+00  0.88214808E+00
  0.83059000E+01  0.86120433E+00  0.86120433E+00
  0.83674000E+01  0.81425770E+00  0.81425770E+00
  0.84289000E+01  0.75214890E+00  0.75214890E+00
  0.84904000E+01  0.67408499E+00  0.67408499E+00
  0.85520000E+01  0.59289087E+00  0.59289087E+00
  0.86135000E+01  0.55258972E+00  0.55258972E+00
  0.86750000E+01  0.54027121E+00  0.54027121E+00
  0.87365000E+01  0.50522694E+00  0.50522694E+00
  0.87981000E+01  0.44996026E+00  0.44996026E+00
  0.88596000E+01  0.38032066E+00  0.38032066E+00
  0.89211000E+01  0.29682146E+00  0.29682146E+00
  0.89826000E+01  0.22319308E+00  0.22319308E+00
  0.90442000E+01  0.15173214E+00  0.15173214E+00
  0.91057000E+01  0.67260083E-01  0.67260083E-01
  0.91672000E+01  0.11064438E-02  0.11064438E-02
  0.92287000E+01 -0.22574362E-01 -0.22574362E-01
  0.92903000E+01 -0.35208865E-01 -0.35208865E-01
  0.93518000E+01 -0.54780749E-01 -0.54780749E-01
  0.94133000E+01 -0.46430542E-01 -0.46430542E-01
  0.94748000E+01  0.15247598E-03  0.15247598E-03
  0.95364000E+01  0.47267926E-01  0.47267926E-01
  0.95979000E+01  0.71513591E-01  0.71513591E-01
  0.96594000E+01  0.82775371E-01  0.82775371E-01
  0.97209000E+01  0.76262751E-01  0.76262751E-01
  0.97825000E+01  0.58484401E-01  0.58484401E-01
  0.98440000E+01  0.33505288E-01  0.33505288E-01
  0.99055000E+01 -0.31881428E-02 -0.31881428E-02
  0.99670000E+01 -0.22936749E-01 -0.22936749E-01
  0.10028600E+02 -0.33084574E-02 -0.33084574E-02
  0.10090100E+02  0.38077611E-01  0.38077611E-01
  0.10151600E+02  0.74168881E-01  0.74168881E-01
  0.10213100E+02  0.10798274E+00  0.10798274E+00
  0.10274700E+02  0.12996400E+00  0.12996400E+00
  0.10336200E+02  0.11119716E+00  0.11119716E+00
  0.10397700E+02  0.64839605E-01  0.64839605E-01
  0.10459200E+02  0.14391165E-01  0.14391165E-01
  0.10520800E+02 -0.27597373E-01 -0.27597373E-01
  0.10582300E+02 -0.43681628E-01 -0.43681628E-01
  0.10643800E+02 -0.39481988E-01 -0.39481988E-01
  0.10705300E+02 -0.25669445E-01 -0.25669445E-01
  0.10766900E+02 -0.27636481E-01 -0.27636481E-01
  0.10828400E+02 -0.70487838E-01 -0.70487838E-01
  0.10889900E+02 -0.14037436E+00 -0.14037436E+00
  0.10951400E+02 -0.22126755E+00 -0.22126755E+00
  0.11013000E+02 -0.31281079E+00 -0.31281079E+00
  0.11074500E+02 -0.41248930E+00 -0.41248930E+00
  0.11136000E+02 -0.49139196E+00 -0.49139196E+00
  0.11197500E+02 -0.52347818E+00 -0.52347818E+00
  0.11259100E+02 -0.50135368E+00 -0.50135368E+00
  0.11320600E+02 -0.37146512E+00 -0.37146512E+00
  0.11382100E+02 -0.14452094E+00 -0.14452094E+00
  0.11443600E+02  0.21914976E-01  0.21914976E-01
  0.11505200E+02  0.89057525E-01  0.89057525E-01
  0.11566700E+02  0.14881932E+00  0.14881932E+00
  0.11628200E+02  0.19012428E+00  0.19012428E+00
  0.11689700E+02  0.15341178E+00  0.15341178E+00
  0.11751300E+02  0.60988367E-01  0.60988367E-01
  0.11812800E+02 -0.36404327E-01 -0.36404327E-01
  0.11874300E+02 -0.13529217E+00 -0.13529217E+00
  0.11935800E+02 -0.23318553E+00 -0.23318553E+00
  0.11997400E+02 -0.32242966E+00 -0.32242966E+00
  0.12058900E+02 -0.41616458E+00 -0.41616458E+00
  0.12120400E+02 -0.50576741E+00 -0.50576741E+00
  0.12181900E+02 -0.56322514E+00 -0.56322514E+00
  0.12243500E+02 -0.56794499E+00 -0.56794499E+00
  0.12305000E+02 -0.54644114E+00 -0.54644114E+00
  0.12366500E+02 -0.54439596E+00 -0.54439596E+00
  0.12428000E+02 -0.54780331E+00 -0.54780331E+00
  0.12489600E+02 -0.54458924E+00 -0.54458924E+00
  0.12551100E+02 -0.57201368E+00 -0.57201368E+00
  0.12612600E+02 -0.64128984E+00 -0.64128984E+00
  0.12674100E+02 -0.69499930E+00 -0.69499930E+00
  0.12735700E+02 -0.71528583E+00 -0.71528583E+00
  0.12797200E+02 -0.78258213E+00 -0.78258213E+00
  0.12858700E+02 -0.95954541E+00 -0.95954541E+00
  0.12920200E+02 -0.12084431E+01 -0.12084431E+01
  0.12981800E+02 -0.14095387E+01 -0.14095387E+01
  0.13043300E+02 -0.14333233E+01 -0.14333233E+01
  0.13104800E+02 -0.12964635E+01 -0.12964635E+01
  0.13166300E+02 -0.11327239E+01 -0.11327239E+01
  0.13227900E+02 -0.96410558E+00 -0.96410558E+00
  0.13289400E+02 -0.72606671E+00 -0.72606671E+00
  0.13350900E+02 -0.45914138E+00 -0.45914138E+00
  0.13412400E+02 -0.30239598E+00 -0.30239598E+00
  0.13474000E+02 -0.24935941E+00 -0.24935941E+00
  0.13535500E+02 -0.19397225E+00 -0.19397225E+00
  0.13597000E+02 -0.15470127E+00 -0.15470127E+00
  0.13658500E+02 -0.13320085E+00 -0.13320085E+00
  0.13720100E+02 -0.10079278E+00 -0.10079278E+00
  0.13781600E+02 -0.44356882E-03 -0.44356882E-03
  0.13843100E+02  0.23781137E+00  0.23781137E+00
  0.13904600E+02  0.51902019E+00  0.51902019E+00
  0.13966200E+02  0.72472295E+00  0.72472295E+00
  0.14027700E+02  0.82803209E+00  0.82803209E+00
  0.14089200E+02  0.83971142E+00  0.83971142E+00
  0.14150700E+02  0.78405462E+00  0.78405462E+00
  0.14212300E+02  0.70124195E+00  0.70124195E+00
  0.14273800E+02  0.64110744E+00  0.64110744E+00
  0.14335300E+02  0.62552946E+00  0.62552946E+00
  0.14396800E+02  0.64002897E+00  0.64002897E+00
  0.14458400E+02  0.64625762E+00  0.64625762E+00
  0.14519900E+02  0.62505579E+00  0.62505579E+00
  0.14581400E+02  0.58147614E+00  0.58147614E+00
  0.14642900E+02  0.52207179E+00  0.52207179E+00
  0.14704500E+02  0.47989871E+00  0.47989871E+00
  0.14766000E+02  0.47240079E+00  0.47240079E+00
  0.14827500E+02  0.46888017E+00  0.46888017E+00
  0.14889000E+02  0.45572979E+00  0.45572979E+00
  0.14950600E+02  0.43259320E+00  0.43259320E+00
  0.15012100E+02  0.40248326E+00  0.40248326E+00
  0.15073600E+02  0.37732743E+00  0.37732743E+00
  0.15135100E+02  0.36023412E+00  0.36023412E+00
  0.15196700E+02  0.33015238E+00  0.33015238E+00
  0.15258200E+02  0.27980084E+00  0.27980084E+00
  0.15319700E+02  0.23741487E+00  0.23741487E+00
  0.15381200E+02  0.18663493E+00  0.18663493E+00
  0.15442800E+02  0.12773813E+00  0.12773813E+00
  0.15504300E+02  0.82836477E-01  0.82836477E-01
  0.15565800E+02  0.46341976E-01  0.46341976E-01
  0.15627300E+02  0.55075626E-01  0.55075626E-01
  0.15688900E+02  0.16259595E+00  0.16259595E+00
  0.15750400E+02  0.33128254E+00  0.33128254E+00
  0.15811900E+02  0.52609110E+00  0.52609110E+00
  0.15873400E+02  0.76148843E+00  0.76148843E+00
  0.15935000E+02  0.92574344E+00  0.92574344E+00
  0.15996500E+02  0.94489070E+00  0.94489070E+00
  0.16058000E+02  0.89567693E+00  0.89567693E+00
  0.16119500E+02  0.83153153E+00  0.83153153E+00
  0.16181100E+02  0.74461112E+00  0.74461112E+00
  0.16242600E+02  0.64628373E+00  0.64628373E+00
  0.16304100E+02  0.58772779E+00  0.58772779E+00
  0.16365600E+02  0.59652893E+00  0.59652893E+00
  0.16427200E+02  0.62177354E+00  0.62177354E+00
  0.16488700E+02  0.59026931E+00  0.59026931E+00
  0.16550200E+02  0.50338054E+00  0.50338054E+00
  0.16611700E+02  0.40620584E+00  0.40620584E+00
  0.16673300E+02  0.31044616E+00  0.31044616E+00
  0.16734800E+02  0.21019617E+00  0.21019617E+00
  0.16796300E+02  0.11339058E+00  0.11339058E+00
  0.16857800E+02  0.26315038E-01  0.26315038E-01
  0.16919400E+02 -0.12933318E-01 -0.12933318E-01
  0.16980900E+02  0.13800139E-01  0.13800139E-01
  0.17042400E+02  0.45938514E-01  0.45938514E-01
  0.17103900E+02  0.27937823E-01  0.27937823E-01
  0.17165500E+02 -0.42264843E-01 -0.42264843E-01
  0.17227000E+02 -0.14651633E+00 -0.14651633E+00
  0.17288500E+02 -0.26250078E+00 -0.26250078E+00
  0.17350000E+02 -0.37134920E+00 -0.37134920E+00
  0.17411600E+02 -0.47311980E+00 -0.47311980E+00
  0.17473100E+02 -0.56898988E+00 -0.56898988E+00
  0.17534600E+02 -0.66354781E+00 -0.66354781E+00
  0.17596100E+02 -0.79047006E+00 -0.79047006E+00
  0.17657700E+02 -0.94156972E+00 -0.94156972E+00
  0.17719200E+02 -0.10446521E+01 -0.10446521E+01
  0.17780700E+02 -0.10668771E+01 -0.10668771E+01
  0.17842200E+02 -0.10378343E+01 -0.10378343E+01
  0.17903700E+02 -0.99675288E+00 -0.99675288E+00
  0.17965300E+02 -0.98182374E+00 -0.98182374E+00
  0.18026800E+02 -0.97082476E+00 -0.97082476E+00
  0.18088300E+02 -0.92217703E+00 -0.92217703E+00
  0.18149800E+02 -0.82673510E+00 -0.82673510E+00
  0.18211400E+02 -0.67567809E+00 -0.67567809E+00
  0.18272900E+02 -0.51813718E+00 -0.51813718E+00
  0.18334400E+02 -0.39020583E+00 -0.39020583E+00
  0.18395900E+02 -0.30077804E+00 -0.30077804E+00
  0.18457500E+02 -0.29718121E+00 -0.29718121E+00
  0.18519000E+02 -0.35315654E+00 -0.35315654E+00
  0.18580500E+02 -0.39021080E+00 -0.39021080E+00
  0.18642000E+02 -0.38130230E+00 -0.38130230E+00
  0.18703600E+02 -0.34900153E+00 -0.34900153E+00
  0.18765100E+02 -0.32010180E+00 -0.32010180E+00
  0.18826600E+02 -0.28464270E+00 -0.28464270E+00
  0.18888100E+02 -0.26429517E+00 -0.26429517E+00
  0.18949700E+02 -0.24381037E+00 -0.24381037E+00
  0.19011200E+02 -0.13951013E+00 -0.13951013E+00
  0.19072700E+02  0.34376493E-01  0.34376493E-01
  0.19134200E+02  0.16427675E+00  0.16427675E+00
  0.19195800E+02  0.22226362E+00  0.22226362E+00
  0.19257300E+02  0.27596925E+00  0.27596925E+00
  0.19318800E+02  0.39234749E+00  0.39234749E+00
  0.19380300E+02  0.59834776E+00  0.59834776E+00
  0.19441900E+02  0.82301620E+00  0.82301620E+00
  0.19503400E+02  0.97533282E+00  0.97533282E+00
  0.19564900E+02  0.10364989E+01  0.10364989E+01
  0.19626400E+02  0.10487585E+01  0.10487585E+01
  0.19688000E+02  0.10780306E+01  0.10780306E+01
  0.19749500E+02  0.11565636E+01  0.11565636E+01
  0.19811000E+02  0.12770106E+01  0.12770106E+01
  0.19872500E+02  0.13556491E+01  0.13556491E+01
  0.19934100E+02  0.13309797E+01  0.13309797E+01
  0.19995600E+02  0.12568923E+01  0.12568923E+01
  0.20057100E+02  0.11847446E+01  0.11847446E+01
  0.20118600E+02  0.11347943E+01  0.11347943E+01
  0.20180200E+02  0.11108270E+01  0.11108270E+01
  0.20241700E+02  0.11046028E+01  0.11046028E+01
  0.20303200E+02  0.11208650E+01  0.11208650E+01
  0.20364700E+02  0.11381884E+01  0.11381884E+01
  0.20426300E+02  0.11074448E+01  0.11074448E+01
  0.20487800E+02  0.10290121E+01  0.10290121E+01
  0.20549300E+02  0.93090809E+00  0.93090809E+00
  0.20610800E+02  0.84297819E+00  0.84297819E+00
  0.20672400E+02  0.78628118E+00  0.78628118E+00
  0.20733900E+02  0.74691206E+00  0.74691206E+00
  0.20795400E+02  0.72051443E+00  0.72051443E+00
  0.20856900E+02  0.71828187E+00  0.71828187E+00
  0.20918500E+02  0.74211638E+00  0.74211638E+00
  0.20980000E+02  0.80490219E+00  0.80490219E+00
  0.21041500E+02  0.88057211E+00  0.88057211E+00
  0.21103000E+02  0.91388021E+00  0.91388021E+00
  0.21164600E+02  0.90224274E+00  0.90224274E+00
  0.21226100E+02  0.86558195E+00  0.86558195E+00
  0.21287600E+02  0.83605892E+00  0.83605892E+00
  0.21349100E+02  0.83383615E+00  0.83383615E+00
  0.21410700E+02  0.83193510E+00  0.83193510E+00
  0.21472200E+02  0.81842956E+00  0.81842956E+00
  0.21533700E+02  0.80032798E+00  0.80032798E+00
  0.21595200E+02  0.77394272E+00  0.77394272E+00
  0.21656800E+02  0.73973022E+00  0.73973022E+00
  0.21718300E+02  0.68119122E+00  0.68119122E+00
  0.21779800E+02  0.58796001E+00  0.58796001E+00
  0.21841300E+02  0.49137949E+00  0.49137949E+00
  0.21902900E+02  0.40834668E+00  0.40834668E+00
  0.21964400E+02  0.31670778E+00  0.31670778E+00
  0.22025900E+02  0.20788974E+00  0.20788974E+00
  0.22087400E+02  0.13062711E+00  0.13062711E+00
  0.22149000E+02  0.10158518E+00  0.10158518E+00
  0.22210500E+02  0.70234786E-01  0.70234786E-01
  0.22272000E+02  0.25447724E-01  0.25447724E-01
  0.22333500E+02  0.34143793E-02  0.34143793E-02
  0.22395100E+02  0.20903181E-01  0.20903181E-01
  0.22456600E+02  0.11185001E+00  0.11185001E+00
  0.22518100E+02  0.27196550E+00  0.27196550E+00
  0.22579600E+02  0.45693625E+00  0.45693625E+00
  0.22641200E+02  0.67570581E+00  0.67570581E+00
  0.22702700E+02  0.92269094E+00  0.92269094E+00
  0.22764200E+02  0.11871232E+01  0.11871232E+01
  0.22825700E+02  0.14241354E+01  0.14241354E+01
  0.22887300E+02  0.15530235E+01  0.15530235E+01
  0.22948800E+02  0.15708611E+01  0.15708611E+01
  0.23010300E+02  0.15004554E+01  0.15004554E+01
  0.23071800E+02  0.13713584E+01  0.13713584E+01
  0.23133400E+02  0.12568206E+01  0.12568206E+01
  0.23194900E+02  0.12166758E+01  0.12166758E+01
  0.23256400E+02  0.12292582E+01  0.12292582E+01
  0.23317900E+02  0.12330718E+01  0.12330718E+01
  0.23379500E+02  0.12146954E+01  0.12146954E+01
  0.23441000E+02  0.11767725E+01  0.11767725E+01
  0.23502500E+02  0.11242614E+01  0.11242614E+01
  0.23564000E+02  0.11084324E+01  0.11084324E+01
  0.23625600E+02  0.11457383E+01  0.11457383E+01
  0.23687100E+02  0.11864587E+01  0.11864587E+01
  0.23748600E+02  0.12097948E+01  0.12097948E+01
  0.23810100E+02  0.12458804E+01  0.12458804E+01
  0.23871700E+02  0.13067280E+01  0.13067280E+01
  0.23933200E+02  0.13794218E+01  0.13794218E+01
  0.23994700E+02  0.14484175E+01  0.14484175E+01
  0.24056200E+02  0.14935529E+01  0.14935529E+01
  0.24117800E+02  0.15260985E+01  0.15260985E+01
  0.24179300E+02  0.15724033E+01  0.15724033E+01
  0.24240800E+02  0.16563736E+01  0.16563736E+01
  0.24302300E+02  0.17794679E+01  0.17794679E+01
  0.24363900E+02  0.18902329E+01  0.18902329E+01
  0.24425400E+02  0.19455141E+01  0.19455141E+01
  0.24486900E+02  0.19594761E+01  0.19594761E+01
  0.24548400E+02  0.19624222E+01  0.19624222E+01
  0.24610000E+02  0.19600197E+01  0.19600197E+01
  0.24671500E+02  0.19518157E+01  0.19518157E+01
  0.24733000E+02  0.19337948E+01  0.19337948E+01
  0.24794500E+02  0.19040886E+01  0.19040886E+01
  0.24856100E+02  0.18770189E+01  0.18770189E+01
  0.24917600E+02  0.18525910E+01  0.18525910E+01
  0.24979100E+02  0.18322405E+01  0.18322405E+01
  0.25040600E+02  0.18250654E+01  0.18250654E+01
  0.25102200E+02  0.18192540E+01  0.18192540E+01
  0.25163700E+02  0.17955668E+01  0.17955668E+01
  0.25225200E+02  0.17553013E+01  0.17553013E+01
  0.25286700E+02  0.17091210E+01  0.17091210E+01
  0.25348300E+02  0.16702485E+01  0.16702485E+01
  0.25409800E+02  0.16383164E+01  0.16383164E+01
  0.25471300E+02  0.15969872E+01  0.15969872E+01
  0.25532800E+02  0.15488650E+01  0.15488650E+01
  0.25594400E+02  0.15046171E+01  0.15046171E+01
  0.25655900E+02  0.14640549E+01  0.14640549E+01
  0.25717400E+02  0.14172798E+01  0.14172798E+01
  0.25778900E+02  0.13603078E+01  0.13603078E+01
  0.25840500E+02  0.13047161E+01  0.13047161E+01
  0.25902000E+02  0.12496728E+01  0.12496728E+01
  0.25963500E+02  0.11853700E+01  0.11853700E+01
  0.26025000E+02  0.11171887E+01  0.11171887E+01
  0.26086600E+02  0.10543433E+01  0.10543433E+01
  0.26148100E+02  0.99370954E+00  0.99370954E+00
  0.26209600E+02  0.92666300E+00  0.92666300E+00
  0.26271100E+02  0.86098195E+00  0.86098195E+00
  0.26332700E+02  0.79795258E+00  0.79795258E+00
  0.26394200E+02  0.71826298E+00  0.71826298E+00
  0.26455700E+02  0.62180211E+00  0.62180211E+00
  0.26517200E+02  0.54046084E+00  0.54046084E+00
  0.26578800E+02  0.51220317E+00  0.51220317E+00
  0.26640300E+02  0.53418111E+00  0.53418111E+00
  0.26701800E+02  0.56893139E+00  0.56893139E+00
  0.26763300E+02  0.58467009E+00  0.58467009E+00
  0.26824900E+02  0.58623164E+00  0.58623164E+00
  0.26886400E+02  0.61180559E+00  0.61180559E+00
  0.26947900E+02  0.69061458E+00  0.69061458E+00
  0.27009400E+02  0.81650248E+00  0.81650248E+00
  0.27071000E+02  0.94034610E+00  0.94034610E+00
  0.27132500E+02  0.10171474E+01  0.10171474E+01
  0.27194000E+02  0.10450541E+01  0.10450541E+01
  0.27255500E+02  0.10237322E+01  0.10237322E+01
  0.27317100E+02  0.97307316E+00  0.97307316E+00
  0.27378600E+02  0.94287991E+00  0.94287991E+00
  0.27440100E+02  0.93638692E+00  0.93638692E+00
  0.27501600E+02  0.93383853E+00  0.93383853E+00
  0.27563200E+02  0.93149452E+00  0.93149452E+00
  0.27624700E+02  0.92757137E+00  0.92757137E+00
  0.27686200E+02  0.91894323E+00  0.91894323E+00
  0.27747700E+02  0.89955068E+00  0.89955068E+00
  0.27809300E+02  0.85768982E+00  0.85768982E+00
  0.27870800E+02  0.80554006E+00  0.80554006E+00
  0.27932300E+02  0.78304410E+00  0.78304410E+00
  0.27993800E+02  0.81562731E+00  0.81562731E+00
  0.28055400E+02  0.90072193E+00  0.90072193E+00
  0.28116900E+02  0.10056355E+01  0.10056355E+01
  0.28178400E+02  0.11060111E+01  0.11060111E+01
  0.28239900E+02  0.11872736E+01  0.11872736E+01
  0.28301500E+02  0.12301708E+01  0.12301708E+01
  0.28363000E+02  0.12239434E+01  0.12239434E+01
  0.28424500E+02  0.11936624E+01  0.11936624E+01
  0.28486000E+02  0.12024337E+01  0.12024337E+01
  0.28547600E+02  0.12606226E+01  0.12606226E+01
  0.28609100E+02  0.13167448E+01  0.13167448E+01
  0.28670600E+02  0.13458746E+01  0.13458746E+01
  0.28732100E+02  0.13755796E+01  0.13755796E+01
  0.28793700E+02  0.14341332E+01  0.14341332E+01
  0.28855200E+02  0.15249606E+01  0.15249606E+01
  0.28916700E+02  0.16347760E+01  0.16347760E+01
  0.28978200E+02  0.17375833E+01  0.17375833E+01
  0.29039800E+02  0.18394165E+01  0.18394165E+01
  0.29101300E+02  0.19435327E+01  0.19435327E+01
  0.29162800E+02  0.19861235E+01  0.19861235E+01
  0.29224300E+02  0.19543340E+01  0.19543340E+01
  0.29285900E+02  0.19009558E+01  0.19009558E+01
  0.29347400E+02  0.18503992E+01  0.18503992E+01
  0.29408900E+02  0.18024537E+01  0.18024537E+01
  0.29470400E+02  0.17564256E+01  0.17564256E+01
  0.29532000E+02  0.17325323E+01  0.17325323E+01
  0.29593500E+02  0.17354259E+01  0.17354259E+01
  0.29655000E+02  0.17469067E+01  0.17469067E+01
  0.29716500E+02  0.17522033E+01  0.17522033E+01
  0.29778100E+02  0.17383442E+01  0.17383442E+01
  0.29839600E+02  0.17124019E+01  0.17124019E+01
  0.29901100E+02  0.16759923E+01  0.16759923E+01
  0.29962600E+02  0.16244707E+01  0.16244707E+01
  0.30024200E+02  0.15654811E+01  0.15654811E+01
  0.30085700E+02  0.15127669E+01  0.15127669E+01
  0.30147200E+02  0.14869927E+01  0.14869927E+01
  0.30208700E+02  0.14793310E+01  0.14793310E+01
  0.30270300E+02  0.14621315E+01  0.14621315E+01
  0.30331800E+02  0.14416722E+01  0.14416722E+01
  0.30393300E+02  0.14301665E+01  0.14301665E+01
  0.30454800E+02  0.14205628E+01  0.14205628E+01
  0.30516400E+02  0.14106677E+01  0.14106677E+01
  0.30577900E+02  0.14009625E+01  0.14009625E+01
  0.30639400E+02  0.13916999E+01  0.13916999E+01
  0.30700900E+02  0.13821417E+01  0.13821417E+01
  0.30762500E+02  0.13700633E+01  0.13700633E+01
  0.30824000E+02  0.13527125E+01  0.13527125E+01
  0.30885500E+02  0.13372697E+01  0.13372697E+01
  0.30947000E+02  0.13302211E+01  0.13302211E+01
  0.31008600E+02  0.13268807E+01  0.13268807E+01
  0.31070100E+02  0.13192622E+01  0.13192622E+01
  0.31131600E+02  0.13030863E+01  0.13030863E+01
  0.31193100E+02  0.12830712E+01  0.12830712E+01
  0.31254700E+02  0.12591988E+01  0.12591988E+01
  0.31316200E+02  0.12284148E+01  0.12284148E+01
  0.31377700E+02  0.11921982E+01  0.11921982E+01
  0.31439200E+02  0.11527945E+01  0.11527945E+01
  0.31500800E+02  0.11112033E+01  0.11112033E+01
  0.31562300E+02  0.10671515E+01  0.10671515E+01
  0.31623800E+02  0.10196116E+01  0.10196116E+01
  0.31685300E+02  0.96575991E+00  0.96575991E+00
  0.31746900E+02  0.91194977E+00  0.91194977E+00
  0.31808400E+02  0.86867043E+00  0.86867043E+00
  0.31869900E+02  0.84419331E+00  0.84419331E+00
  0.31931400E+02  0.84864863E+00  0.84864863E+00
  0.31993000E+02  0.87113748E+00  0.87113748E+00
  0.32054500E+02  0.88880330E+00  0.88880330E+00
  0.32116000E+02  0.90265421E+00  0.90265421E+00
  0.32177500E+02  0.92302446E+00  0.92302446E+00
  0.32239100E+02  0.94969470E+00  0.94969470E+00
  0.32300600E+02  0.98295467E+00  0.98295467E+00
  0.32362100E+02  0.10074809E+01  0.10074809E+01
  0.32423600E+02  0.10101781E+01  0.10101781E+01
  0.32485200E+02  0.99301593E+00  0.99301593E+00
  0.32546700E+02  0.96451738E+00  0.96451738E+00
  0.32608200E+02  0.93879019E+00  0.93879019E+00
  0.32669700E+02  0.91269620E+00  0.91269620E+00
  0.32731300E+02  0.88491980E+00  0.88491980E+00
  0.32792800E+02  0.86600112E+00  0.86600112E+00
  0.32854300E+02  0.85572909E+00  0.85572909E+00
  0.32915800E+02  0.84832591E+00  0.84832591E+00
  0.32977400E+02  0.85097490E+00  0.85097490E+00
  0.33038900E+02  0.87143682E+00  0.87143682E+00
  0.33100400E+02  0.89782847E+00  0.89782847E+00
  0.33161900E+02  0.90883580E+00  0.90883580E+00
  0.33223500E+02  0.90410811E+00  0.90410811E+00
  0.33285000E+02  0.89372961E+00  0.89372961E+00
  0.33346500E+02  0.88545313E+00  0.88545313E+00
  0.33408000E+02  0.88278512E+00  0.88278512E+00
  0.33469600E+02  0.87283255E+00  0.87283255E+00
  0.33531100E+02  0.84502768E+00  0.84502768E+00
  0.33592600E+02  0.81089804E+00  0.81089804E+00
  0.33654100E+02  0.77799174E+00  0.77799174E+00
  0.33715700E+02  0.74089260E+00  0.74089260E+00
  0.33777200E+02  0.69821492E+00  0.69821492E+00
  0.33838700E+02  0.65701059E+00  0.65701059E+00
  0.33900200E+02  0.62056180E+00  0.62056180E+00
  0.33961800E+02  0.59299607E+00  0.59299607E+00
  0.34023300E+02  0.58229801E+00  0.58229801E+00
  0.34084800E+02  0.58335056E+00  0.58335056E+00
  0.34146300E+02  0.58193032E+00  0.58193032E+00
  0.34207900E+02  0.56508885E+00  0.56508885E+00
  0.34269400E+02  0.54183922E+00  0.54183922E+00
  0.34330900E+02  0.53120952E+00  0.53120952E+00
  0.34392400E+02  0.52773337E+00  0.52773337E+00
  0.34454000E+02  0.50899522E+00  0.50899522E+00
  0.34515500E+02  0.46935587E+00  0.46935587E+00
  0.34577000E+02  0.42206007E+00  0.42206007E+00
  0.34638500E+02  0.37431434E+00  0.37431434E+00
  0.34700100E+02  0.33365682E+00  0.33365682E+00
  0.34761600E+02  0.30963408E+00  0.30963408E+00
  0.34823100E+02  0.28972725E+00  0.28972725E+00
  0.34884600E+02  0.25627480E+00  0.25627480E+00
  0.34946200E+02  0.22101609E+00  0.22101609E+00
  0.35007700E+02  0.21774312E+00  0.21774312E+00
  0.35069200E+02  0.24606153E+00  0.24606153E+00
  0.35130700E+02  0.27645665E+00  0.27645665E+00
  0.35192300E+02  0.29393167E+00  0.29393167E+00
  0.35253800E+02  0.30579197E+00  0.30579197E+00
  0.35315300E+02  0.30774623E+00  0.30774623E+00
  0.35376800E+02  0.27896261E+00  0.27896261E+00
  0.35438400E+02  0.23353898E+00  0.23353898E+00
  0.35499900E+02  0.22251842E+00  0.22251842E+00
  0.35561400E+02  0.27784300E+00  0.27784300E+00
  0.35622900E+02  0.38781843E+00  0.38781843E+00
  0.35684400E+02  0.52401371E+00  0.52401371E+00
  0.35746000E+02  0.64888528E+00  0.64888528E+00
  0.35807500E+02  0.72721818E+00  0.72721818E+00
  0.35869000E+02  0.75357680E+00  0.75357680E+00
  0.35930500E+02  0.74793020E+00  0.74793020E+00
  0.35992100E+02  0.73154646E+00  0.73154646E+00
  0.36053600E+02  0.70059519E+00  0.70059519E+00
  0.36115100E+02  0.65994438E+00  0.65994438E+00
  0.36176600E+02  0.62497288E+00  0.62497288E+00
  0.36238200E+02  0.59746154E+00  0.59746154E+00
  0.36299700E+02  0.56634650E+00  0.56634650E+00
  0.36361200E+02  0.53102653E+00  0.53102653E+00
  0.36422700E+02  0.51727111E+00  0.51727111E+00
  0.36484300E+02  0.53781494E+00  0.53781494E+00
  0.36545800E+02  0.58547737E+00  0.58547737E+00
  0.36607300E+02  0.65185423E+00  0.65185423E+00
  0.36668800E+02  0.71166463E+00  0.71166463E+00
  0.36730400E+02  0.73118409E+00  0.73118409E+00
  0.36791900E+02  0.71316561E+00  0.71316561E+00
  0.36853400E+02  0.68618670E+00  0.68618670E+00
  0.36914900E+02  0.65228202E+00  0.65228202E+00
  0.36976500E+02  0.61736966E+00  0.61736966E+00
  0.37038000E+02  0.59872700E+00  0.59872700E+00
  0.37099500E+02  0.57852643E+00  0.57852643E+00
  0.37161000E+02  0.54091290E+00  0.54091290E+00
  0.37222600E+02  0.49239076E+00  0.49239076E+00
  0.37284100E+02  0.43320378E+00  0.43320378E+00
  0.37345600E+02  0.37742482E+00  0.37742482E+00
  0.37407100E+02  0.34313125E+00  0.34313125E+00
  0.37468700E+02  0.31505494E+00  0.31505494E+00
  0.37530200E+02  0.27873016E+00  0.27873016E+00
  0.37591700E+02  0.23895737E+00  0.23895737E+00
  0.37653200E+02  0.20995997E+00  0.20995997E+00
  0.37714800E+02  0.20848265E+00  0.20848265E+00
  0.37776300E+02  0.23192381E+00  0.23192381E+00
  0.37837800E+02  0.27096754E+00  0.27096754E+00
  0.37899300E+02  0.30800229E+00  0.30800229E+00
  0.37960900E+02  0.32102629E+00  0.32102629E+00
  0.38022400E+02  0.33041873E+00  0.33041873E+00
  0.38083900E+02  0.36588712E+00  0.36588712E+00
  0.38145400E+02  0.43799336E+00  0.43799336E+00
  0.38207000E+02  0.53492582E+00  0.53492582E+00
  0.38268500E+02  0.65310572E+00  0.65310572E+00
  0.38330000E+02  0.79602774E+00  0.79602774E+00
  0.38391500E+02  0.91901675E+00  0.91901675E+00
  0.38453100E+02  0.99598710E+00  0.99598710E+00
  0.38514600E+02  0.10762956E+01  0.10762956E+01
  0.38576100E+02  0.11875849E+01  0.11875849E+01
  0.38637600E+02  0.12995345E+01  0.12995345E+01
  0.38699200E+02  0.13645069E+01  0.13645069E+01
  0.38760700E+02  0.13601258E+01  0.13601258E+01
  0.38822200E+02  0.13023071E+01  0.13023071E+01
  0.38883700E+02  0.12161398E+01  0.12161398E+01
  0.38945300E+02  0.11303230E+01  0.11303230E+01
  0.39006800E+02  0.10536419E+01  0.10536419E+01
  0.39068300E+02  0.98017135E+00  0.98017135E+00
  0.39129800E+02  0.90740879E+00  0.90740879E+00
  0.39191400E+02  0.82590036E+00  0.82590036E+00
  0.39252900E+02  0.74634022E+00  0.74634022E+00
  0.39314400E+02  0.67570056E+00  0.67570056E+00
  0.39375900E+02  0.59533121E+00  0.59533121E+00
  0.39437500E+02  0.51502614E+00  0.51502614E+00
  0.39499000E+02  0.46338823E+00  0.46338823E+00
  0.39560500E+02  0.44501057E+00  0.44501057E+00
  0.39622000E+02  0.45175984E+00  0.45175984E+00
  0.39683600E+02  0.49397248E+00  0.49397248E+00
  0.39745100E+02  0.58812102E+00  0.58812102E+00
  0.39806600E+02  0.73508770E+00  0.73508770E+00
  0.39868100E+02  0.90752765E+00  0.90752765E+00
  0.39929700E+02  0.10493337E+01  0.10493337E+01
  0.39991200E+02  0.11423368E+01  0.11423368E+01
  0.40052700E+02  0.12027485E+01  0.12027485E+01
  0.40114200E+02  0.12242845E+01  0.12242845E+01
  0.40175800E+02  0.12074149E+01  0.12074149E+01
  0.40237300E+02  0.11623172E+01  0.11623172E+01
  0.40298800E+02  0.10924322E+01  0.10924322E+01
  0.40360300E+02  0.10109621E+01  0.10109621E+01
  0.40421900E+02  0.93119246E+00  0.93119246E+00
  0.40483400E+02  0.86355119E+00  0.86355119E+00
  0.40544900E+02  0.82669293E+00  0.82669293E+00
  0.40606400E+02  0.82141218E+00  0.82141218E+00
  0.40668000E+02  0.83869258E+00  0.83869258E+00
  0.40729500E+02  0.89370790E+00  0.89370790E+00
  0.40791000E+02  0.97612783E+00  0.97612783E+00
  0.40852500E+02  0.10364396E+01  0.10364396E+01
  0.40914100E+02  0.10699359E+01  0.10699359E+01
  0.40975600E+02  0.11018771E+01  0.11018771E+01
  0.41037100E+02  0.11368811E+01  0.11368811E+01
  0.41098600E+02  0.11676861E+01  0.11676861E+01
  0.41160200E+02  0.11806968E+01  0.11806968E+01
  0.41221700E+02  0.11675351E+01  0.11675351E+01
  0.41283200E+02  0.11423703E+01  0.11423703E+01
  0.41344700E+02  0.11244442E+01  0.11244442E+01
  0.41406300E+02  0.11251200E+01  0.11251200E+01
  0.41467800E+02  0.11321298E+01  0.11321298E+01
  0.41529300E+02  0.11227815E+01  0.11227815E+01
  0.41590800E+02  0.10956638E+01  0.10956638E+01
  0.41652400E+02  0.10604199E+01  0.10604199E+01
  0.41713900E+02  0.10243932E+01  0.10243932E+01
  0.41775400E+02  0.99161711E+00  0.99161711E+00
  0.41836900E+02  0.97691839E+00  0.97691839E+00
  0.41898500E+02  0.98375090E+00  0.98375090E+00
  0.41960000E+02  0.98587013E+00  0.98587013E+00
  0.42021500E+02  0.96567532E+00  0.96567532E+00
  0.42083000E+02  0.94203100E+00  0.94203100E+00
  0.42144600E+02  0.93900147E+00  0.93900147E+00
  0.42206100E+02  0.95463521E+00  0.95463521E+00
  0.42267600E+02  0.96452879E+00  0.96452879E+00
  0.42329100E+02  0.95912026E+00  0.95912026E+00
  0.42390700E+02  0.94891889E+00  0.94891889E+00
  0.42452200E+02  0.92706764E+00  0.92706764E+00
  0.42513700E+02  0.89728121E+00  0.89728121E+00
  0.42575200E+02  0.87254336E+00  0.87254336E+00
  0.42636800E+02  0.85562296E+00  0.85562296E+00
  0.42698300E+02  0.85032934E+00  0.85032934E+00
  0.42759800E+02  0.83572724E+00  0.83572724E+00
  0.42821300E+02  0.79110314E+00  0.79110314E+00
  0.42882900E+02  0.73599757E+00  0.73599757E+00
  0.42944400E+02  0.69213190E+00  0.69213190E+00
  0.43005900E+02  0.65021382E+00  0.65021382E+00
  0.43067400E+02  0.60921264E+00  0.60921264E+00
  0.43129000E+02  0.58613873E+00  0.58613873E+00
  0.43190500E+02  0.56681792E+00  0.56681792E+00
  0.43252000E+02  0.53734705E+00  0.53734705E+00
  0.43313500E+02  0.55344588E+00  0.55344588E+00
  0.43375100E+02  0.64986260E+00  0.64986260E+00
  0.43436600E+02  0.78429610E+00  0.78429610E+00
  0.43498100E+02  0.93380779E+00  0.93380779E+00
  0.43559600E+02  0.11040680E+01  0.11040680E+01
  0.43621200E+02  0.12649803E+01  0.12649803E+01
  0.43682700E+02  0.14031412E+01  0.14031412E+01
  0.43744200E+02  0.15159914E+01  0.15159914E+01
  0.43805700E+02  0.15702894E+01  0.15702894E+01
  0.43867300E+02  0.15763803E+01  0.15763803E+01
  0.43928800E+02  0.15626842E+01  0.15626842E+01
  0.43990300E+02  0.15209805E+01  0.15209805E+01
  0.44051800E+02  0.14603678E+01  0.14603678E+01
  0.44113400E+02  0.14269145E+01  0.14269145E+01
  0.44174900E+02  0.14200176E+01  0.14200176E+01
  0.44236400E+02  0.14145198E+01  0.14145198E+01
  0.44297900E+02  0.14079318E+01  0.14079318E+01
  0.44359500E+02  0.13888305E+01  0.13888305E+01
  0.44421000E+02  0.13614468E+01  0.13614468E+01
  0.44482500E+02  0.13472251E+01  0.13472251E+01
  0.44544000E+02  0.13659335E+01  0.13659335E+01
  0.44605600E+02  0.14173526E+01  0.14173526E+01
  0.44667100E+02  0.14599200E+01  0.14599200E+01
  0.44728600E+02  0.14734470E+01  0.14734470E+01
  0.44790100E+02  0.14743917E+01  0.14743917E+01
  0.44851700E+02  0.14681189E+01  0.14681189E+01
  0.44913200E+02  0.14470030E+01  0.14470030E+01
  0.44974700E+02  0.14062821E+01  0.14062821E+01
  0.45036200E+02  0.13560225E+01  0.13560225E+01
  0.45097800E+02  0.13103407E+01  0.13103407E+01
  0.45159300E+02  0.12786976E+01  0.12786976E+01
  0.45220800E+02  0.12498744E+01  0.12498744E+01
  0.45282300E+02  0.12125877E+01  0.12125877E+01
  0.45343900E+02  0.11828598E+01  0.11828598E+01
  0.45405400E+02  0.11596203E+01  0.11596203E+01
  0.45466900E+02  0.11428987E+01  0.11428987E+01
  0.45528400E+02  0.11371179E+01  0.11371179E+01
  0.45590000E+02  0.11346212E+01  0.11346212E+01
  0.45651500E+02  0.11457024E+01  0.11457024E+01
  0.45713000E+02  0.11807179E+01  0.11807179E+01
  0.45774500E+02  0.12224532E+01  0.12224532E+01
  0.45836100E+02  0.12480713E+01  0.12480713E+01
  0.45897600E+02  0.12541776E+01  0.12541776E+01
  0.45959100E+02  0.12514205E+01  0.12514205E+01
  0.46020600E+02  0.12512435E+01  0.12512435E+01
  0.46082200E+02  0.12655254E+01  0.12655254E+01
  0.46143700E+02  0.12954324E+01  0.12954324E+01
  0.46205200E+02  0.13324786E+01  0.13324786E+01
  0.46266700E+02  0.13543553E+01  0.13543553E+01
  0.46328300E+02  0.13501940E+01  0.13501940E+01
  0.46389800E+02  0.13441477E+01  0.13441477E+01
  0.46451300E+02  0.13474247E+01  0.13474247E+01
  0.46512800E+02  0.13503315E+01  0.13503315E+01
  0.46574400E+02  0.13491218E+01  0.13491218E+01
  0.46635900E+02  0.13430230E+01  0.13430230E+01
  0.46697400E+02  0.13233765E+01  0.13233765E+01
  0.46758900E+02  0.12878716E+01  0.12878716E+01
  0.46820500E+02  0.12594293E+01  0.12594293E+01
  0.46882000E+02  0.12561796E+01  0.12561796E+01
  0.46943500E+02  0.12616047E+01  0.12616047E+01
  0.47005000E+02  0.12640140E+01  0.12640140E+01
  0.47066600E+02  0.12758958E+01  0.12758958E+01
  0.47128100E+02  0.13060038E+01  0.13060038E+01
  0.47189600E+02  0.13536526E+01  0.13536526E+01
  0.47251100E+02  0.14040824E+01  0.14040824E+01
  0.47312700E+02  0.14356073E+01  0.14356073E+01
  0.47374200E+02  0.14447160E+01  0.14447160E+01
  0.47435700E+02  0.14458281E+01  0.14458281E+01
  0.47497200E+02  0.14507601E+01  0.14507601E+01
  0.47558800E+02  0.14656526E+01  0.14656526E+01
  0.47620300E+02  0.14821084E+01  0.14821084E+01
  0.47681800E+02  0.14863245E+01  0.14863245E+01
  0.47743300E+02  0.14713385E+01  0.14713385E+01
  0.47804900E+02  0.14474648E+01  0.14474648E+01
  0.47866400E+02  0.14308396E+01  0.14308396E+01
  0.47927900E+02  0.14172521E+01  0.14172521E+01
  0.47989400E+02  0.13916547E+01  0.13916547E+01
  0.48051000E+02  0.13512975E+01  0.13512975E+01
  0.48112500E+02  0.13088940E+01  0.13088940E+01
  0.48174000E+02  0.12818827E+01  0.12818827E+01
  0.48235500E+02  0.12664418E+01  0.12664418E+01
  0.48297100E+02  0.12451307E+01  0.12451307E+01
  0.48358600E+02  0.12155872E+01  0.12155872E+01
  0.48420100E+02  0.11855749E+01  0.11855749E+01
  0.48481600E+02  0.11589934E+01  0.11589934E+01
  0.48543200E+02  0.11296088E+01  0.11296088E+01
  0.48604700E+02  0.10923217E+01  0.10923217E+01
  0.48666200E+02  0.10553283E+01  0.10553283E+01
  0.48727700E+02  0.10319607E+01  0.10319607E+01
  0.48789300E+02  0.10289470E+01  0.10289470E+01
  0.48850800E+02  0.10361401E+01  0.10361401E+01
  0.48912300E+02  0.10244568E+01  0.10244568E+01
  0.48973800E+02  0.99816048E+00  0.99816048E+00
  0.49035400E+02  0.98442277E+00  0.98442277E+00
  0.49096900E+02  0.97775637E+00  0.97775637E+00
  0.49158400E+02  0.96157702E+00  0.96157702E+00
  0.49219900E+02  0.95565124E+00  0.95565124E+00
  0.49281500E+02  0.10123626E+01  0.10123626E+01
  0.49343000E+02  0.11394856E+01  0.11394856E+01
  0.49404500E+02  0.12864011E+01  0.12864011E+01
  0.49466000E+02  0.14101955E+01  0.14101955E+01
  0.49527600E+02  0.14992272E+01  0.14992272E+01
  0.49589100E+02  0.15569507E+01  0.15569507E+01
  0.49650600E+02  0.15988325E+01  0.15988325E+01
  0.49712100E+02  0.16380132E+01  0.16380132E+01
  0.49773700E+02  0.16644733E+01  0.16644733E+01
  0.49835200E+02  0.16753518E+01  0.16753518E+01
  0.49896700E+02  0.16838431E+01  0.16838431E+01
  0.49958200E+02  0.16919483E+01  0.16919483E+01
  0.50019800E+02  0.17089262E+01  0.17089262E+01
  0.50081300E+02  0.17404445E+01  0.17404445E+01
  0.50142800E+02  0.17663864E+01  0.17663864E+01
  0.50204300E+02  0.17633014E+01  0.17633014E+01
  0.50265900E+02  0.17343215E+01  0.17343215E+01
  0.50327400E+02  0.17044521E+01  0.17044521E+01
  0.50388900E+02  0.16805862E+01  0.16805862E+01
  0.50450400E+02  0.16562510E+01  0.16562510E+01
  0.50512000E+02  0.16273839E+01  0.16273839E+01
  0.50573500E+02  0.15996591E+01  0.15996591E+01
  0.50635000E+02  0.15812329E+01  0.15812329E+01
  0.50696500E+02  0.15758108E+01  0.15758108E+01
  0.50758100E+02  0.15834434E+01  0.15834434E+01
  0.50819600E+02  0.15959937E+01  0.15959937E+01
  0.50881100E+02  0.15942404E+01  0.15942404E+01
  0.50942600E+02  0.15805910E+01  0.15805910E+01
  0.51004200E+02  0.15710111E+01  0.15710111E+01
  0.51065700E+02  0.15667420E+01  0.15667420E+01
  0.51127200E+02  0.15698630E+01  0.15698630E+01
  0.51188700E+02  0.15795772E+01  0.15795772E+01
  0.51250300E+02  0.15818904E+01  0.15818904E+01
  0.51311800E+02  0.15631449E+01  0.15631449E+01
  0.51373300E+02  0.15307087E+01  0.15307087E+01
  0.51434800E+02  0.15019152E+01  0.15019152E+01
  0.51496400E+02  0.14846533E+01  0.14846533E+01
  0.51557900E+02  0.14719065E+01  0.14719065E+01
  0.51619400E+02  0.14553868E+01  0.14553868E+01
  0.51680900E+02  0.14375760E+01  0.14375760E+01
  0.51742500E+02  0.14276320E+01  0.14276320E+01
  0.51804000E+02  0.14226595E+01  0.14226595E+01
  0.51865500E+02  0.14222618E+01  0.14222618E+01
  0.51927000E+02  0.14218591E+01  0.14218591E+01
  0.51988600E+02  0.14118328E+01  0.14118328E+01
  0.52050100E+02  0.13971692E+01  0.13971692E+01
  0.52111600E+02  0.13841441E+01  0.13841441E+01
  0.52173100E+02  0.13715042E+01  0.13715042E+01
  0.52234700E+02  0.13638769E+01  0.13638769E+01
  0.52296200E+02  0.13688491E+01  0.13688491E+01
  0.52357700E+02  0.13805698E+01  0.13805698E+01
  0.52419200E+02  0.13809261E+01  0.13809261E+01
  0.52480800E+02  0.13648131E+01  0.13648131E+01
  0.52542300E+02  0.13389320E+01  0.13389320E+01
  0.52603800E+02  0.13100237E+01  0.13100237E+01
  0.52665300E+02  0.12929096E+01  0.12929096E+01
  0.52726900E+02  0.12990887E+01  0.12990887E+01
  0.52788400E+02  0.13141961E+01  0.13141961E+01
  0.52849900E+02  0.13272090E+01  0.13272090E+01
  0.52911400E+02  0.13440803E+01  0.13440803E+01
  0.52973000E+02  0.13580061E+01  0.13580061E+01
  0.53034500E+02  0.13672640E+01  0.13672640E+01
  0.53096000E+02  0.13846570E+01  0.13846570E+01
  0.53157500E+02  0.14085026E+01  0.14085026E+01
  0.53219000E+02  0.14281175E+01  0.14281175E+01
  0.53280600E+02  0.14357725E+01  0.14357725E+01
  0.53342100E+02  0.14314208E+01  0.14314208E+01
  0.53403600E+02  0.14300632E+01  0.14300632E+01
  0.53465100E+02  0.14450463E+01  0.14450463E+01
  0.53526700E+02  0.14708303E+01  0.14708303E+01
  0.53588200E+02  0.14966669E+01  0.14966669E+01
  0.53649700E+02  0.15139253E+01  0.15139253E+01
  0.53711200E+02  0.15186860E+01  0.15186860E+01
  0.53772800E+02  0.15169663E+01  0.15169663E+01
  0.53834300E+02  0.15143696E+01  0.15143696E+01
  0.53895800E+02  0.15169669E+01  0.15169669E+01
  0.53957300E+02  0.15239078E+01  0.15239078E+01
  0.54018900E+02  0.15221703E+01  0.15221703E+01
  0.54080400E+02  0.15091081E+01  0.15091081E+01
  0.54141900E+02  0.14916558E+01  0.14916558E+01
  0.54203400E+02  0.14776491E+01  0.14776491E+01
  0.54265000E+02  0.14688491E+01  0.14688491E+01
  0.54326500E+02  0.14617711E+01  0.14617711E+01
  0.54388000E+02  0.14546733E+01  0.14546733E+01
  0.54449500E+02  0.14523751E+01  0.14523751E+01
  0.54511100E+02  0.14614748E+01  0.14614748E+01
  0.54572600E+02  0.14723450E+01  0.14723450E+01
  0.54634100E+02  0.14665309E+01  0.14665309E+01
  0.54695600E+02  0.14483771E+01  0.14483771E+01
  0.54757200E+02  0.14332656E+01  0.14332656E+01
  0.54818700E+02  0.14309055E+01  0.14309055E+01
  0.54880200E+02  0.14426673E+01  0.14426673E+01
  0.54941700E+02  0.14571044E+01  0.14571044E+01
  0.55003300E+02  0.14636065E+01  0.14636065E+01
  0.55064800E+02  0.14639137E+01  0.14639137E+01
  0.55126300E+02  0.14566774E+01  0.14566774E+01
  0.55187800E+02  0.14423162E+01  0.14423162E+01
  0.55249400E+02  0.14274774E+01  0.14274774E+01
  0.55310900E+02  0.14188302E+01  0.14188302E+01
  0.55372400E+02  0.14128334E+01  0.14128334E+01
  0.55433900E+02  0.14059278E+01  0.14059278E+01
  0.55495500E+02  0.13963267E+01  0.13963267E+01
  0.55557000E+02  0.13822279E+01  0.13822279E+01
  0.55618500E+02  0.13631717E+01  0.13631717E+01
  0.55680000E+02  0.13431739E+01  0.13431739E+01
  0.55741600E+02  0.13267191E+01  0.13267191E+01
  0.55803100E+02  0.13129164E+01  0.13129164E+01
  0.55864600E+02  0.13017771E+01  0.13017771E+01
  0.55926100E+02  0.13009602E+01  0.13009602E+01
  0.55987700E+02  0.13068981E+01  0.13068981E+01
  0.56049200E+02  0.13092357E+01  0.13092357E+01
  0.56110700E+02  0.13038999E+01  0.13038999E+01
  0.56172200E+02  0.12967414E+01  0.12967414E+01
  0.56233800E+02  0.12895663E+01  0.12895663E+01
  0.56295300E+02  0.12801052E+01  0.12801052E+01
  0.56356800E+02  0.12669927E+01  0.12669927E+01
  0.56418300E+02  0.12588421E+01  0.12588421E+01
  0.56479900E+02  0.12583987E+01  0.12583987E+01
  0.56541400E+02  0.12556743E+01  0.12556743E+01
  0.56602900E+02  0.12470202E+01  0.12470202E+01
  0.56664400E+02  0.12392563E+01  0.12392563E+01
  0.56726000E+02  0.12282796E+01  0.12282796E+01
  0.56787500E+02  0.12140755E+01  0.12140755E+01
  0.56849000E+02  0.12044120E+01  0.12044120E+01
  0.56910500E+02  0.12006778E+01  0.12006778E+01
  0.56972100E+02  0.12028942E+01  0.12028942E+01
  0.57033600E+02  0.12092408E+01  0.12092408E+01
  0.57095100E+02  0.12142200E+01  0.12142200E+01
  0.57156600E+02  0.12164477E+01  0.12164477E+01
  0.57218200E+02  0.12191399E+01  0.12191399E+01
  0.57279700E+02  0.12195285E+01  0.12195285E+01
  0.57341200E+02  0.12120715E+01  0.12120715E+01
  0.57402700E+02  0.12004387E+01  0.12004387E+01
  0.57464300E+02  0.11906298E+01  0.11906298E+01
  0.57525800E+02  0.11844980E+01  0.11844980E+01
  0.57587300E+02  0.11825207E+01  0.11825207E+01
  0.57648800E+02  0.11865668E+01  0.11865668E+01
  0.57710400E+02  0.11961932E+01  0.11961932E+01
  0.57771900E+02  0.12044408E+01  0.12044408E+01
  0.57833400E+02  0.12085150E+01  0.12085150E+01
  0.57894900E+02  0.12084026E+01  0.12084026E+01
  0.57956500E+02  0.12078230E+01  0.12078230E+01
  0.58018000E+02  0.12072373E+01  0.12072373E+01
  0.58079500E+02  0.11954318E+01  0.11954318E+01
  0.58141000E+02  0.11695637E+01  0.11695637E+01
  0.58202600E+02  0.11427036E+01  0.11427036E+01
  0.58264100E+02  0.11232831E+01  0.11232831E+01
  0.58325600E+02  0.11075736E+01  0.11075736E+01
  0.58387100E+02  0.10932379E+01  0.10932379E+01
  0.58448700E+02  0.10854555E+01  0.10854555E+01
  0.58510200E+02  0.10790649E+01  0.10790649E+01
  0.58571700E+02  0.10693594E+01  0.10693594E+01
  0.58633200E+02  0.10634055E+01  0.10634055E+01
  0.58694800E+02  0.10616890E+01  0.10616890E+01
  0.58756300E+02  0.10599648E+01  0.10599648E+01
  0.58817800E+02  0.10553950E+01  0.10553950E+01
  0.58879300E+02  0.10564985E+01  0.10564985E+01
  0.58940900E+02  0.10689861E+01  0.10689861E+01
  0.59002400E+02  0.10890918E+01  0.10890918E+01
  0.59063900E+02  0.11196925E+01  0.11196925E+01
  0.59125400E+02  0.11579666E+01  0.11579666E+01
  0.59187000E+02  0.11929862E+01  0.11929862E+01
  0.59248500E+02  0.12209231E+01  0.12209231E+01
  0.59310000E+02  0.12474837E+01  0.12474837E+01
  0.59371500E+02  0.12659754E+01  0.12659754E+01
  0.59433100E+02  0.12715929E+01  0.12715929E+01
  0.59494600E+02  0.12762597E+01  0.12762597E+01
  0.59556100E+02  0.12814127E+01  0.12814127E+01
  0.59617600E+02  0.12774592E+01  0.12774592E+01
  0.59679200E+02  0.12701355E+01  0.12701355E+01
  0.59740700E+02  0.12613497E+01  0.12613497E+01
  0.59802200E+02  0.12506184E+01  0.12506184E+01
  0.59863700E+02  0.12398624E+01  0.12398624E+01
  0.59925300E+02  0.12237796E+01  0.12237796E+01
  0.59986800E+02  0.12009017E+01  0.12009017E+01
  0.60048300E+02  0.11799069E+01  0.11799069E+01
  0.60109800E+02  0.11632197E+01  0.11632197E+01
  0.60171400E+02  0.11566651E+01  0.11566651E+01
  0.60232900E+02  0.11622093E+01  0.11622093E+01
  0.60294400E+02  0.11730990E+01  0.11730990E+01
  0.60355900E+02  0.11917788E+01  0.11917788E+01
  0.60417500E+02  0.12211915E+01  0.12211915E+01
  0.60479000E+02  0.12540660E+01  0.12540660E+01
  0.60540500E+02  0.12772622E+01  0.12772622E+01
  0.60602000E+02  0.12980648E+01  0.12980648E+01
  0.60663600E+02  0.13237904E+01  0.13237904E+01
  0.60725100E+02  0.13529837E+01  0.13529837E+01
  0.60786600E+02  0.13734294E+01  0.13734294E+01
  0.60848100E+02  0.13787358E+01  0.13787358E+01
  0.60909700E+02  0.13791514E+01  0.13791514E+01
  0.60971200E+02  0.13815251E+01  0.13815251E+01
  0.61032700E+02  0.13878295E+01  0.13878295E+01
  0.61094200E+02  0.13970934E+01  0.13970934E+01
  0.61155800E+02  0.14058833E+01  0.14058833E+01
  0.61217300E+02  0.14107451E+01  0.14107451E+01
  0.61278800E+02  0.14092040E+01  0.14092040E+01
  0.61340300E+02  0.14056826E+01  0.14056826E+01
  0.61401900E+02  0.13957307E+01  0.13957307E+01
  0.61463400E+02  0.13733899E+01  0.13733899E+01
  0.61524900E+02  0.13500114E+01  0.13500114E+01
  0.61586400E+02  0.13419454E+01  0.13419454E+01
  0.61648000E+02  0.13462639E+01  0.13462639E+01
  0.61709500E+02  0.13555516E+01  0.13555516E+01
  0.61771000E+02  0.13613759E+01  0.13613759E+01
  0.61832500E+02  0.13562634E+01  0.13562634E+01
  0.61894100E+02  0.13431718E+01  0.13431718E+01
  0.61955600E+02  0.13245657E+01  0.13245657E+01
  0.62017100E+02  0.13039239E+01  0.13039239E+01
  0.62078600E+02  0.12912307E+01  0.12912307E+01
  0.62140200E+02  0.12890119E+01  0.12890119E+01
  0.62201700E+02  0.12867842E+01  0.12867842E+01
  0.62263200E+02  0.12840485E+01  0.12840485E+01
  0.62324700E+02  0.12833108E+01  0.12833108E+01
  0.62386300E+02  0.12740375E+01  0.12740375E+01
  0.62447800E+02  0.12577067E+01  0.12577067E+01
  0.62509300E+02  0.12448620E+01  0.12448620E+01
  0.62570800E+02  0.12375278E+01  0.12375278E+01
  0.62632400E+02  0.12296748E+01  0.12296748E+01
  0.62693900E+02  0.12177662E+01  0.12177662E+01
  0.62755400E+02  0.12002775E+01  0.12002775E+01
  0.62816900E+02  0.11807303E+01  0.11807303E+01
  0.62878500E+02  0.11682277E+01  0.11682277E+01
  0.62940000E+02  0.11622801E+01  0.11622801E+01
  0.63001500E+02  0.11573326E+01  0.11573326E+01
  0.63063000E+02  0.11508509E+01  0.11508509E+01
  0.63124600E+02  0.11397848E+01  0.11397848E+01
  0.63186100E+02  0.11256427E+01  0.11256427E+01
  0.63247600E+02  0.11140154E+01  0.11140154E+01
  0.63309100E+02  0.11064387E+01  0.11064387E+01
  0.63370700E+02  0.10993567E+01  0.10993567E+01
  0.63432200E+02  0.10902156E+01  0.10902156E+01
  0.63493700E+02  0.10836092E+01  0.10836092E+01
  0.63555200E+02  0.10821018E+01  0.10821018E+01
  0.63616800E+02  0.10821269E+01  0.10821269E+01
  0.63678300E+02  0.10734378E+01  0.10734378E+01
  0.63739800E+02  0.10534466E+01  0.10534466E+01
  0.63801300E+02  0.10375218E+01  0.10375218E+01
  0.63862900E+02  0.10410928E+01  0.10410928E+01
  0.63924400E+02  0.10595837E+01  0.10595837E+01
  0.63985900E+02  0.10745042E+01  0.10745042E+01
  0.64047400E+02  0.10750216E+01  0.10750216E+01
  0.64109000E+02  0.10765714E+01  0.10765714E+01
  0.64170500E+02  0.11034212E+01  0.11034212E+01
  0.64232000E+02  0.11453088E+01  0.11453088E+01
  0.64293500E+02  0.11795145E+01  0.11795145E+01
  0.64355100E+02  0.12055003E+01  0.12055003E+01
  0.64416600E+02  0.12356783E+01  0.12356783E+01
  0.64478100E+02  0.12653929E+01  0.12653929E+01
  0.64539600E+02  0.12832179E+01  0.12832179E+01
  0.64601200E+02  0.12818436E+01  0.12818436E+01
  0.64662700E+02  0.12643330E+01  0.12643330E+01
  0.64724200E+02  0.12493908E+01  0.12493908E+01
  0.64785700E+02  0.12479715E+01  0.12479715E+01
  0.64847300E+02  0.12538542E+01  0.12538542E+01
  0.64908800E+02  0.12571325E+01  0.12571325E+01
  0.64970300E+02  0.12625058E+01  0.12625058E+01
  0.65031800E+02  0.12705034E+01  0.12705034E+01
  0.65093400E+02  0.12706593E+01  0.12706593E+01
  0.65154900E+02  0.12577048E+01  0.12577048E+01
  0.65216400E+02  0.12426245E+01  0.12426245E+01
  0.65277900E+02  0.12306650E+01  0.12306650E+01
  0.65339500E+02  0.12207856E+01  0.12207856E+01
  0.65401000E+02  0.12114098E+01  0.12114098E+01
  0.65462500E+02  0.12041212E+01  0.12041212E+01
  0.65524000E+02  0.12057796E+01  0.12057796E+01
  0.65585600E+02  0.12201064E+01  0.12201064E+01
  0.65647100E+02  0.12476616E+01  0.12476616E+01
  0.65708600E+02  0.12821397E+01  0.12821397E+01
  0.65770100E+02  0.13135048E+01  0.13135048E+01
  0.65831700E+02  0.13385719E+01  0.13385719E+01
  0.65893200E+02  0.13546680E+01  0.13546680E+01
  0.65954700E+02  0.13638928E+01  0.13638928E+01
  0.66016200E+02  0.13699453E+01  0.13699453E+01
  0.66077800E+02  0.13664385E+01  0.13664385E+01
  0.66139300E+02  0.13554700E+01  0.13554700E+01
  0.66200800E+02  0.13450115E+01  0.13450115E+01
  0.66262300E+02  0.13419956E+01  0.13419956E+01
  0.66323900E+02  0.13459115E+01  0.13459115E+01
  0.66385400E+02  0.13455571E+01  0.13455571E+01
  0.66446900E+02  0.13361104E+01  0.13361104E+01
  0.66508400E+02  0.13250386E+01  0.13250386E+01
  0.66570000E+02  0.13214450E+01  0.13214450E+01
  0.66631500E+02  0.13285634E+01  0.13285634E+01
  0.66693000E+02  0.13410590E+01  0.13410590E+01
  0.66754500E+02  0.13541126E+01  0.13541126E+01
  0.66816100E+02  0.13661147E+01  0.13661147E+01
  0.66877600E+02  0.13781346E+01  0.13781346E+01
  0.66939100E+02  0.13896357E+01  0.13896357E+01
  0.67000600E+02  0.14016947E+01  0.14016947E+01
  0.67062200E+02  0.14126963E+01  0.14126963E+01
  0.67123700E+02  0.14145320E+01  0.14145320E+01
  0.67185200E+02  0.14071784E+01  0.14071784E+01
  0.67246700E+02  0.13938570E+01  0.13938570E+01
  0.67308300E+02  0.13886347E+01  0.13886347E+01
  0.67369800E+02  0.13947823E+01  0.13947823E+01
  0.67431300E+02  0.14020239E+01  0.14020239E+01
  0.67492800E+02  0.14054749E+01  0.14054749E+01
  0.67554400E+02  0.14078448E+01  0.14078448E+01
  0.67615900E+02  0.14118468E+01  0.14118468E+01
  0.67677400E+02  0.14212993E+01  0.14212993E+01
  0.67738900E+02  0.14340370E+01  0.14340370E+01
  0.67800500E+02  0.14407966E+01  0.14407966E+01
  0.67862000E+02  0.14388272E+01  0.14388272E+01
  0.67923500E+02  0.14308400E+01  0.14308400E+01
  0.67985000E+02  0.14222889E+01  0.14222889E+01
  0.68046600E+02  0.14164597E+01  0.14164597E+01
  0.68108100E+02  0.14122597E+01  0.14122597E+01
  0.68169600E+02  0.14107923E+01  0.14107923E+01
  0.68231100E+02  0.14120651E+01  0.14120651E+01
  0.68292700E+02  0.14122409E+01  0.14122409E+01
  0.68354200E+02  0.14151627E+01  0.14151627E+01
  0.68415700E+02  0.14224914E+01  0.14224914E+01
  0.68477200E+02  0.14276271E+01  0.14276271E+01
  0.68538800E+02  0.14283599E+01  0.14283599E+01
  0.68600300E+02  0.14224657E+01  0.14224657E+01
  0.68661800E+02  0.14110339E+01  0.14110339E+01
  0.68723300E+02  0.14034502E+01  0.14034502E+01
  0.68784900E+02  0.14002804E+01  0.14002804E+01
  0.68846400E+02  0.13948848E+01  0.13948848E+01
  0.68907900E+02  0.13844872E+01  0.13844872E+01
  0.68969400E+02  0.13746237E+01  0.13746237E+01
  0.69031000E+02  0.13680752E+01  0.13680752E+01
  0.69092500E+02  0.13631786E+01  0.13631786E+01
  0.69154000E+02  0.13554889E+01  0.13554889E+01
  0.69215500E+02  0.13461126E+01  0.13461126E+01
  0.69277100E+02  0.13422937E+01  0.13422937E+01
  0.69338600E+02  0.13451591E+01  0.13451591E+01
  0.69400100E+02  0.13485859E+01  0.13485859E+01
  0.69461600E+02  0.13486631E+01  0.13486631E+01
  0.69523200E+02  0.13481809E+01  0.13481809E+01
  0.69584700E+02  0.13471339E+01  0.13471339E+01
  0.69646200E+02  0.13404789E+01  0.13404789E+01
  0.69707700E+02  0.13259575E+01  0.13259575E+01
  0.69769300E+02  0.13074805E+01  0.13074805E+01
  0.69830800E+02  0.12906527E+01  0.12906527E+01
  0.69892300E+02  0.12777298E+01  0.12777298E+01
  0.69953800E+02  0.12737883E+01  0.12737883E+01
  0.70015400E+02  0.12777268E+01  0.12777268E+01
  0.70076900E+02  0.12827962E+01  0.12827962E+01
  0.70138400E+02  0.12850507E+01  0.12850507E+01
  0.70199900E+02  0.12901315E+01  0.12901315E+01
  0.70261500E+02  0.12969171E+01  0.12969171E+01
  0.70323000E+02  0.12991840E+01  0.12991840E+01
  0.70384500E+02  0.12935240E+01  0.12935240E+01
  0.70446000E+02  0.12838844E+01  0.12838844E+01
  0.70507600E+02  0.12793337E+01  0.12793337E+01
  0.70569100E+02  0.12810175E+01  0.12810175E+01
  0.70630600E+02  0.12792922E+01  0.12792922E+01
  0.70692100E+02  0.12713051E+01  0.12713051E+01
  0.70753700E+02  0.12576108E+01  0.12576108E+01
  0.70815200E+02  0.12404701E+01  0.12404701E+01
  0.70876700E+02  0.12278601E+01  0.12278601E+01
  0.70938200E+02  0.12203636E+01  0.12203636E+01
  0.70999700E+02  0.12145661E+01  0.12145661E+01
  0.71061300E+02  0.12104738E+01  0.12104738E+01
  0.71122800E+02  0.12098045E+01  0.12098045E+01
  0.71184300E+02  0.12097051E+01  0.12097051E+01
  0.71245800E+02  0.12067373E+01  0.12067373E+01
  0.71307400E+02  0.12043381E+01  0.12043381E+01
  0.71368900E+02  0.12053768E+01  0.12053768E+01
  0.71430400E+02  0.12104388E+01  0.12104388E+01
  0.71491900E+02  0.12195345E+01  0.12195345E+01
  0.71553500E+02  0.12286457E+01  0.12286457E+01
  0.71615000E+02  0.12348879E+01  0.12348879E+01
  0.71676500E+02  0.12428692E+01  0.12428692E+01
  0.71738000E+02  0.12508624E+01  0.12508624E+01
  0.71799600E+02  0.12565584E+01  0.12565584E+01
  0.71861100E+02  0.12634169E+01  0.12634169E+01
  0.71922600E+02  0.12697066E+01  0.12697066E+01
  0.71984100E+02  0.12731092E+01  0.12731092E+01
  0.72045700E+02  0.12799957E+01  0.12799957E+01
  0.72107200E+02  0.12915320E+01  0.12915320E+01
  0.72168700E+02  0.13030861E+01  0.13030861E+01
  0.72230200E+02  0.13140768E+01  0.13140768E+01
  0.72291800E+02  0.13233412E+01  0.13233412E+01
  0.72353300E+02  0.13291244E+01  0.13291244E+01
  0.72414800E+02  0.13267581E+01  0.13267581E+01
  0.72476300E+02  0.13191373E+01  0.13191373E+01
  0.72537900E+02  0.13085851E+01  0.13085851E+01
  0.72599400E+02  0.13009321E+01  0.13009321E+01
  0.72660900E+02  0.13020341E+01  0.13020341E+01
  0.72722400E+02  0.13060619E+01  0.13060619E+01
  0.72784000E+02  0.13030687E+01  0.13030687E+01
  0.72845500E+02  0.12953776E+01  0.12953776E+01
  0.72907000E+02  0.12900182E+01  0.12900182E+01
  0.72968500E+02  0.12911064E+01  0.12911064E+01
  0.73030100E+02  0.13010108E+01  0.13010108E+01
  0.73091600E+02  0.13168095E+01  0.13168095E+01
  0.73153100E+02  0.13267467E+01  0.13267467E+01
  0.73214600E+02  0.13249166E+01  0.13249166E+01
  0.73276200E+02  0.13189560E+01  0.13189560E+01
  0.73337700E+02  0.13159322E+01  0.13159322E+01
  0.73399200E+02  0.13158546E+01  0.13158546E+01
  0.73460700E+02  0.13193215E+01  0.13193215E+01
  0.73522300E+02  0.13263437E+01  0.13263437E+01
  0.73583800E+02  0.13262690E+01  0.13262690E+01
  0.73645300E+02  0.13155259E+01  0.13155259E+01
  0.73706800E+02  0.13029837E+01  0.13029837E+01
  0.73768400E+02  0.12927949E+01  0.12927949E+01
  0.73829900E+02  0.12885261E+01  0.12885261E+01
  0.73891400E+02  0.12907885E+01  0.12907885E+01
  0.73952900E+02  0.12930530E+01  0.12930530E+01
  0.74014500E+02  0.12971078E+01  0.12971078E+01
  0.74076000E+02  0.13023579E+01  0.13023579E+01
  0.74137500E+02  0.13034391E+01  0.13034391E+01
  0.74199000E+02  0.13003411E+01  0.13003411E+01
  0.74260600E+02  0.12972380E+01  0.12972380E+01
  0.74322100E+02  0.12941261E+01  0.12941261E+01
  0.74383600E+02  0.12928029E+01  0.12928029E+01
  0.74445100E+02  0.12944708E+01  0.12944708E+01
  0.74506700E+02  0.12985395E+01  0.12985395E+01
  0.74568200E+02  0.13020114E+01  0.13020114E+01
  0.74629700E+02  0.13042862E+01  0.13042862E+01
  0.74691200E+02  0.13059620E+01  0.13059620E+01
  0.74752800E+02  0.13052346E+01  0.13052346E+01
  0.74814300E+02  0.13032985E+01  0.13032985E+01
  0.74875800E+02  0.13001525E+01  0.13001525E+01
  0.74937300E+02  0.12976025E+01  0.12976025E+01
  0.74998900E+02  0.12950484E+01  0.12950484E+01
  0.75060400E+02  0.12918826E+01  0.12918826E+01
  0.75121900E+02  0.12911277E+01  0.12911277E+01
  0.75183400E+02  0.12909748E+01  0.12909748E+01
  0.75245000E+02  0.12926380E+01  0.12926380E+01
  0.75306500E+02  0.12991480E+01  0.12991480E+01
  0.75368000E+02  0.13038476E+01  0.13038476E+01
  0.75429500E+02  0.13012699E+01  0.13012699E+01
  0.75491100E+02  0.12950434E+01  0.12950434E+01
  0.75552600E+02  0.12906271E+01  0.12906271E+01
  0.75614100E+02  0.12880272E+01  0.12880272E+01
  0.75675600E+02  0.12872480E+01  0.12872480E+01
  0.75737200E+02  0.12901241E+01  0.12901241E+01
  0.75798700E+02  0.12972707E+01  0.12972707E+01
  0.75860200E+02  0.13038169E+01  0.13038169E+01
  0.75921700E+02  0.13073175E+01  0.13073175E+01
  0.75983300E+02  0.13071554E+01  0.13071554E+01
  0.76044800E+02  0.13051540E+01  0.13051540E+01
  0.76106300E+02  0.13006981E+01  0.13006981E+01
  0.76167800E+02  0.12968461E+01  0.12968461E+01
  0.76229400E+02  0.12978950E+01  0.12978950E+01
  0.76290900E+02  0.13050807E+01  0.13050807E+01
  0.76352400E+02  0.13153482E+01  0.13153482E+01
  0.76413900E+02  0.13225563E+01  0.13225563E+01
  0.76475500E+02  0.13223917E+01  0.13223917E+01
  0.76537000E+02  0.13209918E+01  0.13209918E+01
  0.76598500E+02  0.13263676E+01  0.13263676E+01
  0.76660000E+02  0.13305167E+01  0.13305167E+01
  0.76721600E+02  0.13235605E+01  0.13235605E+01
  0.76783100E+02  0.13104115E+01  0.13104115E+01
  0.76844600E+02  0.12997129E+01  0.12997129E+01
  0.76906100E+02  0.12945650E+01  0.12945650E+01
  0.76967700E+02  0.12912667E+01  0.12912667E+01
  0.77029200E+02  0.12910588E+01  0.12910588E+01
  0.77090700E+02  0.12927099E+01  0.12927099E+01
  0.77152200E+02  0.12931204E+01  0.12931204E+01
  0.77213800E+02  0.12941529E+01  0.12941529E+01
  0.77275300E+02  0.12976708E+01  0.12976708E+01
  0.77336800E+02  0.13018150E+01  0.13018150E+01
  0.77398300E+02  0.13059641E+01  0.13059641E+01
  0.77459900E+02  0.13101198E+01  0.13101198E+01
  0.77521400E+02  0.13080412E+01  0.13080412E+01
  0.77582900E+02  0.12984664E+01  0.12984664E+01
  0.77644400E+02  0.12870006E+01  0.12870006E+01
  0.77706000E+02  0.12786428E+01  0.12786428E+01
  0.77767500E+02  0.12733973E+01  0.12733973E+01
  0.77829000E+02  0.12718994E+01  0.12718994E+01
  0.77890500E+02  0.12735312E+01  0.12735312E+01
  0.77952100E+02  0.12789290E+01  0.12789290E+01
  0.78013600E+02  0.12843321E+01  0.12843321E+01
  0.78075100E+02  0.12840881E+01  0.12840881E+01
  0.78136600E+02  0.12819560E+01  0.12819560E+01
  0.78198200E+02  0.12785621E+01  0.12785621E+01
  0.78259700E+02  0.12732706E+01  0.12732706E+01
  0.78321200E+02  0.12679692E+01  0.12679692E+01
  0.78382700E+02  0.12683341E+01  0.12683341E+01
  0.78444300E+02  0.12724868E+01  0.12724868E+01
  0.78505800E+02  0.12760112E+01  0.12760112E+01
  0.78567300E+02  0.12763786E+01  0.12763786E+01
  0.78628800E+02  0.12748470E+01  0.12748470E+01
  0.78690400E+02  0.12726799E+01  0.12726799E+01
  0.78751900E+02  0.12711399E+01  0.12711399E+01
  0.78813400E+02  0.12689617E+01  0.12689617E+01
  0.78874900E+02  0.12686826E+01  0.12686826E+01
  0.78936500E+02  0.12709438E+01  0.12709438E+01
  0.78998000E+02  0.12712983E+01  0.12712983E+01
  0.79059500E+02  0.12684712E+01  0.12684712E+01
  0.79121000E+02  0.12637281E+01  0.12637281E+01
  0.79182600E+02  0.12596149E+01  0.12596149E+01
  0.79244100E+02  0.12561299E+01  0.12561299E+01
  0.79305600E+02  0.12526379E+01  0.12526379E+01
  0.79367100E+02  0.12491389E+01  0.12491389E+01
  0.79428700E+02  0.12481911E+01  0.12481911E+01
  0.79490200E+02  0.12465991E+01  0.12465991E+01
  0.79551700E+02  0.12450031E+01  0.12450031E+01
  0.79613200E+02  0.12446844E+01  0.12446844E+01
  0.79674800E+02  0.12469297E+01  0.12469297E+01
  0.79736300E+02  0.12511001E+01  0.12511001E+01
  0.79797800E+02  0.12552755E+01  0.12552755E+01
  0.79859300E+02  0.12562430E+01  0.12562430E+01
  0.79920900E+02  0.12533535E+01  0.12533535E+01
  0.79982400E+02  0.12498130E+01  0.12498130E+01
  0.80043900E+02  0.12469096E+01  0.12469096E+01
  0.80105400E+02  0.12452894E+01  0.12452894E+01
  0.80167000E+02  0.12430217E+01  0.12430217E+01
  0.80228500E+02  0.12394565E+01  0.12394565E+01
  0.80290000E+02  0.12358843E+01  0.12358843E+01
  0.80351500E+02  0.12316586E+01  0.12316586E+01
  0.80413100E+02  0.12280736E+01  0.12280736E+01
  0.80474600E+02  0.12277178E+01  0.12277178E+01
  0.80536100E+02  0.12318961E+01  0.12318961E+01
  0.80597600E+02  0.12380250E+01  0.12380250E+01
  0.80659200E+02  0.12402692E+01  0.12402692E+01
  0.80720700E+02  0.12399159E+01  0.12399159E+01
  0.80782200E+02  0.12376105E+01  0.12376105E+01
  0.80843700E+02  0.12366012E+01  0.12366012E+01
  0.80905300E+02  0.12368925E+01  0.12368925E+01
  0.80966800E+02  0.12358782E+01  0.12358782E+01
  0.81028300E+02  0.12322531E+01  0.12322531E+01
  0.81089800E+02  0.12266635E+01  0.12266635E+01
  0.81151400E+02  0.12249835E+01  0.12249835E+01
  0.81212900E+02  0.12278722E+01  0.12278722E+01
  0.81274400E+02  0.12294560E+01  0.12294560E+01
  0.81335900E+02  0.12271140E+01  0.12271140E+01
  0.81397500E+02  0.12254236E+01  0.12254236E+01
  0.81459000E+02  0.12263494E+01  0.12263494E+01
  0.81520500E+02  0.12279313E+01  0.12279313E+01
  0.81582000E+02  0.12275447E+01  0.12275447E+01
  0.81643600E+02  0.12258439E+01  0.12258439E+01
  0.81705100E+02  0.12247950E+01  0.12247950E+01
  0.81766600E+02  0.12257169E+01  0.12257169E+01
  0.81828100E+02  0.12292725E+01  0.12292725E+01
  0.81889700E+02  0.12341514E+01  0.12341514E+01
  0.81951200E+02  0.12357377E+01  0.12357377E+01
  0.82012700E+02  0.12333655E+01  0.12333655E+01
  0.82074200E+02  0.12296676E+01  0.12296676E+01
  0.82135800E+02  0.12279469E+01  0.12279469E+01
  0.82197300E+02  0.12262207E+01  0.12262207E+01
  0.82258800E+02  0.12238288E+01  0.12238288E+01
  0.82320300E+02  0.12174576E+01  0.12174576E+01
  0.82381900E+02  0.12077625E+01  0.12077625E+01
  0.82443400E+02  0.12026938E+01  0.12026938E+01
  0.82504900E+02  0.12009355E+01  0.12009355E+01
  0.82566400E+02  0.11991733E+01  0.11991733E+01
  0.82628000E+02  0.11974085E+01  0.11974085E+01
  0.82689500E+02  0.11969690E+01  0.11969690E+01
  0.82751000E+02  0.11991909E+01  0.11991909E+01
  0.82812500E+02  0.12034139E+01  0.12034139E+01
  0.82874100E+02  0.12056427E+01  0.12056427E+01
  0.82935600E+02  0.12052028E+01  0.12052028E+01
  0.82997100E+02  0.12020895E+01  0.12020895E+01
  0.83058600E+02  0.11989703E+01  0.11989703E+01
  0.83120200E+02  0.11978531E+01  0.11978531E+01
  0.83181700E+02  0.11987393E+01  0.11987393E+01
  0.83243200E+02  0.11982860E+01  0.11982860E+01
  0.83304700E+02  0.11938089E+01  0.11938089E+01
  0.83366300E+02  0.11906669E+01  0.11906669E+01
  0.83427800E+02  0.11908739E+01  0.11908739E+01
  0.83489300E+02  0.11924236E+01  0.11924236E+01
  0.83550800E+02  0.11912851E+01  0.11912851E+01
  0.83612400E+02  0.11861084E+01  0.11861084E+01
  0.83673900E+02  0.11802481E+01  0.11802481E+01
  0.83735400E+02  0.11777467E+01  0.11777467E+01
  0.83796900E+02  0.11779375E+01  0.11779375E+01
  0.83858500E+02  0.11754296E+01  0.11754296E+01
  0.83920000E+02  0.11702143E+01  0.11702143E+01
  0.83981500E+02  0.11676932E+01  0.11676932E+01
  0.84043000E+02  0.11665196E+01  0.11665196E+01
  0.84104600E+02  0.11673746E+01  0.11673746E+01
  0.84166100E+02  0.11709371E+01  0.11709371E+01
  0.84227600E+02  0.11717927E+01  0.11717927E+01
  0.84289100E+02  0.11679008E+01  0.11679008E+01
  0.84350700E+02  0.11626458E+01  0.11626458E+01
  0.84412200E+02  0.11600974E+01  0.11600974E+01
  0.84473700E+02  0.11595832E+01  0.11595832E+01
  0.84535200E+02  0.11597472E+01  0.11597472E+01
  0.84596800E+02  0.11592309E+01  0.11592309E+01
  0.84658300E+02  0.11600737E+01  0.11600737E+01
  0.84719800E+02  0.11595530E+01  0.11595530E+01
  0.84781300E+02  0.11556195E+01  0.11556195E+01
  0.84842900E+02  0.11475843E+01  0.11475843E+01
  0.84904400E+02  0.11402181E+01  0.11402181E+01
  0.84965900E+02  0.11362583E+01  0.11362583E+01
  0.85027400E+02  0.11350282E+01  0.11350282E+01
  0.85089000E+02  0.11344812E+01  0.11344812E+01
  0.85150500E+02  0.11359863E+01  0.11359863E+01
  0.85212000E+02  0.11374925E+01  0.11374925E+01
  0.85273500E+02  0.11369411E+01  0.11369411E+01
  0.85335100E+02  0.11363891E+01  0.11363891E+01
  0.85396600E+02  0.11372081E+01  0.11372081E+01
  0.85458100E+02  0.11373395E+01  0.11373395E+01
  0.85519600E+02  0.11381580E+01  0.11381580E+01
  0.85581200E+02  0.11382892E+01  0.11382892E+01
  0.85642700E+02  0.11363507E+01  0.11363507E+01
  0.85704200E+02  0.11350979E+01  0.11350979E+01
  0.85765700E+02  0.11324619E+01  0.11324619E+01
  0.85827300E+02  0.11298223E+01  0.11298223E+01
  0.85888800E+02  0.11271764E+01  0.11271764E+01
  0.85950300E+02  0.11252171E+01  0.11252171E+01
  0.86011800E+02  0.11239460E+01  0.11239460E+01
  0.86073400E+02  0.11240584E+01  0.11240584E+01
  0.86134900E+02  0.11241684E+01  0.11241684E+01
  0.86196400E+02  0.11242775E+01  0.11242775E+01
  0.86257900E+02  0.11257737E+01  0.11257737E+01
  0.86319500E+02  0.11251886E+01  0.11251886E+01
  0.86381000E+02  0.11225149E+01  0.11225149E+01
  0.86442500E+02  0.11191408E+01  0.11191408E+01
  0.86504000E+02  0.11164568E+01  0.11164568E+01
  0.86565600E+02  0.11151622E+01  0.11151622E+01
  0.86627100E+02  0.11166515E+01  0.11166515E+01
  0.86688600E+02  0.11160492E+01  0.11160492E+01
  0.86750100E+02  0.11140489E+01  0.11140489E+01
  0.86811700E+02  0.11099503E+01  0.11099503E+01
  0.86873200E+02  0.11058435E+01  0.11058435E+01
  0.86934700E+02  0.11024293E+01  0.11024293E+01
  0.86996200E+02  0.11004092E+01  0.11004092E+01
  0.87057800E+02  0.10976858E+01  0.10976858E+01
  0.87119300E+02  0.10977603E+01  0.10977603E+01
  0.87180800E+02  0.11020427E+01  0.11020427E+01
  0.87242300E+02  0.11056280E+01  0.11056280E+01
  0.87303900E+02  0.11064087E+01  0.11064087E+01
  0.87365400E+02  0.11071881E+01  0.11071881E+01
  0.87426900E+02  0.11058571E+01  0.11058571E+01
  0.87488400E+02  0.11038191E+01  0.11038191E+01
  0.87550000E+02  0.10996651E+01  0.10996651E+01
  0.87611500E+02  0.10947979E+01  0.10947979E+01
  0.87673000E+02  0.10913337E+01  0.10913337E+01
  0.87734500E+02  0.10906873E+01  0.10906873E+01
  0.87796100E+02  0.10900402E+01  0.10900402E+01
  0.87857600E+02  0.10900969E+01  0.10900969E+01
  0.87919100E+02  0.10915674E+01  0.10915674E+01
  0.87980600E+02  0.10909151E+01  0.10909151E+01
  0.88042200E+02  0.10867199E+01  0.10867199E+01
  0.88103700E+02  0.10832255E+01  0.10832255E+01
  0.88165200E+02  0.10804346E+01  0.10804346E+01
  0.88226700E+02  0.10790585E+01  0.10790585E+01
  0.88288300E+02  0.10776807E+01  0.10776807E+01
  0.88349800E+02  0.10762987E+01  0.10762987E+01
  0.88411300E+02  0.10763365E+01  0.10763365E+01
  0.88472800E+02  0.10763734E+01  0.10763734E+01
  0.88534400E+02  0.10756980E+01  0.10756980E+01
  0.88595900E+02  0.10757324E+01  0.10757324E+01
  0.88657400E+02  0.10750524E+01  0.10750524E+01
  0.88718900E+02  0.10743704E+01  0.10743704E+01
  0.88780400E+02  0.10744008E+01  0.10744008E+01
  0.88842000E+02  0.10730017E+01  0.10730017E+01
  0.88903500E+02  0.10701677E+01  0.10701677E+01
  0.88965000E+02  0.10658970E+01  0.10658970E+01
  0.89026500E+02  0.10630522E+01  0.10630522E+01
  0.89088100E+02  0.10616372E+01  0.10616372E+01
  0.89149600E+02  0.10609354E+01  0.10609354E+01
  0.89211100E+02  0.10595138E+01  0.10595138E+01
  0.89272600E+02  0.10580893E+01  0.10580893E+01
  0.89334200E+02  0.10566629E+01  0.10566629E+01
  0.89395700E+02  0.10545131E+01  0.10545131E+01
  0.89457200E+02  0.10516395E+01  0.10516395E+01
  0.89518700E+02  0.10494813E+01  0.10494813E+01
  0.89580300E+02  0.10502035E+01  0.10502035E+01
  0.89641800E+02  0.10516457E+01  0.10516457E+01
  0.89703300E+02  0.10523672E+01  0.10523672E+01
  0.89764800E+02  0.10538110E+01  0.10538110E+01
  0.89826400E+02  0.10545342E+01  0.10545342E+01
  0.89887900E+02  0.10538096E+01  0.10538096E+01
  0.89949400E+02  0.10516356E+01  0.10516356E+01
  0.90010900E+02  0.10487333E+01  0.10487333E+01
  0.90072500E+02  0.10451024E+01  0.10451024E+01
  0.90134000E+02  0.10407392E+01  0.10407392E+01
  0.90195500E+02  0.10385463E+01  0.10385463E+01
  0.90257000E+02  0.10370758E+01  0.10370758E+01
  0.90318600E+02  0.10341499E+01  0.10341499E+01
  0.90380100E+02  0.10333996E+01  0.10333996E+01
  0.90441600E+02  0.10355582E+01  0.10355582E+01
  0.90503100E+02  0.10377188E+01  0.10377188E+01
  0.90564700E+02  0.10384251E+01  0.10384251E+01
  0.90626200E+02  0.10376719E+01  0.10376719E+01
  0.90687700E+02  0.10369166E+01  0.10369166E+01
  0.90749200E+02  0.10346990E+01  0.10346990E+01
  0.90810800E+02  0.10310172E+01  0.10310172E+01
  0.90872300E+02  0.10280594E+01  0.10280594E+01
  0.90933800E+02  0.10258284E+01  0.10258284E+01
  0.90995300E+02  0.10243257E+01  0.10243257E+01
  0.91056900E+02  0.10264844E+01  0.10264844E+01
  0.91118400E+02  0.10293773E+01  0.10293773E+01
  0.91179900E+02  0.10293384E+01  0.10293384E+01
  0.91241400E+02  0.10270960E+01  0.10270960E+01
  0.91303000E+02  0.10248508E+01  0.10248508E+01
  0.91364500E+02  0.10218653E+01  0.10218653E+01
  0.91426000E+02  0.10203462E+01  0.10203462E+01
  0.91487500E+02  0.10232410E+01  0.10232410E+01
  0.91549100E+02  0.10298231E+01  0.10298231E+01
  0.91610600E+02  0.10349377E+01  0.10349377E+01
  0.91672100E+02  0.10378454E+01  0.10378454E+01
  0.91733600E+02  0.10385416E+01  0.10385416E+01
  0.91795200E+02  0.10348073E+01  0.10348073E+01
  0.91856700E+02  0.10281094E+01  0.10281094E+01
  0.91918200E+02  0.10221413E+01  0.10221413E+01
  0.91979700E+02  0.10169043E+01  0.10169043E+01
  0.92041300E+02  0.10138824E+01  0.10138824E+01
  0.92102800E+02  0.10115954E+01  0.10115954E+01
  0.92164300E+02  0.10100461E+01  0.10100461E+01
  0.92225800E+02  0.10092360E+01  0.10092360E+01
  0.92287400E+02  0.10091675E+01  0.10091675E+01
  0.92348900E+02  0.10090969E+01  0.10090969E+01
  0.92410400E+02  0.10090253E+01  0.10090253E+01
  0.92471900E+02  0.10082087E+01  0.10082087E+01
  0.92533500E+02  0.10081358E+01  0.10081358E+01
  0.92595000E+02  0.10073157E+01  0.10073157E+01
  0.92656500E+02  0.10057481E+01  0.10057481E+01
  0.92718000E+02  0.10041775E+01  0.10041775E+01
  0.92779600E+02  0.10018585E+01  0.10018585E+01
  0.92841100E+02  0.99953445E+00  0.99953445E+00
  0.92902600E+02  0.99720644E+00  0.99720644E+00
  0.92964100E+02  0.99637053E+00  0.99637053E+00
  0.93025700E+02  0.99628222E+00  0.99628222E+00
  0.93087200E+02  0.99619185E+00  0.99619185E+00
  0.93148700E+02  0.99535099E+00  0.99535099E+00
  0.93210200E+02  0.99450814E+00  0.99450814E+00
  0.93271800E+02  0.99366438E+00  0.99366438E+00
  0.93333300E+02  0.99131558E+00  0.99131558E+00
  0.93394800E+02  0.98821133E+00  0.98821133E+00
  0.93456300E+02  0.98510213E+00  0.98510213E+00
  0.93517900E+02  0.98349399E+00  0.98349399E+00
  0.93579400E+02  0.98188184E+00  0.98188184E+00
  0.93640900E+02  0.97875977E+00  0.97875977E+00
  0.93702400E+02  0.97563275E+00  0.97563275E+00
  0.93764000E+02  0.97250182E+00  0.97250182E+00
  0.93825500E+02  0.97087481E+00  0.97087481E+00
  0.93887000E+02  0.96924484E+00  0.96924484E+00
  0.93948500E+02  0.96685595E+00  0.96685595E+00
  0.94010100E+02  0.96522057E+00  0.96522057E+00
  0.94071600E+02  0.96433813E+00  0.96433813E+00
  0.94133100E+02  0.96421114E+00  0.96421114E+00
  0.94194600E+02  0.96408316E+00  0.96408316E+00
  0.94256200E+02  0.96319679E+00  0.96319679E+00
  0.94317700E+02  0.96230742E+00  0.96230742E+00
  0.94379200E+02  0.96141607E+00  0.96141607E+00
  0.94440700E+02  0.95976283E+00  0.95976283E+00
  0.94502300E+02  0.95810764E+00  0.95810764E+00
  0.94563800E+02  0.95492666E+00  0.95492666E+00
  0.94625300E+02  0.95174074E+00  0.95174074E+00
  0.94686800E+02  0.95007365E+00  0.95007365E+00
  0.94748400E+02  0.94916697E+00  0.94916697E+00
  0.94809900E+02  0.94825730E+00  0.94825730E+00
  0.94871400E+02  0.94658229E+00  0.94658229E+00
  0.94932900E+02  0.94566817E+00  0.94566817E+00
  0.94994500E+02  0.94398870E+00  0.94398870E+00
  0.95056000E+02  0.94307013E+00  0.94307013E+00
  0.95117500E+02  0.94214958E+00  0.94214958E+00
  0.95179000E+02  0.94122705E+00  0.94122705E+00
  0.95240600E+02  0.94030352E+00  0.94030352E+00
  0.95302100E+02  0.93861019E+00  0.93861019E+00
  0.95363600E+02  0.93691389E+00  0.93691389E+00
  0.95425100E+02  0.93444680E+00  0.93444680E+00
  0.95486700E+02  0.93197672E+00  0.93197672E+00
  0.95548200E+02  0.92950170E+00  0.92950170E+00
  0.95609700E+02  0.92779204E+00  0.92779204E+00
  0.95671200E+02  0.92761902E+00  0.92761902E+00
  0.95732800E+02  0.92744599E+00  0.92744599E+00
  0.95794300E+02  0.92727099E+00  0.92727099E+00
  0.95855800E+02  0.92709501E+00  0.92709501E+00
  0.95917300E+02  0.92537446E+00  0.92537446E+00
  0.95978900E+02  0.92442418E+00  0.92442418E+00
  0.96040400E+02  0.92269818E+00  0.92269818E+00
  0.96101900E+02  0.92096922E+00  0.92096922E+00
  0.96163400E+02  0.91923728E+00  0.91923728E+00
  0.96225000E+02  0.91827759E+00  0.91827759E+00
  0.96286500E+02  0.91654021E+00  0.91654021E+00
  0.96348000E+02  0.91479986E+00  0.91479986E+00
  0.96409500E+02  0.91305654E+00  0.91305654E+00
  0.96471100E+02  0.91131120E+00  0.91131120E+00
  0.96532600E+02  0.90956194E+00  0.90956194E+00
  0.96594100E+02  0.90858694E+00  0.90858694E+00
  0.96655600E+02  0.90760996E+00  0.90760996E+00
  0.96717200E+02  0.90663195E+00  0.90663195E+00
  0.96778700E+02  0.90487229E+00  0.90487229E+00
  0.96840200E+02  0.90388888E+00  0.90388888E+00
  0.96901700E+02  0.90290349E+00  0.90290349E+00
  0.96963300E+02  0.90113685E+00  0.90113685E+00
  0.97024800E+02  0.90014701E+00  0.90014701E+00
  0.97086300E+02  0.89915518E+00  0.89915518E+00
  0.97147800E+02  0.89816138E+00  0.89816138E+00
  0.97209400E+02  0.89716652E+00  0.89716652E+00
  0.97270900E+02  0.89538608E+00  0.89538608E+00
  0.97332400E+02  0.89438584E+00  0.89438584E+00
  0.97393900E+02  0.89338362E+00  0.89338362E+00
  0.97455500E+02  0.89238034E+00  0.89238034E+00
  0.97517000E+02  0.89058950E+00  0.89058950E+00
  0.97578500E+02  0.88958085E+00  0.88958085E+00
  0.97640000E+02  0.88857022E+00  0.88857022E+00
  0.97701600E+02  0.88677237E+00  0.88677237E+00
  0.97763100E+02  0.88575729E+00  0.88575729E+00
  0.97824600E+02  0.88474022E+00  0.88474022E+00
  0.97886100E+02  0.88293354E+00  0.88293354E+00
  0.97947700E+02  0.88191292E+00  0.88191292E+00
  0.98009200E+02  0.88088942E+00  0.88088942E+00
  0.98070700E+02  0.87986394E+00  0.87986394E+00
  0.98132200E+02  0.87883648E+00  0.87883648E+00
  0.98193800E+02  0.87780794E+00  0.87780794E+00
  0.98255300E+02  0.87598592E+00  0.87598592E+00
  0.98316800E+02  0.87495202E+00  0.87495202E+00
  0.98378300E+02  0.87391615E+00  0.87391615E+00
  0.98439900E+02  0.87287918E+00  0.87287918E+00
  0.98501400E+02  0.87183935E+00  0.87183935E+00
  0.98562900E+02  0.87079754E+00  0.87079754E+00
  0.98624400E+02  0.86975374E+00  0.86975374E+00
  0.98686000E+02  0.86870885E+00  0.86870885E+00
  0.98747500E+02  0.86766110E+00  0.86766110E+00
  0.98809000E+02  0.86661137E+00  0.86661137E+00
  0.98870500E+02  0.86555965E+00  0.86555965E+00
  0.98932100E+02  0.86450684E+00  0.86450684E+00
  0.98993600E+02  0.86345116E+00  0.86345116E+00
  0.99055100E+02  0.86239351E+00  0.86239351E+00
  0.99116600E+02  0.86133388E+00  0.86133388E+00
  0.99178200E+02  0.86027314E+00  0.86027314E+00
  0.99239700E+02  0.85841102E+00  0.85841102E+00
  0.99301200E+02  0.85734496E+00  0.85734496E+00
  0.99362700E+02  0.85627691E+00  0.85627691E+00
  0.99424300E+02  0.85520775E+00  0.85520775E+00
  0.99485800E+02  0.85413574E+00  0.85413574E+00
  0.99547300E+02  0.85306175E+00  0.85306175E+00
  0.99608800E+02  0.85198579E+00  0.85198579E+00
  0.99670400E+02  0.85090870E+00  0.85090870E+00
  0.99731900E+02  0.84982877E+00  0.84982877E+00
  0.99793400E+02  0.84954985E+00  0.84954985E+00
  0.99854900E+02  0.84846646E+00  0.84846646E+00
  0.99916500E+02  0.84738194E+00  0.84738194E+00
  0.99978000E+02  0.84629459E+00  0.84629459E+00
  0.10003950E+03  0.84520526E+00  0.84520526E+00
  0.10010100E+03  0.84411395E+00  0.84411395E+00
  0.10016260E+03  0.84302150E+00  0.84302150E+00
  0.10022410E+03  0.84192623E+00  0.84192623E+00
  0.10028560E+03  0.84082899E+00  0.84082899E+00
  0.10034710E+03  0.83972976E+00  0.83972976E+00
  0.10040870E+03  0.83943731E+00  0.83943731E+00
  0.10047020E+03  0.83833462E+00  0.83833462E+00
  0.10053170E+03  0.83722995E+00  0.83722995E+00
  0.10059320E+03  0.83612330E+00  0.83612330E+00
  0.10065480E+03  0.83501549E+00  0.83501549E+00
  0.10071630E+03  0.83390488E+00  0.83390488E+00
  0.10077780E+03  0.83360319E+00  0.83360319E+00
  0.10083930E+03  0.83248911E+00  0.83248911E+00
  0.10090090E+03  0.83137388E+00  0.83137388E+00
  0.10096240E+03  0.83025584E+00  0.83025584E+00
  0.10102390E+03  0.82913583E+00  0.82913583E+00
  0.10108540E+03  0.82882720E+00  0.82882720E+00
  0.10114700E+03  0.82770454E+00  0.82770454E+00
  0.10120850E+03  0.82657908E+00  0.82657908E+00
  0.10127000E+03  0.82545164E+00  0.82545164E+00
  0.10133150E+03  0.82513757E+00  0.82513757E+00
  0.10139310E+03  0.82400748E+00  0.82400748E+00
  0.10145460E+03  0.82287459E+00  0.82287459E+00
  0.10151610E+03  0.82173973E+00  0.82173973E+00
  0.10157760E+03  0.82142022E+00  0.82142022E+00
  0.10163920E+03  0.82028269E+00  0.82028269E+00
  0.10170070E+03  0.81914238E+00  0.81914238E+00
  0.10176220E+03  0.81881891E+00  0.81881891E+00
  0.10182370E+03  0.81767514E+00  0.81767514E+00
  0.10188530E+03  0.81653019E+00  0.81653019E+00
  0.10194680E+03  0.81538245E+00  0.81538245E+00
  0.10200830E+03  0.81505354E+00  0.81505354E+00
  0.10206980E+03  0.81390234E+00  0.81390234E+00
  0.10213140E+03  0.81274996E+00  0.81274996E+00
  0.10219290E+03  0.81241708E+00  0.81241708E+00
  0.10225440E+03  0.81126044E+00  0.81126044E+00
  0.10231590E+03  0.81092509E+00  0.81092509E+00
  0.10237750E+03  0.80976577E+00  0.80976577E+00
  0.10243900E+03  0.80860368E+00  0.80860368E+00
  0.10250050E+03  0.80826438E+00  0.80826438E+00
  0.10256200E+03  0.80709882E+00  0.80709882E+00
  0.10262360E+03  0.80593208E+00  0.80593208E+00
  0.10268510E+03  0.80558881E+00  0.80558881E+00
  0.10274660E+03  0.80441781E+00  0.80441781E+00
  0.10280810E+03  0.80407207E+00  0.80407207E+00
  0.10286970E+03  0.80289839E+00  0.80289839E+00
  0.10293120E+03  0.80172195E+00  0.80172195E+00
  0.10299270E+03  0.80137224E+00  0.80137224E+00
  0.10305420E+03  0.80019234E+00  0.80019234E+00
  0.10311580E+03  0.79984094E+00  0.79984094E+00
  0.10317730E+03  0.79865756E+00  0.79865756E+00
  0.10323880E+03  0.79830291E+00  0.79830291E+00
  0.10330030E+03  0.79711608E+00  0.79711608E+00
  0.10336190E+03  0.79592803E+00  0.79592803E+00
  0.10342340E+03  0.79556942E+00  0.79556942E+00
  0.10348490E+03  0.79437714E+00  0.79437714E+00
  0.10354640E+03  0.79401605E+00  0.79401605E+00
  0.10360800E+03  0.79282107E+00  0.79282107E+00
  0.10366950E+03  0.79245751E+00  0.79245751E+00
  0.10373100E+03  0.79125830E+00  0.79125830E+00
  0.10379250E+03  0.79089227E+00  0.79089227E+00
  0.10385410E+03  0.78969035E+00  0.78969035E+00
  0.10391560E+03  0.78932184E+00  0.78932184E+00
  0.10397710E+03  0.78811570E+00  0.78811570E+00
  0.10403860E+03  0.78774472E+00  0.78774472E+00
  0.10410020E+03  0.78653587E+00  0.78653587E+00
  0.10416170E+03  0.78616241E+00  0.78616241E+00
  0.10422320E+03  0.78494934E+00  0.78494934E+00
  0.10428470E+03  0.78457341E+00  0.78457341E+00
  0.10434630E+03  0.78335763E+00  0.78335763E+00
  0.10440780E+03  0.78297922E+00  0.78297922E+00
  0.10446930E+03  0.78175922E+00  0.78175922E+00
  0.10453080E+03  0.78137834E+00  0.78137834E+00
  0.10459240E+03  0.78099721E+00  0.78099721E+00
  0.10465390E+03  0.77977226E+00  0.77977226E+00
  0.10471540E+03  0.77938791E+00  0.77938791E+00
  0.10477690E+03  0.77815950E+00  0.77815950E+00
  0.10483850E+03  0.77777342E+00  0.77777342E+00
  0.10490000E+03  0.77654154E+00  0.77654154E+00
  0.10496150E+03  0.77615225E+00  0.77615225E+00
  0.10502300E+03  0.77576196E+00  0.77576196E+00
  0.10508460E+03  0.77452587E+00  0.77452587E+00
  0.10514610E+03  0.77413311E+00  0.77413311E+00
  0.10520760E+03  0.77289281E+00  0.77289281E+00
  0.10526910E+03  0.77249758E+00  0.77249758E+00
  0.10533070E+03  0.77125455E+00  0.77125455E+00
  0.10539220E+03  0.77085684E+00  0.77085684E+00
  0.10545370E+03  0.77045814E+00  0.77045814E+00
  0.10551520E+03  0.76920943E+00  0.76920943E+00
  0.10557680E+03  0.76880899E+00  0.76880899E+00
  0.10563830E+03  0.76840682E+00  0.76840682E+00
  0.10569980E+03  0.76715317E+00  0.76715317E+00
  0.10576130E+03  0.76674853E+00  0.76674853E+00
  0.10582290E+03  0.76549213E+00  0.76549213E+00
  0.10588440E+03  0.76508501E+00  0.76508501E+00
  0.10594590E+03  0.76467691E+00  0.76467691E+00
  0.10600740E+03  0.76341484E+00  0.76341484E+00
  0.10606900E+03  0.76300498E+00  0.76300498E+00
  0.10613050E+03  0.76259341E+00  0.76259341E+00
  0.10619200E+03  0.76132639E+00  0.76132639E+00
  0.10625350E+03  0.76091234E+00  0.76091234E+00
  0.10631510E+03  0.76049803E+00  0.76049803E+00
  0.10637660E+03  0.75922605E+00  0.75922605E+00
  0.10643810E+03  0.75880855E+00  0.75880855E+00
  0.10649960E+03  0.75839005E+00  0.75839005E+00
  0.10656110E+03  0.75711313E+00  0.75711313E+00
  0.10662270E+03  0.75669287E+00  0.75669287E+00
  0.10668420E+03  0.75627090E+00  0.75627090E+00
  0.10674570E+03  0.75498903E+00  0.75498903E+00
  0.10680720E+03  0.75456460E+00  0.75456460E+00
  0.10686880E+03  0.75413987E+00  0.75413987E+00
  0.10693030E+03  0.75371346E+00  0.75371346E+00
  0.10699180E+03  0.75242515E+00  0.75242515E+00
  0.10705330E+03  0.75199626E+00  0.75199626E+00
  0.10711490E+03  0.75156708E+00  0.75156708E+00
  0.10717640E+03  0.75027383E+00  0.75027383E+00
  0.10723790E+03  0.74984147E+00  0.74984147E+00
  0.10729940E+03  0.74940812E+00  0.74940812E+00
  0.10736100E+03  0.74897449E+00  0.74897449E+00
  0.10742250E+03  0.74767480E+00  0.74767480E+00
  0.10748400E+03  0.74723799E+00  0.74723799E+00
  0.10754550E+03  0.74680019E+00  0.74680019E+00
  0.10760710E+03  0.74549624E+00  0.74549624E+00
  0.10766860E+03  0.74505596E+00  0.74505596E+00
  0.10773010E+03  0.74461470E+00  0.74461470E+00
  0.10779160E+03  0.74417244E+00  0.74417244E+00
  0.10785320E+03  0.74286206E+00  0.74286206E+00
  0.10791470E+03  0.74241733E+00  0.74241733E+00
  0.10797620E+03  0.74197161E+00  0.74197161E+00
  0.10803770E+03  0.74152490E+00  0.74152490E+00
  0.10809930E+03  0.74020808E+00  0.74020808E+00
  0.10816080E+03  0.73975889E+00  0.73975889E+00
  0.10822230E+03  0.73930872E+00  0.73930872E+00
  0.10828380E+03  0.73885756E+00  0.73885756E+00
  0.10834540E+03  0.73840608E+00  0.73840608E+00
  0.10840690E+03  0.73708065E+00  0.73708065E+00
  0.10846840E+03  0.73662603E+00  0.73662603E+00
  0.10852990E+03  0.73617041E+00  0.73617041E+00
  0.10859150E+03  0.73571448E+00  0.73571448E+00
  0.10865300E+03  0.73525688E+00  0.73525688E+00
  0.10871450E+03  0.73392353E+00  0.73392353E+00
  0.10877600E+03  0.73346346E+00  0.73346346E+00
  0.10883760E+03  0.73300307E+00  0.73300307E+00
  0.10889910E+03  0.73254102E+00  0.73254102E+00
  0.10896060E+03  0.73207797E+00  0.73207797E+00
  0.10902210E+03  0.73073671E+00  0.73073671E+00
  0.10908370E+03  0.73027186E+00  0.73027186E+00
  0.10914520E+03  0.72980535E+00  0.72980535E+00
  0.10920670E+03  0.72933785E+00  0.72933785E+00
  0.10926820E+03  0.72886937E+00  0.72886937E+00
  0.10932980E+03  0.72752085E+00  0.72752085E+00
  0.10939130E+03  0.72704988E+00  0.72704988E+00
  0.10945280E+03  0.72657793E+00  0.72657793E+00
  0.10951430E+03  0.72610499E+00  0.72610499E+00
  0.10957590E+03  0.72563172E+00  0.72563172E+00
  0.10963740E+03  0.72515680E+00  0.72515680E+00
  0.10969890E+03  0.72468089E+00  0.72468089E+00
  0.10976040E+03  0.72332081E+00  0.72332081E+00
  0.10982200E+03  0.72284308E+00  0.72284308E+00
  0.10988350E+03  0.72236371E+00  0.72236371E+00
  0.10994500E+03  0.72188334E+00  0.72188334E+00
  0.11000650E+03  0.72140199E+00  0.72140199E+00
  0.11006810E+03  0.72092030E+00  0.72092030E+00
  0.11012960E+03  0.72043696E+00  0.72043696E+00
  0.11019110E+03  0.71906599E+00  0.71906599E+00
  0.11025260E+03  0.71858018E+00  0.71858018E+00
  0.11031420E+03  0.71809404E+00  0.71809404E+00
  0.11037570E+03  0.71760625E+00  0.71760625E+00
  0.11043720E+03  0.71711747E+00  0.71711747E+00
  0.11049870E+03  0.71662770E+00  0.71662770E+00
  0.11056030E+03  0.71613758E+00  0.71613758E+00
  0.11062180E+03  0.71564583E+00  0.71564583E+00
  0.11068330E+03  0.71426249E+00  0.71426249E+00
  0.11074480E+03  0.71376827E+00  0.71376827E+00
  0.11080640E+03  0.71327370E+00  0.71327370E+00
  0.11086790E+03  0.71277750E+00  0.71277750E+00
  0.11092940E+03  0.71228030E+00  0.71228030E+00
  0.11099090E+03  0.71178212E+00  0.71178212E+00
  0.11105250E+03  0.71128358E+00  0.71128358E+00
  0.11111400E+03  0.71078342E+00  0.71078342E+00
  0.11117550E+03  0.71028227E+00  0.71028227E+00
  0.11123700E+03  0.70978012E+00  0.70978012E+00
  0.11129860E+03  0.70838208E+00  0.70838208E+00
  0.11136010E+03  0.70787746E+00  0.70787746E+00
  0.11142160E+03  0.70737185E+00  0.70737185E+00
  0.11148310E+03  0.70686525E+00  0.70686525E+00
  0.11154470E+03  0.70635830E+00  0.70635830E+00
  0.11160620E+03  0.70584972E+00  0.70584972E+00
  0.11166770E+03  0.70534015E+00  0.70534015E+00
  0.11172920E+03  0.70482959E+00  0.70482959E+00
  0.11179080E+03  0.70431868E+00  0.70431868E+00
  0.11185230E+03  0.70380614E+00  0.70380614E+00
  0.11191380E+03  0.70329261E+00  0.70329261E+00
  0.11197530E+03  0.70277809E+00  0.70277809E+00
  0.11203690E+03  0.70226321E+00  0.70226321E+00
  0.11209840E+03  0.70174672E+00  0.70174672E+00
  0.11215990E+03  0.70122923E+00  0.70122923E+00
  0.11222140E+03  0.70071075E+00  0.70071075E+00
  0.11228300E+03  0.70019191E+00  0.70019191E+00
  0.11234450E+03  0.69876748E+00  0.69876748E+00
  0.11240600E+03  0.69824554E+00  0.69824554E+00
  0.11246750E+03  0.69772261E+00  0.69772261E+00
  0.11252910E+03  0.69719931E+00  0.69719931E+00
  0.11259060E+03  0.69667440E+00  0.69667440E+00
  0.11265210E+03  0.69614850E+00  0.69614850E+00
  0.11271360E+03  0.69562161E+00  0.69562161E+00
  0.11277520E+03  0.69509434E+00  0.69509434E+00
  0.11283670E+03  0.69456547E+00  0.69456547E+00
  0.11289820E+03  0.69403561E+00  0.69403561E+00
  0.11295970E+03  0.69350476E+00  0.69350476E+00
  0.11302130E+03  0.69297353E+00  0.69297353E+00
  0.11308280E+03  0.69244070E+00  0.69244070E+00
  0.11314430E+03  0.69190688E+00  0.69190688E+00
  0.11320580E+03  0.69137207E+00  0.69137207E+00
  0.11326740E+03  0.69083688E+00  0.69083688E+00
  0.11332890E+03  0.69030009E+00  0.69030009E+00
  0.11339040E+03  0.68976231E+00  0.68976231E+00
  0.11345190E+03  0.68922354E+00  0.68922354E+00
  0.11351350E+03  0.68868439E+00  0.68868439E+00
  0.11357500E+03  0.68814364E+00  0.68814364E+00
  0.11363650E+03  0.68760190E+00  0.68760190E+00
  0.11369800E+03  0.68705917E+00  0.68705917E+00
  0.11375960E+03  0.68651605E+00  0.68651605E+00
  0.11382110E+03  0.68597135E+00  0.68597135E+00
  0.11388260E+03  0.68542565E+00  0.68542565E+00
  0.11394410E+03  0.68487896E+00  0.68487896E+00
  0.11400570E+03  0.68433188E+00  0.68433188E+00
  0.11406720E+03  0.68378321E+00  0.68378321E+00
  0.11412870E+03  0.68323355E+00  0.68323355E+00
  0.11419020E+03  0.68268290E+00  0.68268290E+00
  0.11425180E+03  0.68213186E+00  0.68213186E+00
  0.11431330E+03  0.68157923E+00  0.68157923E+00
  0.11437480E+03  0.68102561E+00  0.68102561E+00
  0.11443630E+03  0.68047100E+00  0.68047100E+00
  0.11449790E+03  0.68083730E+00  0.68083730E+00
  0.11455940E+03  0.68028120E+00  0.68028120E+00
  0.11462090E+03  0.67972412E+00  0.67972412E+00
  0.11468240E+03  0.67916605E+00  0.67916605E+00
  0.11474400E+03  0.67860757E+00  0.67860757E+00
  0.11480550E+03  0.67804752E+00  0.67804752E+00
  0.11486700E+03  0.67748648E+00  0.67748648E+00
  0.11492850E+03  0.67692445E+00  0.67692445E+00
  0.11499010E+03  0.67636201E+00  0.67636201E+00
  0.11505160E+03  0.67579800E+00  0.67579800E+00
  0.11511310E+03  0.67523300E+00  0.67523300E+00
  0.11517460E+03  0.67466700E+00  0.67466700E+00
  0.11523620E+03  0.67410061E+00  0.67410061E+00
  0.11529770E+03  0.67353263E+00  0.67353263E+00
  0.11535920E+03  0.67296367E+00  0.67296367E+00
  0.11542070E+03  0.67239372E+00  0.67239372E+00
  0.11548230E+03  0.67182336E+00  0.67182336E+00
  0.11554380E+03  0.67218114E+00  0.67218114E+00
  0.11560530E+03  0.67160871E+00  0.67160871E+00
  0.11566680E+03  0.67103530E+00  0.67103530E+00
  0.11572840E+03  0.67046147E+00  0.67046147E+00
  0.11578990E+03  0.66988607E+00  0.66988607E+00
  0.11585140E+03  0.66930968E+00  0.66930968E+00
  0.11591290E+03  0.66873231E+00  0.66873231E+00
  0.11597450E+03  0.66815452E+00  0.66815452E+00
  0.11603600E+03  0.66757516E+00  0.66757516E+00
  0.11609750E+03  0.66699482E+00  0.66699482E+00
  0.11615900E+03  0.66641348E+00  0.66641348E+00
  0.11622060E+03  0.66583173E+00  0.66583173E+00
  0.11628210E+03  0.66618406E+00  0.66618406E+00
  0.11634360E+03  0.66560025E+00  0.66560025E+00
  0.11640510E+03  0.66501545E+00  0.66501545E+00
  0.11646670E+03  0.66443023E+00  0.66443023E+00
  0.11652820E+03  0.66384345E+00  0.66384345E+00
  0.11658970E+03  0.66325568E+00  0.66325568E+00
  0.11665120E+03  0.66266692E+00  0.66266692E+00
  0.11671280E+03  0.66207774E+00  0.66207774E+00
  0.11677430E+03  0.66148699E+00  0.66148699E+00
  0.11683580E+03  0.66183537E+00  0.66183537E+00
  0.11689730E+03  0.66124315E+00  0.66124315E+00
  0.11695890E+03  0.66065050E+00  0.66065050E+00
  0.11702040E+03  0.66005629E+00  0.66005629E+00
  0.11708190E+03  0.65946110E+00  0.65946110E+00
  0.11714340E+03  0.65886491E+00  0.65886491E+00
  0.11720500E+03  0.65826830E+00  0.65826830E+00
  0.11726650E+03  0.65767013E+00  0.65767013E+00
  0.11732800E+03  0.65801505E+00  0.65801505E+00
  0.11738950E+03  0.65741540E+00  0.65741540E+00
  0.11745110E+03  0.65681532E+00  0.65681532E+00
  0.11751260E+03  0.65621369E+00  0.65621369E+00
  0.11757410E+03  0.65561107E+00  0.65561107E+00
  0.11763560E+03  0.65500746E+00  0.65500746E+00
  0.11769720E+03  0.65440341E+00  0.65440341E+00
  0.11775870E+03  0.65379783E+00  0.65379783E+00
  0.11782020E+03  0.65413927E+00  0.65413927E+00
  0.11788170E+03  0.65353220E+00  0.65353220E+00
  0.11794330E+03  0.65292469E+00  0.65292469E+00
  0.11800480E+03  0.65231564E+00  0.65231564E+00
  0.11806630E+03  0.65170559E+00  0.65170559E+00
  0.11812780E+03  0.65109456E+00  0.65109456E+00
  0.11818940E+03  0.65143408E+00  0.65143408E+00
  0.11825090E+03  0.65082157E+00  0.65082157E+00
  0.11831240E+03  0.65020806E+00  0.65020806E+00
  0.11837390E+03  0.64959356E+00  0.64959356E+00
  0.11843550E+03  0.64897862E+00  0.64897862E+00
  0.11849700E+03  0.64836214E+00  0.64836214E+00
  0.11855850E+03  0.64774467E+00  0.64774467E+00
  0.11862000E+03  0.64808068E+00  0.64808068E+00
  0.11868160E+03  0.64746227E+00  0.64746227E+00
  0.11874310E+03  0.64684233E+00  0.64684233E+00
  0.11880460E+03  0.64622139E+00  0.64622139E+00
  0.11886610E+03  0.64559947E+00  0.64559947E+00
  0.11892770E+03  0.64593404E+00  0.64593404E+00
  0.11898920E+03  0.64531063E+00  0.64531063E+00
  0.11905070E+03  0.64468623E+00  0.64468623E+00
  0.11911220E+03  0.64406085E+00  0.64406085E+00
  0.11917380E+03  0.64343501E+00  0.64343501E+00
  0.11923530E+03  0.64280764E+00  0.64280764E+00
  0.11929680E+03  0.64313919E+00  0.64313919E+00
  0.11935830E+03  0.64251034E+00  0.64251034E+00
  0.11941990E+03  0.64188103E+00  0.64188103E+00
  0.11948140E+03  0.64125020E+00  0.64125020E+00
  0.11954290E+03  0.64061838E+00  0.64061838E+00
  0.11960440E+03  0.64094795E+00  0.64094795E+00
  0.11966600E+03  0.64031518E+00  0.64031518E+00
  0.11972750E+03  0.63968088E+00  0.63968088E+00
  0.11978900E+03  0.63904560E+00  0.63904560E+00
  0.11985050E+03  0.63840932E+00  0.63840932E+00
  0.11991210E+03  0.63873744E+00  0.63873744E+00
  0.11997360E+03  0.63809968E+00  0.63809968E+00
  0.12003510E+03  0.63746093E+00  0.63746093E+00
  0.12009660E+03  0.63682119E+00  0.63682119E+00
  0.12015820E+03  0.63618099E+00  0.63618099E+00
  0.12021970E+03  0.63650660E+00  0.63650660E+00
  0.12028120E+03  0.63586438E+00  0.63586438E+00
  0.12034270E+03  0.63522118E+00  0.63522118E+00
  0.12040430E+03  0.63457751E+00  0.63457751E+00
  0.12046580E+03  0.63393232E+00  0.63393232E+00
  0.12052730E+03  0.63425596E+00  0.63425596E+00
  0.12058880E+03  0.63360929E+00  0.63360929E+00
  0.12065040E+03  0.63296215E+00  0.63296215E+00
  0.12071190E+03  0.63231350E+00  0.63231350E+00
  0.12077340E+03  0.63263565E+00  0.63263565E+00
  0.12083490E+03  0.63198551E+00  0.63198551E+00
  0.12089650E+03  0.63133491E+00  0.63133491E+00
  0.12095800E+03  0.63068279E+00  0.63068279E+00
  0.12101950E+03  0.63002969E+00  0.63002969E+00
  0.12108100E+03  0.63034986E+00  0.63034986E+00
  0.12114260E+03  0.62969579E+00  0.62969579E+00
  0.12120410E+03  0.62904020E+00  0.62904020E+00
  0.12126560E+03  0.62838363E+00  0.62838363E+00
  0.12132710E+03  0.62870232E+00  0.62870232E+00
  0.12138870E+03  0.62804478E+00  0.62804478E+00
  0.12145020E+03  0.62738574E+00  0.62738574E+00
  0.12151170E+03  0.62672570E+00  0.62672570E+00
  0.12157320E+03  0.62704290E+00  0.62704290E+00
  0.12163480E+03  0.62638190E+00  0.62638190E+00
  0.12169630E+03  0.62571939E+00  0.62571939E+00
  0.12175780E+03  0.62505589E+00  0.62505589E+00
  0.12181930E+03  0.62537160E+00  0.62537160E+00
  0.12188090E+03  0.62470713E+00  0.62470713E+00
  0.12194240E+03  0.62404116E+00  0.62404116E+00
  0.12200390E+03  0.62337419E+00  0.62337419E+00
  0.12206540E+03  0.62368842E+00  0.62368842E+00
  0.12212700E+03  0.62302048E+00  0.62302048E+00
  0.12218850E+03  0.62235104E+00  0.62235104E+00
  0.12225000E+03  0.62168061E+00  0.62168061E+00
  0.12231150E+03  0.62199336E+00  0.62199336E+00
  0.12237310E+03  0.62132195E+00  0.62132195E+00
  0.12243460E+03  0.62064905E+00  0.62064905E+00
  0.12249610E+03  0.61997515E+00  0.61997515E+00
  0.12255760E+03  0.62028642E+00  0.62028642E+00
  0.12261920E+03  0.61961154E+00  0.61961154E+00
  0.12268070E+03  0.61893517E+00  0.61893517E+00
  0.12274220E+03  0.61825782E+00  0.61825782E+00
  0.12280370E+03  0.61856759E+00  0.61856759E+00
  0.12286530E+03  0.61788925E+00  0.61788925E+00
  0.12292680E+03  0.61720942E+00  0.61720942E+00
  0.12298830E+03  0.61751821E+00  0.61751821E+00
  0.12304980E+03  0.61683689E+00  0.61683689E+00
