   #Energy      xx              yy   
  0.00000000E+00  0.00000000E+00  0.00000000E+00
  0.53800000E-01 -0.59050500E+00 -0.59050500E+00
  0.10770000E+00 -0.76986094E+00 -0.76986094E+00
  0.16150000E+00 -0.63922168E+00 -0.63922168E+00
  0.21540000E+00 -0.42016486E+00 -0.42016486E+00
  0.26920000E+00 -0.31492470E+00 -0.31492470E+00
  0.32300000E+00 -0.33661133E+00 -0.33661133E+00
  0.37690000E+00 -0.40601420E+00 -0.40601420E+00
  0.43070000E+00 -0.52163911E+00 -0.52163911E+00
  0.48460000E+00 -0.70118124E+00 -0.70118124E+00
  0.53840000E+00 -0.90182065E+00 -0.90182065E+00
  0.59220000E+00 -0.10434170E+01 -0.10434170E+01
  0.64610000E+00 -0.10385133E+01 -0.10385133E+01
  0.69990000E+00 -0.94643519E+00 -0.94643519E+00
  0.75370000E+00 -0.92306158E+00 -0.92306158E+00
  0.80760000E+00 -0.97877538E+00 -0.97877538E+00
  0.86140000E+00 -0.11097018E+01 -0.11097018E+01
  0.91530000E+00 -0.13160691E+01 -0.13160691E+01
  0.96910000E+00 -0.14602515E+01 -0.14602515E+01
  0.10229000E+01 -0.14463263E+01 -0.14463263E+01
  0.10768000E+01 -0.12426570E+01 -0.12426570E+01
  0.11306000E+01 -0.76735386E+00 -0.76735386E+00
  0.11845000E+01 -0.71886298E-01 -0.71886298E-01
  0.12383000E+01  0.61169770E+00  0.61169770E+00
  0.12921000E+01  0.10620182E+01  0.10620182E+01
  0.13460000E+01  0.12246963E+01  0.12246963E+01
  0.13998000E+01  0.12201340E+01  0.12201340E+01
  0.14537000E+01  0.11609641E+01  0.11609641E+01
  0.15075000E+01  0.11125506E+01  0.11125506E+01
  0.15613000E+01  0.10986634E+01  0.10986634E+01
  0.16152000E+01  0.10741545E+01  0.10741545E+01
  0.16690000E+01  0.99892900E+00  0.99892900E+00
  0.17228000E+01  0.88025300E+00  0.88025300E+00
  0.17767000E+01  0.73813680E+00  0.73813680E+00
  0.18305000E+01  0.58360239E+00  0.58360239E+00
  0.18844000E+01  0.42547329E+00  0.42547329E+00
  0.19382000E+01  0.27079806E+00  0.27079806E+00
  0.19920000E+01  0.14869861E+00  0.14869861E+00
  0.20459000E+01  0.98652600E-01  0.98652600E-01
  0.20997000E+01  0.92051781E-01  0.92051781E-01
  0.21536000E+01  0.50848063E-01  0.50848063E-01
  0.22074000E+01  0.20079680E-02  0.20079680E-02
  0.22612000E+01  0.32073193E-01  0.32073193E-01
  0.23151000E+01  0.11560293E+00  0.11560293E+00
  0.23689000E+01  0.17202783E+00  0.17202783E+00
  0.24228000E+01  0.17397215E+00  0.17397215E+00
  0.24766000E+01  0.13720434E+00  0.13720434E+00
  0.25304000E+01  0.10785802E+00  0.10785802E+00
  0.25843000E+01  0.13181214E+00  0.13181214E+00
  0.26381000E+01  0.18363439E+00  0.18363439E+00
  0.26919000E+01  0.20980765E+00  0.20980765E+00
  0.27458000E+01  0.22057345E+00  0.22057345E+00
  0.27996000E+01  0.24556156E+00  0.24556156E+00
  0.28535000E+01  0.26051128E+00  0.26051128E+00
  0.29073000E+01  0.22755556E+00  0.22755556E+00
  0.29611000E+01  0.15510693E+00  0.15510693E+00
  0.30150000E+01  0.89243842E-01  0.89243842E-01
  0.30688000E+01  0.55781454E-01  0.55781454E-01
  0.31227000E+01  0.53267036E-01  0.53267036E-01
  0.31765000E+01  0.47996597E-01  0.47996597E-01
  0.32303000E+01 -0.18436836E-01 -0.18436836E-01
  0.32842000E+01 -0.12547426E+00 -0.12547426E+00
  0.33380000E+01 -0.19277247E+00 -0.19277247E+00
  0.33919000E+01 -0.19088845E+00 -0.19088845E+00
  0.34457000E+01 -0.15078364E+00 -0.15078364E+00
  0.34995000E+01 -0.15533527E+00 -0.15533527E+00
  0.35534000E+01 -0.23839377E+00 -0.23839377E+00
  0.36072000E+01 -0.34897935E+00 -0.34897935E+00
  0.36611000E+01 -0.42710753E+00 -0.42710753E+00
  0.37149000E+01 -0.44483752E+00 -0.44483752E+00
  0.37687000E+01 -0.45637656E+00 -0.45637656E+00
  0.38226000E+01 -0.52078586E+00 -0.52078586E+00
  0.38764000E+01 -0.60815664E+00 -0.60815664E+00
  0.39302000E+01 -0.65984660E+00 -0.65984660E+00
  0.39841000E+01 -0.69144263E+00 -0.69144263E+00
  0.40379000E+01 -0.73013185E+00 -0.73013185E+00
  0.40918000E+01 -0.74511535E+00 -0.74511535E+00
  0.41456000E+01 -0.73075084E+00 -0.73075084E+00
  0.41994000E+01 -0.74009902E+00 -0.74009902E+00
  0.42533000E+01 -0.78876794E+00 -0.78876794E+00
  0.43071000E+01 -0.79309349E+00 -0.79309349E+00
  0.43610000E+01 -0.70728392E+00 -0.70728392E+00
  0.44148000E+01 -0.61880954E+00 -0.61880954E+00
  0.44686000E+01 -0.60340017E+00 -0.60340017E+00
  0.45225000E+01 -0.65767881E+00 -0.65767881E+00
  0.45763000E+01 -0.76710550E+00 -0.76710550E+00
  0.46302000E+01 -0.89370030E+00 -0.89370030E+00
  0.46840000E+01 -0.10129427E+01 -0.10129427E+01
  0.47378000E+01 -0.11128700E+01 -0.11128700E+01
  0.47917000E+01 -0.11649526E+01 -0.11649526E+01
  0.48455000E+01 -0.11864968E+01 -0.11864968E+01
  0.48993000E+01 -0.11661075E+01 -0.11661075E+01
  0.49532000E+01 -0.10773790E+01 -0.10773790E+01
  0.50070000E+01 -0.91798014E+00 -0.91798014E+00
  0.50609000E+01 -0.64483872E+00 -0.64483872E+00
  0.51147000E+01 -0.22670113E+00 -0.22670113E+00
  0.51685000E+01  0.17811769E+00  0.17811769E+00
  0.52224000E+01  0.33792120E+00  0.33792120E+00
  0.52762000E+01  0.25789939E+00  0.25789939E+00
  0.53301000E+01  0.96498847E-01  0.96498847E-01
  0.53839000E+01 -0.25614258E-01 -0.25614258E-01
  0.54377000E+01 -0.88816694E-01 -0.88816694E-01
  0.54916000E+01 -0.83021733E-01 -0.83021733E-01
  0.55454000E+01  0.10044139E-01  0.10044139E-01
  0.55993000E+01  0.84244266E-01  0.84244266E-01
  0.56531000E+01  0.41002352E-01  0.41002352E-01
  0.57069000E+01 -0.86184746E-01 -0.86184746E-01
  0.57608000E+01 -0.25649787E+00 -0.25649787E+00
  0.58146000E+01 -0.44631127E+00 -0.44631127E+00
  0.58684000E+01 -0.63108952E+00 -0.63108952E+00
  0.59223000E+01 -0.78038671E+00 -0.78038671E+00
  0.59761000E+01 -0.83375565E+00 -0.83375565E+00
  0.60300000E+01 -0.77656947E+00 -0.77656947E+00
  0.60838000E+01 -0.65826963E+00 -0.65826963E+00
  0.61376000E+01 -0.55554178E+00 -0.55554178E+00
  0.61915000E+01 -0.53619743E+00 -0.53619743E+00
  0.62453000E+01 -0.58092567E+00 -0.58092567E+00
  0.62992000E+01 -0.55952009E+00 -0.55952009E+00
  0.63530000E+01 -0.36126581E+00 -0.36126581E+00
  0.64068000E+01 -0.12445026E+00 -0.12445026E+00
  0.64607000E+01 -0.57209687E-01 -0.57209687E-01
  0.65145000E+01 -0.10477891E+00 -0.10477891E+00
  0.65684000E+01 -0.12864681E+00 -0.12864681E+00
  0.66222000E+01 -0.14020237E+00 -0.14020237E+00
  0.66760000E+01 -0.20491816E+00 -0.20491816E+00
  0.67299000E+01 -0.31492435E+00 -0.31492435E+00
  0.67837000E+01 -0.40279572E+00 -0.40279572E+00
  0.68375000E+01 -0.41386122E+00 -0.41386122E+00
  0.68914000E+01 -0.34849993E+00 -0.34849993E+00
  0.69452000E+01 -0.25567206E+00 -0.25567206E+00
  0.69991000E+01 -0.17404334E+00 -0.17404334E+00
  0.70529000E+01 -0.14347303E+00 -0.14347303E+00
  0.71067000E+01 -0.20686819E+00 -0.20686819E+00
  0.71606000E+01 -0.36620610E+00 -0.36620610E+00
  0.72144000E+01 -0.58180648E+00 -0.58180648E+00
  0.72683000E+01 -0.70966788E+00 -0.70966788E+00
  0.73221000E+01 -0.59349806E+00 -0.59349806E+00
  0.73759000E+01 -0.30002789E+00 -0.30002789E+00
  0.74298000E+01  0.31220865E-01  0.31220865E-01
  0.74836000E+01  0.38850826E+00  0.38850826E+00
  0.75375000E+01  0.73128011E+00  0.73128011E+00
  0.75913000E+01  0.96010182E+00  0.96010182E+00
  0.76451000E+01  0.10649445E+01  0.10649445E+01
  0.76990000E+01  0.11167663E+01  0.11167663E+01
  0.77528000E+01  0.11341814E+01  0.11341814E+01
  0.78067000E+01  0.10801651E+01  0.10801651E+01
  0.78605000E+01  0.95529639E+00  0.95529639E+00
  0.79143000E+01  0.81523732E+00  0.81523732E+00
  0.79682000E+01  0.73958287E+00  0.73958287E+00
  0.80220000E+01  0.79920882E+00  0.79920882E+00
  0.80758000E+01  0.95493783E+00  0.95493783E+00
  0.81297000E+01  0.10923963E+01  0.10923963E+01
  0.81835000E+01  0.11591127E+01  0.11591127E+01
  0.82374000E+01  0.11359124E+01  0.11359124E+01
  0.82912000E+01  0.10338037E+01  0.10338037E+01
  0.83450000E+01  0.91804732E+00  0.91804732E+00
  0.83989000E+01  0.82161334E+00  0.82161334E+00
  0.84527000E+01  0.73991545E+00  0.73991545E+00
  0.85066000E+01  0.69080965E+00  0.69080965E+00
  0.85604000E+01  0.67167987E+00  0.67167987E+00
  0.86142000E+01  0.62527970E+00  0.62527970E+00
  0.86681000E+01  0.52438494E+00  0.52438494E+00
  0.87219000E+01  0.42056704E+00  0.42056704E+00
  0.87758000E+01  0.37173621E+00  0.37173621E+00
  0.88296000E+01  0.35773816E+00  0.35773816E+00
  0.88834000E+01  0.32230281E+00  0.32230281E+00
  0.89373000E+01  0.25763684E+00  0.25763684E+00
  0.89911000E+01  0.17899226E+00  0.17899226E+00
  0.90449000E+01  0.87374022E-01  0.87374022E-01
  0.90988000E+01 -0.23585077E-01 -0.23585077E-01
  0.91526000E+01 -0.13615819E+00 -0.13615819E+00
  0.92065000E+01 -0.20833043E+00 -0.20833043E+00
  0.92603000E+01 -0.17630049E+00 -0.17630049E+00
  0.93141000E+01 -0.28941798E-01 -0.28941798E-01
  0.93680000E+01  0.11764373E+00  0.11764373E+00
  0.94218000E+01  0.18703559E+00  0.18703559E+00
  0.94757000E+01  0.21800720E+00  0.21800720E+00
  0.95295000E+01  0.22883407E+00  0.22883407E+00
  0.95833000E+01  0.20011625E+00  0.20011625E+00
  0.96372000E+01  0.13242857E+00  0.13242857E+00
  0.96910000E+01  0.65452745E-01  0.65452745E-01
  0.97449000E+01  0.37811311E-01  0.37811311E-01
  0.97987000E+01  0.38808859E-01  0.38808859E-01
  0.98525000E+01  0.37039118E-01  0.37039118E-01
  0.99064000E+01  0.25359477E-01  0.25359477E-01
  0.99602000E+01  0.19323350E-01  0.19323350E-01
  0.10014000E+02  0.38210546E-01  0.38210546E-01
  0.10067900E+02  0.79425925E-01  0.79425925E-01
  0.10121700E+02  0.12661985E+00  0.12661985E+00
  0.10175600E+02  0.17881793E+00  0.17881793E+00
  0.10229400E+02  0.21533725E+00  0.21533725E+00
  0.10283200E+02  0.19329138E+00  0.19329138E+00
  0.10337100E+02  0.13147801E+00  0.13147801E+00
  0.10390900E+02  0.75198671E-01  0.75198671E-01
  0.10444800E+02  0.24467547E-01  0.24467547E-01
  0.10498600E+02 -0.33129491E-01 -0.33129491E-01
  0.10552400E+02 -0.10287094E+00 -0.10287094E+00
  0.10606300E+02 -0.18143462E+00 -0.18143462E+00
  0.10660100E+02 -0.24800271E+00 -0.24800271E+00
  0.10714000E+02 -0.27262988E+00 -0.27262988E+00
  0.10767800E+02 -0.27070500E+00 -0.27070500E+00
  0.10821600E+02 -0.26456572E+00 -0.26456572E+00
  0.10875500E+02 -0.24548477E+00 -0.24548477E+00
  0.10929300E+02 -0.24555540E+00 -0.24555540E+00
  0.10983200E+02 -0.30405936E+00 -0.30405936E+00
  0.11037000E+02 -0.41065612E+00 -0.41065612E+00
  0.11090800E+02 -0.51533128E+00 -0.51533128E+00
  0.11144700E+02 -0.57731686E+00 -0.57731686E+00
  0.11198500E+02 -0.61481087E+00 -0.61481087E+00
  0.11252300E+02 -0.67175102E+00 -0.67175102E+00
  0.11306200E+02 -0.76461878E+00 -0.76461878E+00
  0.11360000E+02 -0.83254533E+00 -0.83254533E+00
  0.11413900E+02 -0.78393891E+00 -0.78393891E+00
  0.11467700E+02 -0.60651145E+00 -0.60651145E+00
  0.11521500E+02 -0.32443383E+00 -0.32443383E+00
  0.11575400E+02  0.83864049E-02  0.83864049E-02
  0.11629200E+02  0.27859934E+00  0.27859934E+00
  0.11683100E+02  0.41579180E+00  0.41579180E+00
  0.11736900E+02  0.43490229E+00  0.43490229E+00
  0.11790700E+02  0.37558043E+00  0.37558043E+00
  0.11844600E+02  0.27985032E+00  0.27985032E+00
  0.11898400E+02  0.17930472E+00  0.17930472E+00
  0.11952300E+02  0.86498482E-01  0.86498482E-01
  0.12006100E+02 -0.96649423E-03 -0.96649423E-03
  0.12059900E+02 -0.99412495E-01 -0.99412495E-01
  0.12113800E+02 -0.20566211E+00 -0.20566211E+00
  0.12167600E+02 -0.31030402E+00 -0.31030402E+00
  0.12221400E+02 -0.40809100E+00 -0.40809100E+00
  0.12275300E+02 -0.46097893E+00 -0.46097893E+00
  0.12329100E+02 -0.46706853E+00 -0.46706853E+00
  0.12383000E+02 -0.47668639E+00 -0.47668639E+00
  0.12436800E+02 -0.48866898E+00 -0.48866898E+00
  0.12490600E+02 -0.48123068E+00 -0.48123068E+00
  0.12544500E+02 -0.45745552E+00 -0.45745552E+00
  0.12598300E+02 -0.43710576E+00 -0.43710576E+00
  0.12652200E+02 -0.41524467E+00 -0.41524467E+00
  0.12706000E+02 -0.36637999E+00 -0.36637999E+00
  0.12759800E+02 -0.32653648E+00 -0.32653648E+00
  0.12813700E+02 -0.34359473E+00 -0.34359473E+00
  0.12867500E+02 -0.40925926E+00 -0.40925926E+00
  0.12921400E+02 -0.51530325E+00 -0.51530325E+00
  0.12975200E+02 -0.67287144E+00 -0.67287144E+00
  0.13029000E+02 -0.86854271E+00 -0.86854271E+00
  0.13082900E+02 -0.10831925E+01 -0.10831925E+01
  0.13136700E+02 -0.13103580E+01 -0.13103580E+01
  0.13190500E+02 -0.15217211E+01 -0.15217211E+01
  0.13244400E+02 -0.16403144E+01 -0.16403144E+01
  0.13298200E+02 -0.15841387E+01 -0.15841387E+01
  0.13352100E+02 -0.13951522E+01 -0.13951522E+01
  0.13405900E+02 -0.10743222E+01 -0.10743222E+01
  0.13459700E+02 -0.57566855E+00 -0.57566855E+00
  0.13513600E+02 -0.91488049E-01 -0.91488049E-01
  0.13567400E+02  0.21439480E+00  0.21439480E+00
  0.13621300E+02  0.45549369E+00  0.45549369E+00
  0.13675100E+02  0.75496236E+00  0.75496236E+00
  0.13728900E+02  0.10288121E+01  0.10288121E+01
  0.13782800E+02  0.11260509E+01  0.11260509E+01
  0.13836600E+02  0.10386651E+01  0.10386651E+01
  0.13890500E+02  0.87598921E+00  0.87598921E+00
  0.13944300E+02  0.74232237E+00  0.74232237E+00
  0.13998100E+02  0.66427852E+00  0.66427852E+00
  0.14052000E+02  0.60281100E+00  0.60281100E+00
  0.14105800E+02  0.52994748E+00  0.52994748E+00
  0.14159700E+02  0.44625503E+00  0.44625503E+00
  0.14213500E+02  0.36122095E+00  0.36122095E+00
  0.14267300E+02  0.29918983E+00  0.29918983E+00
  0.14321200E+02  0.26285217E+00  0.26285217E+00
  0.14375000E+02  0.21604762E+00  0.21604762E+00
  0.14428800E+02  0.15343709E+00  0.15343709E+00
  0.14482700E+02  0.10341189E+00  0.10341189E+00
  0.14536500E+02  0.57807490E-01  0.57807490E-01
  0.14590400E+02  0.12919842E-02  0.12919842E-02
  0.14644200E+02 -0.25227646E-01 -0.25227646E-01
  0.14698000E+02  0.24965370E-01  0.24965370E-01
  0.14751900E+02  0.90964941E-01  0.90964941E-01
  0.14805700E+02  0.82000159E-01  0.82000159E-01
  0.14859600E+02  0.33254408E-01  0.33254408E-01
  0.14913400E+02  0.40217844E-01  0.40217844E-01
  0.14967200E+02  0.10217243E+00  0.10217243E+00
  0.15021100E+02  0.16227498E+00  0.16227498E+00
  0.15074900E+02  0.21346053E+00  0.21346053E+00
  0.15128800E+02  0.25075993E+00  0.25075993E+00
  0.15182600E+02  0.24700729E+00  0.24700729E+00
  0.15236400E+02  0.17196010E+00  0.17196010E+00
  0.15290300E+02  0.55143120E-01  0.55143120E-01
  0.15344100E+02 -0.62995410E-02 -0.62995410E-02
  0.15397900E+02 -0.73132567E-02 -0.73132567E-02
  0.15451800E+02 -0.16543524E-01 -0.16543524E-01
  0.15505600E+02 -0.29707277E-01 -0.29707277E-01
  0.15559500E+02 -0.12525439E-02 -0.12525439E-02
  0.15613300E+02  0.45498867E-01  0.45498867E-01
  0.15667100E+02  0.47547455E-01  0.47547455E-01
  0.15721000E+02  0.10504021E-01  0.10504021E-01
  0.15774800E+02 -0.36953379E-01 -0.36953379E-01
  0.15828700E+02 -0.76707716E-01 -0.76707716E-01
  0.15882500E+02 -0.62648728E-01 -0.62648728E-01
  0.15936300E+02  0.10006436E-01  0.10006436E-01
  0.15990200E+02  0.96798593E-01  0.96798593E-01
  0.16044000E+02  0.24448971E+00  0.24448971E+00
  0.16097900E+02  0.54323508E+00  0.54323508E+00
  0.16151700E+02  0.88479708E+00  0.88479708E+00
  0.16205500E+02  0.10551177E+01  0.10551177E+01
  0.16259400E+02  0.10379466E+01  0.10379466E+01
  0.16313200E+02  0.93750556E+00  0.93750556E+00
  0.16367000E+02  0.80317716E+00  0.80317716E+00
  0.16420900E+02  0.66570219E+00  0.66570219E+00
  0.16474700E+02  0.54547335E+00  0.54547335E+00
  0.16528600E+02  0.41779480E+00  0.41779480E+00
  0.16582400E+02  0.24855607E+00  0.24855607E+00
  0.16636200E+02  0.66023473E-01  0.66023473E-01
  0.16690100E+02 -0.75642286E-01 -0.75642286E-01
  0.16743900E+02 -0.13842814E+00 -0.13842814E+00
  0.16797800E+02 -0.82891537E-01 -0.82891537E-01
  0.16851600E+02  0.39747157E-01  0.39747157E-01
  0.16905400E+02  0.10941549E+00  0.10941549E+00
  0.16959300E+02  0.93518128E-01  0.93518128E-01
  0.17013100E+02  0.32321594E-01  0.32321594E-01
  0.17067000E+02 -0.22119758E-01 -0.22119758E-01
  0.17120800E+02 -0.20535611E-01 -0.20535611E-01
  0.17174600E+02  0.21153166E-01  0.21153166E-01
  0.17228500E+02  0.21774311E-01  0.21774311E-01
  0.17282300E+02 -0.44936720E-01 -0.44936720E-01
  0.17336100E+02 -0.13174092E+00 -0.13174092E+00
  0.17390000E+02 -0.21488459E+00 -0.21488459E+00
  0.17443800E+02 -0.29755645E+00 -0.29755645E+00
  0.17497700E+02 -0.37721491E+00 -0.37721491E+00
  0.17551500E+02 -0.45071523E+00 -0.45071523E+00
  0.17605300E+02 -0.50850260E+00 -0.50850260E+00
  0.17659200E+02 -0.53891729E+00 -0.53891729E+00
  0.17713000E+02 -0.55225153E+00 -0.55225153E+00
  0.17766900E+02 -0.59054616E+00 -0.59054616E+00
  0.17820700E+02 -0.68443386E+00 -0.68443386E+00
  0.17874500E+02 -0.81916690E+00 -0.81916690E+00
  0.17928400E+02 -0.94546715E+00 -0.94546715E+00
  0.17982200E+02 -0.10271970E+01 -0.10271970E+01
  0.18036100E+02 -0.10337605E+01 -0.10337605E+01
  0.18089900E+02 -0.96053706E+00 -0.96053706E+00
  0.18143700E+02 -0.90745379E+00 -0.90745379E+00
  0.18197600E+02 -0.94882326E+00 -0.94882326E+00
  0.18251400E+02 -0.10290575E+01 -0.10290575E+01
  0.18305300E+02 -0.10567053E+01 -0.10567053E+01
  0.18359100E+02 -0.10110399E+01 -0.10110399E+01
  0.18412900E+02 -0.98094864E+00 -0.98094864E+00
  0.18466800E+02 -0.10137005E+01 -0.10137005E+01
  0.18520600E+02 -0.10677920E+01 -0.10677920E+01
  0.18574400E+02 -0.11166483E+01 -0.11166483E+01
  0.18628300E+02 -0.10939459E+01 -0.10939459E+01
  0.18682100E+02 -0.86820955E+00 -0.86820955E+00
  0.18736000E+02 -0.47479803E+00 -0.47479803E+00
  0.18789800E+02 -0.63074748E-01 -0.63074748E-01
  0.18843600E+02  0.30505157E+00  0.30505157E+00
  0.18897500E+02  0.60591537E+00  0.60591537E+00
  0.18951300E+02  0.87095629E+00  0.87095629E+00
  0.19005200E+02  0.10911415E+01  0.10911415E+01
  0.19059000E+02  0.11901213E+01  0.11901213E+01
  0.19112800E+02  0.11908652E+01  0.11908652E+01
  0.19166700E+02  0.11561133E+01  0.11561133E+01
  0.19220500E+02  0.10821504E+01  0.10821504E+01
  0.19274400E+02  0.97253931E+00  0.97253931E+00
  0.19328200E+02  0.90492611E+00  0.90492611E+00
  0.19382000E+02  0.95924547E+00  0.95924547E+00
  0.19435900E+02  0.10509385E+01  0.10509385E+01
  0.19489700E+02  0.10299999E+01  0.10299999E+01
  0.19543500E+02  0.91657949E+00  0.91657949E+00
  0.19597400E+02  0.83091976E+00  0.83091976E+00
  0.19651200E+02  0.83652290E+00  0.83652290E+00
  0.19705100E+02  0.89814368E+00  0.89814368E+00
  0.19758900E+02  0.93940640E+00  0.93940640E+00
  0.19812700E+02  0.95009837E+00  0.95009837E+00
  0.19866600E+02  0.95108383E+00  0.95108383E+00
  0.19920400E+02  0.95045223E+00  0.95045223E+00
  0.19974300E+02  0.94932568E+00  0.94932568E+00
  0.20028100E+02  0.91979853E+00  0.91979853E+00
  0.20081900E+02  0.85065401E+00  0.85065401E+00
  0.20135800E+02  0.77707731E+00  0.77707731E+00
  0.20189600E+02  0.73413362E+00  0.73413362E+00
  0.20243500E+02  0.72550109E+00  0.72550109E+00
  0.20297300E+02  0.73020691E+00  0.73020691E+00
  0.20351100E+02  0.70478330E+00  0.70478330E+00
  0.20405000E+02  0.62271266E+00  0.62271266E+00
  0.20458800E+02  0.53904308E+00  0.53904308E+00
  0.20512600E+02  0.52824119E+00  0.52824119E+00
  0.20566500E+02  0.56572149E+00  0.56572149E+00
  0.20620300E+02  0.58662266E+00  0.58662266E+00
  0.20674200E+02  0.59914029E+00  0.59914029E+00
  0.20728000E+02  0.64942282E+00  0.64942282E+00
  0.20781800E+02  0.73810131E+00  0.73810131E+00
  0.20835700E+02  0.82807283E+00  0.82807283E+00
  0.20889500E+02  0.88940368E+00  0.88940368E+00
  0.20943400E+02  0.90417458E+00  0.90417458E+00
  0.20997200E+02  0.86914206E+00  0.86914206E+00
  0.21051000E+02  0.81290494E+00  0.81290494E+00
  0.21104900E+02  0.77166311E+00  0.77166311E+00
  0.21158700E+02  0.75455346E+00  0.75455346E+00
  0.21212600E+02  0.73359352E+00  0.73359352E+00
  0.21266400E+02  0.66988636E+00  0.66988636E+00
  0.21320200E+02  0.57323811E+00  0.57323811E+00
  0.21374100E+02  0.48762391E+00  0.48762391E+00
  0.21427900E+02  0.40812356E+00  0.40812356E+00
  0.21481800E+02  0.31646018E+00  0.31646018E+00
  0.21535600E+02  0.23958649E+00  0.23958649E+00
  0.21589400E+02  0.19916935E+00  0.19916935E+00
  0.21643300E+02  0.18921284E+00  0.18921284E+00
  0.21697100E+02  0.19055649E+00  0.19055649E+00
  0.21750900E+02  0.18017309E+00  0.18017309E+00
  0.21804800E+02  0.15534336E+00  0.15534336E+00
  0.21858600E+02  0.12546113E+00  0.12546113E+00
  0.21912500E+02  0.76908746E-01  0.76908746E-01
  0.21966300E+02 -0.47743910E-02 -0.47743910E-02
  0.22020100E+02 -0.10564838E+00 -0.10564838E+00
  0.22074000E+02 -0.21838873E+00 -0.21838873E+00
  0.22127800E+02 -0.33363632E+00 -0.33363632E+00
  0.22181700E+02 -0.41069553E+00 -0.41069553E+00
  0.22235500E+02 -0.46109463E+00 -0.46109463E+00
  0.22289300E+02 -0.47853836E+00 -0.47853836E+00
  0.22343200E+02 -0.26529844E+00 -0.26529844E+00
  0.22397000E+02  0.29226054E+00  0.29226054E+00
  0.22450900E+02  0.93112271E+00  0.93112271E+00
  0.22504700E+02  0.14503944E+01  0.14503944E+01
  0.22558500E+02  0.18802504E+01  0.18802504E+01
  0.22612400E+02  0.22063907E+01  0.22063907E+01
  0.22666200E+02  0.24028620E+01  0.24028620E+01
  0.22720000E+02  0.24272208E+01  0.24272208E+01
  0.22773900E+02  0.22804481E+01  0.22804481E+01
  0.22827700E+02  0.20590710E+01  0.20590710E+01
  0.22881600E+02  0.18524741E+01  0.18524741E+01
  0.22935400E+02  0.17244496E+01  0.17244496E+01
  0.22989200E+02  0.17077675E+01  0.17077675E+01
  0.23043100E+02  0.17440481E+01  0.17440481E+01
  0.23096900E+02  0.17404969E+01  0.17404969E+01
  0.23150800E+02  0.16798901E+01  0.16798901E+01
  0.23204600E+02  0.15920763E+01  0.15920763E+01
  0.23258400E+02  0.15154456E+01  0.15154456E+01
  0.23312300E+02  0.14742934E+01  0.14742934E+01
  0.23366100E+02  0.14242760E+01  0.14242760E+01
  0.23420000E+02  0.13136883E+01  0.13136883E+01
  0.23473800E+02  0.11642116E+01  0.11642116E+01
  0.23527600E+02  0.10591125E+01  0.10591125E+01
  0.23581500E+02  0.10818509E+01  0.10818509E+01
  0.23635300E+02  0.11845886E+01  0.11845886E+01
  0.23689100E+02  0.12689037E+01  0.12689037E+01
  0.23743000E+02  0.13526396E+01  0.13526396E+01
  0.23796800E+02  0.14574255E+01  0.14574255E+01
  0.23850700E+02  0.15452061E+01  0.15452061E+01
  0.23904500E+02  0.16069985E+01  0.16069985E+01
  0.23958300E+02  0.16850611E+01  0.16850611E+01
  0.24012200E+02  0.18025117E+01  0.18025117E+01
  0.24066000E+02  0.19276328E+01  0.19276328E+01
  0.24119900E+02  0.20498087E+01  0.20498087E+01
  0.24173700E+02  0.21960489E+01  0.21960489E+01
  0.24227500E+02  0.23154201E+01  0.23154201E+01
  0.24281400E+02  0.23246761E+01  0.23246761E+01
  0.24335200E+02  0.22469616E+01  0.22469616E+01
  0.24389100E+02  0.21614289E+01  0.21614289E+01
  0.24442900E+02  0.21122829E+01  0.21122829E+01
  0.24496700E+02  0.20978039E+01  0.20978039E+01
  0.24550600E+02  0.20933285E+01  0.20933285E+01
  0.24604400E+02  0.20729595E+01  0.20729595E+01
  0.24658300E+02  0.20453437E+01  0.20453437E+01
  0.24712100E+02  0.20360799E+01  0.20360799E+01
  0.24765900E+02  0.20247626E+01  0.20247626E+01
  0.24819800E+02  0.19776209E+01  0.19776209E+01
  0.24873600E+02  0.19090228E+01  0.19090228E+01
  0.24927400E+02  0.18435207E+01  0.18435207E+01
  0.24981300E+02  0.17805405E+01  0.17805405E+01
  0.25035100E+02  0.17204891E+01  0.17204891E+01
  0.25089000E+02  0.16787507E+01  0.16787507E+01
  0.25142800E+02  0.16536097E+01  0.16536097E+01
  0.25196600E+02  0.16143502E+01  0.16143502E+01
  0.25250500E+02  0.15430013E+01  0.15430013E+01
  0.25304300E+02  0.14472905E+01  0.14472905E+01
  0.25358200E+02  0.13315673E+01  0.13315673E+01
  0.25412000E+02  0.12014236E+01  0.12014236E+01
  0.25465800E+02  0.10785069E+01  0.10785069E+01
  0.25519700E+02  0.98156490E+00  0.98156490E+00
  0.25573500E+02  0.92249161E+00  0.92249161E+00
  0.25627400E+02  0.92175398E+00  0.92175398E+00
  0.25681200E+02  0.98756995E+00  0.98756995E+00
  0.25735000E+02  0.10745775E+01  0.10745775E+01
  0.25788900E+02  0.11291436E+01  0.11291436E+01
  0.25842700E+02  0.11367001E+01  0.11367001E+01
  0.25896500E+02  0.10990407E+01  0.10990407E+01
  0.25950400E+02  0.10344798E+01  0.10344798E+01
  0.26004200E+02  0.96984674E+00  0.96984674E+00
  0.26058100E+02  0.91459021E+00  0.91459021E+00
  0.26111900E+02  0.85699146E+00  0.85699146E+00
  0.26165700E+02  0.78650952E+00  0.78650952E+00
  0.26219600E+02  0.71087862E+00  0.71087862E+00
  0.26273400E+02  0.65755837E+00  0.65755837E+00
  0.26327300E+02  0.65403284E+00  0.65403284E+00
  0.26381100E+02  0.68807412E+00  0.68807412E+00
  0.26434900E+02  0.71586474E+00  0.71586474E+00
  0.26488800E+02  0.73480968E+00  0.73480968E+00
  0.26542600E+02  0.76728406E+00  0.76728406E+00
  0.26596500E+02  0.81701525E+00  0.81701525E+00
  0.26650300E+02  0.88989376E+00  0.88989376E+00
  0.26704100E+02  0.95059165E+00  0.95059165E+00
  0.26758000E+02  0.93355491E+00  0.93355491E+00
  0.26811800E+02  0.84434926E+00  0.84434926E+00
  0.26865600E+02  0.73206986E+00  0.73206986E+00
  0.26919500E+02  0.64794104E+00  0.64794104E+00
  0.26973300E+02  0.63077944E+00  0.63077944E+00
  0.27027200E+02  0.67707683E+00  0.67707683E+00
  0.27081000E+02  0.76039365E+00  0.76039365E+00
  0.27134800E+02  0.83551716E+00  0.83551716E+00
  0.27188700E+02  0.87000728E+00  0.87000728E+00
  0.27242500E+02  0.87370254E+00  0.87370254E+00
  0.27296400E+02  0.85807198E+00  0.85807198E+00
  0.27350200E+02  0.82167382E+00  0.82167382E+00
  0.27404000E+02  0.80365646E+00  0.80365646E+00
  0.27457900E+02  0.89785157E+00  0.89785157E+00
  0.27511700E+02  0.10823235E+01  0.10823235E+01
  0.27565600E+02  0.12213586E+01  0.12213586E+01
  0.27619400E+02  0.12899987E+01  0.12899987E+01
  0.27673200E+02  0.13450852E+01  0.13450852E+01
  0.27727100E+02  0.13823017E+01  0.13823017E+01
  0.27780900E+02  0.13865493E+01  0.13865493E+01
  0.27834700E+02  0.14219487E+01  0.14219487E+01
  0.27888600E+02  0.15479549E+01  0.15479549E+01
  0.27942400E+02  0.16924264E+01  0.16924264E+01
  0.27996300E+02  0.17495547E+01  0.17495547E+01
  0.28050100E+02  0.17310138E+01  0.17310138E+01
  0.28103900E+02  0.16884078E+01  0.16884078E+01
  0.28157800E+02  0.16367916E+01  0.16367916E+01
  0.28211600E+02  0.15842784E+01  0.15842784E+01
  0.28265500E+02  0.15395223E+01  0.15395223E+01
  0.28319300E+02  0.14975423E+01  0.14975423E+01
  0.28373100E+02  0.14526508E+01  0.14526508E+01
  0.28427000E+02  0.14034641E+01  0.14034641E+01
  0.28480800E+02  0.13643929E+01  0.13643929E+01
  0.28534700E+02  0.13727176E+01  0.13727176E+01
  0.28588500E+02  0.14643693E+01  0.14643693E+01
  0.28642300E+02  0.16174575E+01  0.16174575E+01
  0.28696200E+02  0.17299977E+01  0.17299977E+01
  0.28750000E+02  0.17536077E+01  0.17536077E+01
  0.28803900E+02  0.17459974E+01  0.17459974E+01
  0.28857700E+02  0.17559954E+01  0.17559954E+01
  0.28911500E+02  0.17625275E+01  0.17625275E+01
  0.28965400E+02  0.17371332E+01  0.17371332E+01
  0.29019200E+02  0.16985443E+01  0.16985443E+01
  0.29073000E+02  0.16696301E+01  0.16696301E+01
  0.29126900E+02  0.16391960E+01  0.16391960E+01
  0.29180700E+02  0.15931285E+01  0.15931285E+01
  0.29234600E+02  0.15513567E+01  0.15513567E+01
  0.29288400E+02  0.15523255E+01  0.15523255E+01
  0.29342200E+02  0.15988749E+01  0.15988749E+01
  0.29396100E+02  0.16321018E+01  0.16321018E+01
  0.29449900E+02  0.16118558E+01  0.16118558E+01
  0.29503800E+02  0.15570918E+01  0.15570918E+01
  0.29557600E+02  0.14947357E+01  0.14947357E+01
  0.29611400E+02  0.14402470E+01  0.14402470E+01
  0.29665300E+02  0.13974954E+01  0.13974954E+01
  0.29719100E+02  0.13531389E+01  0.13531389E+01
  0.29773000E+02  0.12971127E+01  0.12971127E+01
  0.29826800E+02  0.12300658E+01  0.12300658E+01
  0.29880600E+02  0.11656550E+01  0.11656550E+01
  0.29934500E+02  0.11484798E+01  0.11484798E+01
  0.29988300E+02  0.12181378E+01  0.12181378E+01
  0.30042100E+02  0.13405175E+01  0.13405175E+01
  0.30096000E+02  0.14628480E+01  0.14628480E+01
  0.30149800E+02  0.15489541E+01  0.15489541E+01
  0.30203700E+02  0.15711745E+01  0.15711745E+01
  0.30257500E+02  0.15471800E+01  0.15471800E+01
  0.30311300E+02  0.14989336E+01  0.14989336E+01
  0.30365200E+02  0.14319334E+01  0.14319334E+01
  0.30419000E+02  0.13592942E+01  0.13592942E+01
  0.30472900E+02  0.12959603E+01  0.12959603E+01
  0.30526700E+02  0.12508204E+01  0.12508204E+01
  0.30580500E+02  0.12252072E+01  0.12252072E+01
  0.30634400E+02  0.12167626E+01  0.12167626E+01
  0.30688200E+02  0.12248284E+01  0.12248284E+01
  0.30742100E+02  0.12410857E+01  0.12410857E+01
  0.30795900E+02  0.12449930E+01  0.12449930E+01
  0.30849700E+02  0.12263074E+01  0.12263074E+01
  0.30903600E+02  0.11814315E+01  0.11814315E+01
  0.30957400E+02  0.11062338E+01  0.11062338E+01
  0.31011200E+02  0.10147906E+01  0.10147906E+01
  0.31065100E+02  0.93703057E+00  0.93703057E+00
  0.31118900E+02  0.90258022E+00  0.90258022E+00
  0.31172800E+02  0.91242463E+00  0.91242463E+00
  0.31226600E+02  0.93863409E+00  0.93863409E+00
  0.31280400E+02  0.95410070E+00  0.95410070E+00
  0.31334300E+02  0.96003285E+00  0.96003285E+00
  0.31388100E+02  0.99528697E+00  0.99528697E+00
  0.31442000E+02  0.10772316E+01  0.10772316E+01
  0.31495800E+02  0.11495595E+01  0.11495595E+01
  0.31549600E+02  0.11568567E+01  0.11568567E+01
  0.31603500E+02  0.11122762E+01  0.11122762E+01
  0.31657300E+02  0.10507140E+01  0.10507140E+01
  0.31711200E+02  0.99583168E+00  0.99583168E+00
  0.31765000E+02  0.95558488E+00  0.95558488E+00
  0.31818800E+02  0.92057501E+00  0.92057501E+00
  0.31872700E+02  0.88339144E+00  0.88339144E+00
  0.31926500E+02  0.83964896E+00  0.83964896E+00
  0.31980400E+02  0.79807351E+00  0.79807351E+00
  0.32034200E+02  0.78239627E+00  0.78239627E+00
  0.32088000E+02  0.78577674E+00  0.78577674E+00
  0.32141900E+02  0.78425048E+00  0.78425048E+00
  0.32195700E+02  0.78867329E+00  0.78867329E+00
  0.32249500E+02  0.81465408E+00  0.81465408E+00
  0.32303400E+02  0.84436036E+00  0.84436036E+00
  0.32357200E+02  0.86191614E+00  0.86191614E+00
  0.32411100E+02  0.86648282E+00  0.86648282E+00
  0.32464900E+02  0.87262530E+00  0.87262530E+00
  0.32518700E+02  0.90784055E+00  0.90784055E+00
  0.32572600E+02  0.96336062E+00  0.96336062E+00
  0.32626400E+02  0.99804486E+00  0.99804486E+00
  0.32680300E+02  0.99679982E+00  0.99679982E+00
  0.32734100E+02  0.97577891E+00  0.97577891E+00
  0.32787900E+02  0.94676521E+00  0.94676521E+00
  0.32841800E+02  0.91315940E+00  0.91315940E+00
  0.32895600E+02  0.87572817E+00  0.87572817E+00
  0.32949500E+02  0.83101054E+00  0.83101054E+00
  0.33003300E+02  0.78029464E+00  0.78029464E+00
  0.33057100E+02  0.73499729E+00  0.73499729E+00
  0.33111000E+02  0.70367729E+00  0.70367729E+00
  0.33164800E+02  0.68239454E+00  0.68239454E+00
  0.33218600E+02  0.66398055E+00  0.66398055E+00
  0.33272500E+02  0.65970102E+00  0.65970102E+00
  0.33326300E+02  0.68115682E+00  0.68115682E+00
  0.33380200E+02  0.70079958E+00  0.70079958E+00
  0.33434000E+02  0.68874100E+00  0.68874100E+00
  0.33487800E+02  0.66154362E+00  0.66154362E+00
  0.33541700E+02  0.64127749E+00  0.64127749E+00
  0.33595500E+02  0.62148184E+00  0.62148184E+00
  0.33649400E+02  0.59701635E+00  0.59701635E+00
  0.33703200E+02  0.56622742E+00  0.56622742E+00
  0.33757000E+02  0.52202165E+00  0.52202165E+00
  0.33810900E+02  0.47114123E+00  0.47114123E+00
  0.33864700E+02  0.43045393E+00  0.43045393E+00
  0.33918600E+02  0.39946576E+00  0.39946576E+00
  0.33972400E+02  0.36372670E+00  0.36372670E+00
  0.34026200E+02  0.32321594E+00  0.32321594E+00
  0.34080100E+02  0.28861169E+00  0.28861169E+00
  0.34133900E+02  0.26131464E+00  0.26131464E+00
  0.34187700E+02  0.23860871E+00  0.23860871E+00
  0.34241600E+02  0.21169596E+00  0.21169596E+00
  0.34295400E+02  0.19629208E+00  0.19629208E+00
  0.34349300E+02  0.21761555E+00  0.21761555E+00
  0.34403100E+02  0.24398931E+00  0.24398931E+00
  0.34456900E+02  0.24076494E+00  0.24076494E+00
  0.34510800E+02  0.22669529E+00  0.22669529E+00
  0.34564600E+02  0.22677045E+00  0.22677045E+00
  0.34618500E+02  0.26586057E+00  0.26586057E+00
  0.34672300E+02  0.35307786E+00  0.35307786E+00
  0.34726100E+02  0.45370320E+00  0.45370320E+00
  0.34780000E+02  0.52356245E+00  0.52356245E+00
  0.34833800E+02  0.53727133E+00  0.53727133E+00
  0.34887700E+02  0.49794157E+00  0.49794157E+00
  0.34941500E+02  0.43120224E+00  0.43120224E+00
  0.34995300E+02  0.35524021E+00  0.35524021E+00
  0.35049200E+02  0.27396473E+00  0.27396473E+00
  0.35103000E+02  0.19921896E+00  0.19921896E+00
  0.35156900E+02  0.14829932E+00  0.14829932E+00
  0.35210700E+02  0.13860562E+00  0.13860562E+00
  0.35264500E+02  0.17117974E+00  0.17117974E+00
  0.35318400E+02  0.19361787E+00  0.19361787E+00
  0.35372200E+02  0.18024494E+00  0.18024494E+00
  0.35426000E+02  0.17652657E+00  0.17652657E+00
  0.35479900E+02  0.20535656E+00  0.20535656E+00
  0.35533700E+02  0.25343784E+00  0.25343784E+00
  0.35587600E+02  0.29765389E+00  0.29765389E+00
  0.35641400E+02  0.31761404E+00  0.31761404E+00
  0.35695200E+02  0.31838082E+00  0.31838082E+00
  0.35749100E+02  0.33066060E+00  0.33066060E+00
  0.35802900E+02  0.36891430E+00  0.36891430E+00
  0.35856800E+02  0.39746856E+00  0.39746856E+00
  0.35910600E+02  0.41483164E+00  0.41483164E+00
  0.35964400E+02  0.48956881E+00  0.48956881E+00
  0.36018300E+02  0.63933594E+00  0.63933594E+00
  0.36072100E+02  0.77328557E+00  0.77328557E+00
  0.36126000E+02  0.84045609E+00  0.84045609E+00
  0.36179800E+02  0.87228881E+00  0.87228881E+00
  0.36233600E+02  0.90012893E+00  0.90012893E+00
  0.36287500E+02  0.93155581E+00  0.93155581E+00
  0.36341300E+02  0.93966555E+00  0.93966555E+00
  0.36395100E+02  0.89564451E+00  0.89564451E+00
  0.36449000E+02  0.82743147E+00  0.82743147E+00
  0.36502800E+02  0.77546621E+00  0.77546621E+00
  0.36556700E+02  0.73099749E+00  0.73099749E+00
  0.36610500E+02  0.68373995E+00  0.68373995E+00
  0.36664300E+02  0.63663550E+00  0.63663550E+00
  0.36718200E+02  0.59205171E+00  0.59205171E+00
  0.36772000E+02  0.55147702E+00  0.55147702E+00
  0.36825900E+02  0.50070316E+00  0.50070316E+00
  0.36879700E+02  0.43879243E+00  0.43879243E+00
  0.36933500E+02  0.38026672E+00  0.38026672E+00
  0.36987400E+02  0.33407500E+00  0.33407500E+00
  0.37041200E+02  0.31070631E+00  0.31070631E+00
  0.37095100E+02  0.30727642E+00  0.30727642E+00
  0.37148900E+02  0.32357170E+00  0.32357170E+00
  0.37202700E+02  0.35398858E+00  0.35398858E+00
  0.37256600E+02  0.36349894E+00  0.36349894E+00
  0.37310400E+02  0.33819377E+00  0.33819377E+00
  0.37364200E+02  0.29416558E+00  0.29416558E+00
  0.37418100E+02  0.23946727E+00  0.23946727E+00
  0.37471900E+02  0.18219647E+00  0.18219647E+00
  0.37525800E+02  0.17128145E+00  0.17128145E+00
  0.37579600E+02  0.28224815E+00  0.28224815E+00
  0.37633400E+02  0.49926138E+00  0.49926138E+00
  0.37687300E+02  0.68837776E+00  0.68837776E+00
  0.37741100E+02  0.75802305E+00  0.75802305E+00
  0.37795000E+02  0.73719957E+00  0.73719957E+00
  0.37848800E+02  0.68797612E+00  0.68797612E+00
  0.37902600E+02  0.63555858E+00  0.63555858E+00
  0.37956500E+02  0.61507382E+00  0.61507382E+00
  0.38010300E+02  0.72548788E+00  0.72548788E+00
  0.38064200E+02  0.10298703E+01  0.10298703E+01
  0.38118000E+02  0.13452344E+01  0.13452344E+01
  0.38171800E+02  0.14562189E+01  0.14562189E+01
  0.38225700E+02  0.13995010E+01  0.13995010E+01
  0.38279500E+02  0.12963912E+01  0.12963912E+01
  0.38333300E+02  0.12003921E+01  0.12003921E+01
  0.38387200E+02  0.11130828E+01  0.11130828E+01
  0.38441000E+02  0.10382083E+01  0.10382083E+01
  0.38494900E+02  0.99101212E+00  0.99101212E+00
  0.38548700E+02  0.94740103E+00  0.94740103E+00
  0.38602500E+02  0.87227847E+00  0.87227847E+00
  0.38656400E+02  0.77049417E+00  0.77049417E+00
  0.38710200E+02  0.66374663E+00  0.66374663E+00
  0.38764100E+02  0.57823242E+00  0.57823242E+00
  0.38817900E+02  0.53028726E+00  0.53028726E+00
  0.38871700E+02  0.49941747E+00  0.49941747E+00
  0.38925600E+02  0.45185375E+00  0.45185375E+00
  0.38979400E+02  0.38815230E+00  0.38815230E+00
  0.39033300E+02  0.33495756E+00  0.33495756E+00
  0.39087100E+02  0.29829028E+00  0.29829028E+00
  0.39140900E+02  0.27097334E+00  0.27097334E+00
  0.39194800E+02  0.26188092E+00  0.26188092E+00
  0.39248600E+02  0.28530490E+00  0.28530490E+00
  0.39302500E+02  0.35973107E+00  0.35973107E+00
  0.39356300E+02  0.54397867E+00  0.54397867E+00
  0.39410100E+02  0.84516026E+00  0.84516026E+00
  0.39464000E+02  0.11236563E+01  0.11236563E+01
  0.39517800E+02  0.12807485E+01  0.12807485E+01
  0.39571600E+02  0.13286822E+01  0.13286822E+01
  0.39625500E+02  0.12861529E+01  0.12861529E+01
  0.39679300E+02  0.11959063E+01  0.11959063E+01
  0.39733200E+02  0.10993358E+01  0.10993358E+01
  0.39787000E+02  0.10015356E+01  0.10015356E+01
  0.39840800E+02  0.89352452E+00  0.89352452E+00
  0.39894700E+02  0.78200851E+00  0.78200851E+00
  0.39948500E+02  0.69494839E+00  0.69494839E+00
  0.40002400E+02  0.67205653E+00  0.67205653E+00
  0.40056200E+02  0.73454901E+00  0.73454901E+00
  0.40110000E+02  0.87373104E+00  0.87373104E+00
  0.40163900E+02  0.10414152E+01  0.10414152E+01
  0.40217700E+02  0.11761967E+01  0.11761967E+01
  0.40271600E+02  0.12546054E+01  0.12546054E+01
  0.40325400E+02  0.13017284E+01  0.13017284E+01
  0.40379200E+02  0.13473473E+01  0.13473473E+01
  0.40433100E+02  0.13872278E+01  0.13872278E+01
  0.40486900E+02  0.14099326E+01  0.14099326E+01
  0.40540700E+02  0.14202913E+01  0.14202913E+01
  0.40594600E+02  0.14234868E+01  0.14234868E+01
  0.40648400E+02  0.14204650E+01  0.14204650E+01
  0.40702300E+02  0.13928597E+01  0.13928597E+01
  0.40756100E+02  0.13261304E+01  0.13261304E+01
  0.40809900E+02  0.12487075E+01  0.12487075E+01
  0.40863800E+02  0.11904870E+01  0.11904870E+01
  0.40917600E+02  0.11495633E+01  0.11495633E+01
  0.40971500E+02  0.11171060E+01  0.11171060E+01
  0.41025300E+02  0.10878592E+01  0.10878592E+01
  0.41079100E+02  0.10601852E+01  0.10601852E+01
  0.41133000E+02  0.10354177E+01  0.10354177E+01
  0.41186800E+02  0.10082582E+01  0.10082582E+01
  0.41240700E+02  0.97837078E+00  0.97837078E+00
  0.41294500E+02  0.95105883E+00  0.95105883E+00
  0.41348300E+02  0.93232661E+00  0.93232661E+00
  0.41402200E+02  0.91721080E+00  0.91721080E+00
  0.41456000E+02  0.88069209E+00  0.88069209E+00
  0.41509800E+02  0.81199663E+00  0.81199663E+00
  0.41563700E+02  0.72739624E+00  0.72739624E+00
  0.41617500E+02  0.65027766E+00  0.65027766E+00
  0.41671400E+02  0.60314966E+00  0.60314966E+00
  0.41725200E+02  0.59284403E+00  0.59284403E+00
  0.41779000E+02  0.61580569E+00  0.61580569E+00
  0.41832900E+02  0.68226756E+00  0.68226756E+00
  0.41886700E+02  0.76609351E+00  0.76609351E+00
  0.41940600E+02  0.79982875E+00  0.79982875E+00
  0.41994400E+02  0.77110581E+00  0.77110581E+00
  0.42048200E+02  0.71184263E+00  0.71184263E+00
  0.42102100E+02  0.63853097E+00  0.63853097E+00
  0.42155900E+02  0.56367050E+00  0.56367050E+00
  0.42209800E+02  0.49031698E+00  0.49031698E+00
  0.42263600E+02  0.42085598E+00  0.42085598E+00
  0.42317400E+02  0.39175462E+00  0.39175462E+00
  0.42371300E+02  0.42499825E+00  0.42499825E+00
  0.42425100E+02  0.49350099E+00  0.49350099E+00
  0.42479000E+02  0.57551376E+00  0.57551376E+00
  0.42532800E+02  0.63068269E+00  0.63068269E+00
  0.42586600E+02  0.63182327E+00  0.63182327E+00
  0.42640500E+02  0.60687865E+00  0.60687865E+00
  0.42694300E+02  0.56090248E+00  0.56090248E+00
  0.42748100E+02  0.48039618E+00  0.48039618E+00
  0.42802000E+02  0.38073574E+00  0.38073574E+00
  0.42855800E+02  0.28185710E+00  0.28185710E+00
  0.42909700E+02  0.24145153E+00  0.24145153E+00
  0.42963500E+02  0.40569063E+00  0.40569063E+00
  0.43017300E+02  0.83594504E+00  0.83594504E+00
  0.43071200E+02  0.13210196E+01  0.13210196E+01
  0.43125000E+02  0.16937809E+01  0.16937809E+01
  0.43178900E+02  0.19770993E+01  0.19770993E+01
  0.43232700E+02  0.21222527E+01  0.21222527E+01
  0.43286500E+02  0.21120007E+01  0.21120007E+01
  0.43340400E+02  0.20235699E+01  0.20235699E+01
  0.43394200E+02  0.19045170E+01  0.19045170E+01
  0.43448100E+02  0.17893638E+01  0.17893638E+01
  0.43501900E+02  0.17057825E+01  0.17057825E+01
  0.43555700E+02  0.16419747E+01  0.16419747E+01
  0.43609600E+02  0.15709865E+01  0.15709865E+01
  0.43663400E+02  0.14836457E+01  0.14836457E+01
  0.43717200E+02  0.13911580E+01  0.13911580E+01
  0.43771100E+02  0.13079548E+01  0.13079548E+01
  0.43824900E+02  0.12379457E+01  0.12379457E+01
  0.43878800E+02  0.11850716E+01  0.11850716E+01
  0.43932600E+02  0.11409026E+01  0.11409026E+01
  0.43986400E+02  0.10782092E+01  0.10782092E+01
  0.44040300E+02  0.99834404E+00  0.99834404E+00
  0.44094100E+02  0.93247644E+00  0.93247644E+00
  0.44148000E+02  0.89203535E+00  0.89203535E+00
  0.44201800E+02  0.88244764E+00  0.88244764E+00
  0.44255600E+02  0.92306643E+00  0.92306643E+00
  0.44309500E+02  0.10201410E+01  0.10201410E+01
  0.44363300E+02  0.11335171E+01  0.11335171E+01
  0.44417200E+02  0.11888858E+01  0.11888858E+01
  0.44471000E+02  0.11799440E+01  0.11799440E+01
  0.44524800E+02  0.11767120E+01  0.11767120E+01
  0.44578700E+02  0.12050509E+01  0.12050509E+01
  0.44632500E+02  0.12320150E+01  0.12320150E+01
  0.44686300E+02  0.12370974E+01  0.12370974E+01
  0.44740200E+02  0.12112174E+01  0.12112174E+01
  0.44794000E+02  0.11466854E+01  0.11466854E+01
  0.44847900E+02  0.10657511E+01  0.10657511E+01
  0.44901700E+02  0.99979802E+00  0.99979802E+00
  0.44955500E+02  0.95105472E+00  0.95105472E+00
  0.45009400E+02  0.91487533E+00  0.91487533E+00
  0.45063200E+02  0.90544885E+00  0.90544885E+00
  0.45117100E+02  0.92287558E+00  0.92287558E+00
  0.45170900E+02  0.93415762E+00  0.93415762E+00
  0.45224700E+02  0.91124226E+00  0.91124226E+00
  0.45278600E+02  0.86713106E+00  0.86713106E+00
  0.45332400E+02  0.84517098E+00  0.84517098E+00
  0.45386300E+02  0.87211651E+00  0.87211651E+00
  0.45440100E+02  0.90460859E+00  0.90460859E+00
  0.45493900E+02  0.91153925E+00  0.91153925E+00
  0.45547800E+02  0.92875231E+00  0.92875231E+00
  0.45601600E+02  0.10043694E+01  0.10043694E+01
  0.45655500E+02  0.11635936E+01  0.11635936E+01
  0.45709300E+02  0.13507851E+01  0.13507851E+01
  0.45763100E+02  0.14779974E+01  0.14779974E+01
  0.45817000E+02  0.15380130E+01  0.15380130E+01
  0.45870800E+02  0.15523739E+01  0.15523739E+01
  0.45924600E+02  0.15216615E+01  0.15216615E+01
  0.45978500E+02  0.14564542E+01  0.14564542E+01
  0.46032300E+02  0.13803406E+01  0.13803406E+01
  0.46086200E+02  0.13144358E+01  0.13144358E+01
  0.46140000E+02  0.12598845E+01  0.12598845E+01
  0.46193800E+02  0.11996246E+01  0.11996246E+01
  0.46247700E+02  0.11422017E+01  0.11422017E+01
  0.46301500E+02  0.11211667E+01  0.11211667E+01
  0.46355400E+02  0.11560565E+01  0.11560565E+01
  0.46409200E+02  0.12291285E+01  0.12291285E+01
  0.46463000E+02  0.12825433E+01  0.12825433E+01
  0.46516900E+02  0.12866524E+01  0.12866524E+01
  0.46570700E+02  0.12656468E+01  0.12656468E+01
  0.46624600E+02  0.12292033E+01  0.12292033E+01
  0.46678400E+02  0.11828999E+01  0.11828999E+01
  0.46732200E+02  0.11722250E+01  0.11722250E+01
  0.46786100E+02  0.12244220E+01  0.12244220E+01
  0.46839900E+02  0.12842747E+01  0.12842747E+01
  0.46893700E+02  0.13023596E+01  0.13023596E+01
  0.46947600E+02  0.12860938E+01  0.12860938E+01
  0.47001400E+02  0.12436776E+01  0.12436776E+01
  0.47055300E+02  0.11860116E+01  0.11860116E+01
  0.47109100E+02  0.11327585E+01  0.11327585E+01
  0.47162900E+02  0.11006419E+01  0.11006419E+01
  0.47216800E+02  0.10768134E+01  0.10768134E+01
  0.47270600E+02  0.10346599E+01  0.10346599E+01
  0.47324500E+02  0.99126697E+00  0.99126697E+00
  0.47378300E+02  0.10000218E+01  0.10000218E+01
  0.47432100E+02  0.10779051E+01  0.10779051E+01
  0.47486000E+02  0.11628457E+01  0.11628457E+01
  0.47539800E+02  0.11878904E+01  0.11878904E+01
  0.47593700E+02  0.11605024E+01  0.11605024E+01
  0.47647500E+02  0.11238415E+01  0.11238415E+01
  0.47701300E+02  0.10974627E+01  0.10974627E+01
  0.47755200E+02  0.10748680E+01  0.10748680E+01
  0.47809000E+02  0.10429807E+01  0.10429807E+01
  0.47862800E+02  0.10148718E+01  0.10148718E+01
  0.47916700E+02  0.10013569E+01  0.10013569E+01
  0.47970500E+02  0.97506359E+00  0.97506359E+00
  0.48024400E+02  0.91507674E+00  0.91507674E+00
  0.48078200E+02  0.84334008E+00  0.84334008E+00
  0.48132000E+02  0.78810152E+00  0.78810152E+00
  0.48185900E+02  0.75446117E+00  0.75446117E+00
  0.48239700E+02  0.76307015E+00  0.76307015E+00
  0.48293600E+02  0.83973188E+00  0.83973188E+00
  0.48347400E+02  0.94808597E+00  0.94808597E+00
  0.48401200E+02  0.10009619E+01  0.10009619E+01
  0.48455100E+02  0.96736080E+00  0.96736080E+00
  0.48508900E+02  0.91962263E+00  0.91962263E+00
  0.48562800E+02  0.94605502E+00  0.94605502E+00
  0.48616600E+02  0.10703831E+01  0.10703831E+01
  0.48670400E+02  0.12322047E+01  0.12322047E+01
  0.48724300E+02  0.13457477E+01  0.13457477E+01
  0.48778100E+02  0.13951387E+01  0.13951387E+01
  0.48831900E+02  0.14469941E+01  0.14469941E+01
  0.48885800E+02  0.15564190E+01  0.15564190E+01
  0.48939600E+02  0.17046869E+01  0.17046869E+01
  0.48993500E+02  0.18185737E+01  0.18185737E+01
  0.49047300E+02  0.18407071E+01  0.18407071E+01
  0.49101100E+02  0.17802743E+01  0.17802743E+01
  0.49155000E+02  0.16955704E+01  0.16955704E+01
  0.49208800E+02  0.16281031E+01  0.16281031E+01
  0.49262700E+02  0.15858676E+01  0.15858676E+01
  0.49316500E+02  0.15594126E+01  0.15594126E+01
  0.49370300E+02  0.15507805E+01  0.15507805E+01
  0.49424200E+02  0.15811200E+01  0.15811200E+01
  0.49478000E+02  0.16314336E+01  0.16314336E+01
  0.49531900E+02  0.16583310E+01  0.16583310E+01
  0.49585700E+02  0.16645231E+01  0.16645231E+01
  0.49639500E+02  0.16675278E+01  0.16675278E+01
  0.49693400E+02  0.16525371E+01  0.16525371E+01
  0.49747200E+02  0.16018651E+01  0.16018651E+01
  0.49801100E+02  0.15242225E+01  0.15242225E+01
  0.49854900E+02  0.14327598E+01  0.14327598E+01
  0.49908700E+02  0.13394890E+01  0.13394890E+01
  0.49962600E+02  0.12584846E+01  0.12584846E+01
  0.50016400E+02  0.12042763E+01  0.12042763E+01
  0.50070200E+02  0.12015410E+01  0.12015410E+01
  0.50124100E+02  0.12770786E+01  0.12770786E+01
  0.50177900E+02  0.14077080E+01  0.14077080E+01
  0.50231800E+02  0.15268910E+01  0.15268910E+01
  0.50285600E+02  0.15847936E+01  0.15847936E+01
  0.50339400E+02  0.16014828E+01  0.16014828E+01
  0.50393300E+02  0.16332170E+01  0.16332170E+01
  0.50447100E+02  0.16861292E+01  0.16861292E+01
  0.50501000E+02  0.17151686E+01  0.17151686E+01
  0.50554800E+02  0.16958335E+01  0.16958335E+01
  0.50608600E+02  0.16454909E+01  0.16454909E+01
  0.50662500E+02  0.15856604E+01  0.15856604E+01
  0.50716300E+02  0.15265124E+01  0.15265124E+01
  0.50770200E+02  0.14672382E+01  0.14672382E+01
  0.50824000E+02  0.14008767E+01  0.14008767E+01
  0.50877800E+02  0.13401053E+01  0.13401053E+01
  0.50931700E+02  0.13099549E+01  0.13099549E+01
  0.50985500E+02  0.13162638E+01  0.13162638E+01
  0.51039300E+02  0.13324440E+01  0.13324440E+01
  0.51093200E+02  0.13330285E+01  0.13330285E+01
  0.51147000E+02  0.13303148E+01  0.13303148E+01
  0.51200900E+02  0.13370749E+01  0.13370749E+01
  0.51254700E+02  0.13430185E+01  0.13430185E+01
  0.51308500E+02  0.13369936E+01  0.13369936E+01
  0.51362400E+02  0.13193786E+01  0.13193786E+01
  0.51416200E+02  0.12996516E+01  0.12996516E+01
  0.51470100E+02  0.12802972E+01  0.12802972E+01
  0.51523900E+02  0.12559198E+01  0.12559198E+01
  0.51577700E+02  0.12306583E+01  0.12306583E+01
  0.51631600E+02  0.12024342E+01  0.12024342E+01
  0.51685400E+02  0.11587517E+01  0.11587517E+01
  0.51739300E+02  0.11049818E+01  0.11049818E+01
  0.51793100E+02  0.10581831E+01  0.10581831E+01
  0.51846900E+02  0.10196323E+01  0.10196323E+01
  0.51900800E+02  0.98434343E+00  0.98434343E+00
  0.51954600E+02  0.95065022E+00  0.95065022E+00
  0.52008400E+02  0.92525849E+00  0.92525849E+00
  0.52062300E+02  0.92915112E+00  0.92915112E+00
  0.52116100E+02  0.97332349E+00  0.97332349E+00
  0.52170000E+02  0.10331259E+01  0.10331259E+01
  0.52223800E+02  0.10657215E+01  0.10657215E+01
  0.52277600E+02  0.10647152E+01  0.10647152E+01
  0.52331500E+02  0.10489622E+01  0.10489622E+01
  0.52385300E+02  0.10331725E+01  0.10331725E+01
  0.52439200E+02  0.10346577E+01  0.10346577E+01
  0.52493000E+02  0.10758633E+01  0.10758633E+01
  0.52546800E+02  0.11539525E+01  0.11539525E+01
  0.52600700E+02  0.12643830E+01  0.12643830E+01
  0.52654500E+02  0.13996191E+01  0.13996191E+01
  0.52708400E+02  0.15050063E+01  0.15050063E+01
  0.52762200E+02  0.15388225E+01  0.15388225E+01
  0.52816000E+02  0.15225345E+01  0.15225345E+01
  0.52869900E+02  0.14866351E+01  0.14866351E+01
  0.52923700E+02  0.14481004E+01  0.14481004E+01
  0.52977600E+02  0.14231340E+01  0.14231340E+01
  0.53031400E+02  0.14228716E+01  0.14228716E+01
  0.53085200E+02  0.14508100E+01  0.14508100E+01
  0.53139100E+02  0.14946324E+01  0.14946324E+01
  0.53192900E+02  0.15265482E+01  0.15265482E+01
  0.53246700E+02  0.15392367E+01  0.15392367E+01
  0.53300600E+02  0.15296390E+01  0.15296390E+01
  0.53354400E+02  0.14942456E+01  0.14942456E+01
  0.53408300E+02  0.14450224E+01  0.14450224E+01
  0.53462100E+02  0.13913905E+01  0.13913905E+01
  0.53515900E+02  0.13354937E+01  0.13354937E+01
  0.53569800E+02  0.12829340E+01  0.12829340E+01
  0.53623600E+02  0.12458037E+01  0.12458037E+01
  0.53677500E+02  0.12379817E+01  0.12379817E+01
  0.53731300E+02  0.12387899E+01  0.12387899E+01
  0.53785100E+02  0.12071245E+01  0.12071245E+01
  0.53839000E+02  0.11537251E+01  0.11537251E+01
  0.53892800E+02  0.11062881E+01  0.11062881E+01
  0.53946700E+02  0.10591903E+01  0.10591903E+01
  0.54000500E+02  0.10163414E+01  0.10163414E+01
  0.54054300E+02  0.99907811E+00  0.99907811E+00
  0.54108200E+02  0.10135771E+01  0.10135771E+01
  0.54162000E+02  0.10673416E+01  0.10673416E+01
  0.54215800E+02  0.11369226E+01  0.11369226E+01
  0.54269700E+02  0.11869826E+01  0.11869826E+01
  0.54323500E+02  0.12205200E+01  0.12205200E+01
  0.54377400E+02  0.12449312E+01  0.12449312E+01
  0.54431200E+02  0.12781495E+01  0.12781495E+01
  0.54485000E+02  0.13276594E+01  0.13276594E+01
  0.54538900E+02  0.13640960E+01  0.13640960E+01
  0.54592700E+02  0.13737916E+01  0.13737916E+01
  0.54646600E+02  0.13615109E+01  0.13615109E+01
  0.54700400E+02  0.13241014E+01  0.13241014E+01
  0.54754200E+02  0.12658994E+01  0.12658994E+01
  0.54808100E+02  0.12005233E+01  0.12005233E+01
  0.54861900E+02  0.11460551E+01  0.11460551E+01
  0.54915800E+02  0.11246354E+01  0.11246354E+01
  0.54969600E+02  0.11412249E+01  0.11412249E+01
  0.55023400E+02  0.11799917E+01  0.11799917E+01
  0.55077300E+02  0.12192777E+01  0.12192777E+01
  0.55131100E+02  0.12439905E+01  0.12439905E+01
  0.55184900E+02  0.12594201E+01  0.12594201E+01
  0.55238800E+02  0.12659863E+01  0.12659863E+01
  0.55292600E+02  0.12489699E+01  0.12489699E+01
  0.55346500E+02  0.12123165E+01  0.12123165E+01
  0.55400300E+02  0.11871825E+01  0.11871825E+01
  0.55454100E+02  0.11803000E+01  0.11803000E+01
  0.55508000E+02  0.11716168E+01  0.11716168E+01
  0.55561800E+02  0.11517305E+01  0.11517305E+01
  0.55615700E+02  0.11358348E+01  0.11358348E+01
  0.55669500E+02  0.11490334E+01  0.11490334E+01
  0.55723300E+02  0.12021784E+01  0.12021784E+01
  0.55777200E+02  0.12796726E+01  0.12796726E+01
  0.55831000E+02  0.13402332E+01  0.13402332E+01
  0.55884900E+02  0.13532238E+01  0.13532238E+01
  0.55938700E+02  0.13333620E+01  0.13333620E+01
  0.55992500E+02  0.13066985E+01  0.13066985E+01
  0.56046400E+02  0.12867511E+01  0.12867511E+01
  0.56100200E+02  0.12654059E+01  0.12654059E+01
  0.56154100E+02  0.12268420E+01  0.12268420E+01
  0.56207900E+02  0.11710055E+01  0.11710055E+01
  0.56261700E+02  0.11195890E+01  0.11195890E+01
  0.56315600E+02  0.10961811E+01  0.10961811E+01
  0.56369400E+02  0.11058501E+01  0.11058501E+01
  0.56423200E+02  0.11427880E+01  0.11427880E+01
  0.56477100E+02  0.11957089E+01  0.11957089E+01
  0.56530900E+02  0.12405351E+01  0.12405351E+01
  0.56584800E+02  0.12558387E+01  0.12558387E+01
  0.56638600E+02  0.12360594E+01  0.12360594E+01
  0.56692400E+02  0.11925087E+01  0.11925087E+01
  0.56746300E+02  0.11429367E+01  0.11429367E+01
  0.56800100E+02  0.11056119E+01  0.11056119E+01
  0.56854000E+02  0.11007113E+01  0.11007113E+01
  0.56907800E+02  0.11205353E+01  0.11205353E+01
  0.56961600E+02  0.11353510E+01  0.11353510E+01
  0.57015500E+02  0.11332125E+01  0.11332125E+01
  0.57069300E+02  0.11306065E+01  0.11306065E+01
  0.57123200E+02  0.11307546E+01  0.11307546E+01
  0.57177000E+02  0.11262963E+01  0.11262963E+01
  0.57230800E+02  0.11135348E+01  0.11135348E+01
  0.57284700E+02  0.10901429E+01  0.10901429E+01
  0.57338500E+02  0.10620874E+01  0.10620874E+01
  0.57392300E+02  0.10233511E+01  0.10233511E+01
  0.57446200E+02  0.97159365E+00  0.97159365E+00
  0.57500000E+02  0.92945606E+00  0.92945606E+00
  0.57553900E+02  0.91179491E+00  0.91179491E+00
  0.57607700E+02  0.90569108E+00  0.90569108E+00
  0.57661500E+02  0.89678920E+00  0.89678920E+00
  0.57715400E+02  0.88601222E+00  0.88601222E+00
  0.57769200E+02  0.87242178E+00  0.87242178E+00
  0.57823100E+02  0.84903094E+00  0.84903094E+00
  0.57876900E+02  0.81860489E+00  0.81860489E+00
  0.57930700E+02  0.79418327E+00  0.79418327E+00
  0.57984600E+02  0.77158332E+00  0.77158332E+00
  0.58038400E+02  0.73866005E+00  0.73866005E+00
  0.58092300E+02  0.72344613E+00  0.72344613E+00
  0.58146100E+02  0.79198738E+00  0.79198738E+00
  0.58199900E+02  0.94686020E+00  0.94686020E+00
  0.58253800E+02  0.10701317E+01  0.10701317E+01
  0.58307600E+02  0.10917726E+01  0.10917726E+01
  0.58361400E+02  0.10674102E+01  0.10674102E+01
  0.58415300E+02  0.10829736E+01  0.10829736E+01
  0.58469100E+02  0.12021111E+01  0.12021111E+01
  0.58523000E+02  0.13695217E+01  0.13695217E+01
  0.58576800E+02  0.14622604E+01  0.14622604E+01
  0.58630600E+02  0.14711551E+01  0.14711551E+01
  0.58684500E+02  0.14512490E+01  0.14512490E+01
  0.58738300E+02  0.14095506E+01  0.14095506E+01
  0.58792200E+02  0.13512109E+01  0.13512109E+01
  0.58846000E+02  0.12974968E+01  0.12974968E+01
  0.58899800E+02  0.12460529E+01  0.12460529E+01
  0.58953700E+02  0.11902438E+01  0.11902438E+01
  0.59007500E+02  0.11433537E+01  0.11433537E+01
  0.59061400E+02  0.11163468E+01  0.11163468E+01
  0.59115200E+02  0.11064185E+01  0.11064185E+01
  0.59169000E+02  0.10993281E+01  0.10993281E+01
  0.59222900E+02  0.10807830E+01  0.10807830E+01
  0.59276700E+02  0.10545656E+01  0.10545656E+01
  0.59330500E+02  0.10263884E+01  0.10263884E+01
  0.59384400E+02  0.10053307E+01  0.10053307E+01
  0.59438200E+02  0.10253807E+01  0.10253807E+01
  0.59492100E+02  0.11091625E+01  0.11091625E+01
  0.59545900E+02  0.12146630E+01  0.12146630E+01
  0.59599700E+02  0.12910857E+01  0.12910857E+01
  0.59653600E+02  0.13566019E+01  0.13566019E+01
  0.59707400E+02  0.14428998E+01  0.14428998E+01
  0.59761300E+02  0.15250238E+01  0.15250238E+01
  0.59815100E+02  0.15721404E+01  0.15721404E+01
  0.59868900E+02  0.15870489E+01  0.15870489E+01
  0.59922800E+02  0.15754535E+01  0.15754535E+01
  0.59976600E+02  0.15464507E+01  0.15464507E+01
  0.60030500E+02  0.15154630E+01  0.15154630E+01
  0.60084300E+02  0.14907024E+01  0.14907024E+01
  0.60138100E+02  0.14746091E+01  0.14746091E+01
  0.60192000E+02  0.14773844E+01  0.14773844E+01
  0.60245800E+02  0.15034389E+01  0.15034389E+01
  0.60299700E+02  0.15203172E+01  0.15203172E+01
  0.60353500E+02  0.15056407E+01  0.15056407E+01
  0.60407300E+02  0.14724569E+01  0.14724569E+01
  0.60461200E+02  0.14348336E+01  0.14348336E+01
  0.60515000E+02  0.14005486E+01  0.14005486E+01
  0.60568800E+02  0.13681507E+01  0.13681507E+01
  0.60622700E+02  0.13410634E+01  0.13410634E+01
  0.60676500E+02  0.13276001E+01  0.13276001E+01
  0.60730400E+02  0.13234018E+01  0.13234018E+01
  0.60784200E+02  0.13172344E+01  0.13172344E+01
  0.60838000E+02  0.13056669E+01  0.13056669E+01
  0.60891900E+02  0.12950593E+01  0.12950593E+01
  0.60945700E+02  0.12888443E+01  0.12888443E+01
  0.60999600E+02  0.12752527E+01  0.12752527E+01
  0.61053400E+02  0.12459056E+01  0.12459056E+01
  0.61107200E+02  0.12115856E+01  0.12115856E+01
  0.61161100E+02  0.11939451E+01  0.11939451E+01
  0.61214900E+02  0.11949953E+01  0.11949953E+01
  0.61268800E+02  0.11916086E+01  0.11916086E+01
  0.61322600E+02  0.11719217E+01  0.11719217E+01
  0.61376400E+02  0.11368819E+01  0.11368819E+01
  0.61430300E+02  0.10928794E+01  0.10928794E+01
  0.61484100E+02  0.10557254E+01  0.10557254E+01
  0.61537900E+02  0.10323755E+01  0.10323755E+01
  0.61591800E+02  0.10079932E+01  0.10079932E+01
  0.61645600E+02  0.97959496E+00  0.97959496E+00
  0.61699500E+02  0.96853109E+00  0.96853109E+00
  0.61753300E+02  0.98826602E+00  0.98826602E+00
  0.61807100E+02  0.10493304E+01  0.10493304E+01
  0.61861000E+02  0.11612956E+01  0.11612956E+01
  0.61914800E+02  0.12789349E+01  0.12789349E+01
  0.61968700E+02  0.13339240E+01  0.13339240E+01
  0.62022500E+02  0.13250965E+01  0.13250965E+01
  0.62076300E+02  0.12897666E+01  0.12897666E+01
  0.62130200E+02  0.12518748E+01  0.12518748E+01
  0.62184000E+02  0.12254268E+01  0.12254268E+01
  0.62237900E+02  0.12219798E+01  0.12219798E+01
  0.62291700E+02  0.12370767E+01  0.12370767E+01
  0.62345500E+02  0.12506923E+01  0.12506923E+01
  0.62399400E+02  0.12437365E+01  0.12437365E+01
  0.62453200E+02  0.12126328E+01  0.12126328E+01
  0.62507000E+02  0.11764419E+01  0.11764419E+01
  0.62560900E+02  0.11648659E+01  0.11648659E+01
  0.62614700E+02  0.11840134E+01  0.11840134E+01
  0.62668600E+02  0.12047075E+01  0.12047075E+01
  0.62722400E+02  0.12042270E+01  0.12042270E+01
  0.62776200E+02  0.12017225E+01  0.12017225E+01
  0.62830100E+02  0.12416996E+01  0.12416996E+01
  0.62883900E+02  0.13369193E+01  0.13369193E+01
  0.62937800E+02  0.14333156E+01  0.14333156E+01
  0.62991600E+02  0.14877846E+01  0.14877846E+01
  0.63045400E+02  0.15052958E+01  0.15052958E+01
  0.63099300E+02  0.14994715E+01  0.14994715E+01
  0.63153100E+02  0.14819397E+01  0.14819397E+01
  0.63207000E+02  0.14781164E+01  0.14781164E+01
  0.63260800E+02  0.15114573E+01  0.15114573E+01
  0.63314600E+02  0.15677886E+01  0.15677886E+01
  0.63368500E+02  0.16165643E+01  0.16165643E+01
  0.63422300E+02  0.16358060E+01  0.16358060E+01
  0.63476200E+02  0.16223777E+01  0.16223777E+01
  0.63530000E+02  0.15961362E+01  0.15961362E+01
  0.63583800E+02  0.15703597E+01  0.15703597E+01
  0.63637700E+02  0.15465889E+01  0.15465889E+01
  0.63691500E+02  0.15273877E+01  0.15273877E+01
  0.63745300E+02  0.15143096E+01  0.15143096E+01
  0.63799200E+02  0.15032640E+01  0.15032640E+01
  0.63853000E+02  0.14927093E+01  0.14927093E+01
  0.63906900E+02  0.14780213E+01  0.14780213E+01
  0.63960700E+02  0.14499171E+01  0.14499171E+01
  0.64014500E+02  0.14119725E+01  0.14119725E+01
  0.64068400E+02  0.13822162E+01  0.13822162E+01
  0.64122200E+02  0.13730532E+01  0.13730532E+01
  0.64176100E+02  0.13845397E+01  0.13845397E+01
  0.64229900E+02  0.13944903E+01  0.13944903E+01
  0.64283700E+02  0.13904835E+01  0.13904835E+01
  0.64337600E+02  0.13838806E+01  0.13838806E+01
  0.64391400E+02  0.13725974E+01  0.13725974E+01
  0.64445300E+02  0.13452131E+01  0.13452131E+01
  0.64499100E+02  0.13146637E+01  0.13146637E+01
  0.64552900E+02  0.13032886E+01  0.13032886E+01
  0.64606800E+02  0.13100978E+01  0.13100978E+01
  0.64660600E+02  0.13257633E+01  0.13257633E+01
  0.64714400E+02  0.13513511E+01  0.13513511E+01
  0.64768300E+02  0.13848026E+01  0.13848026E+01
  0.64822100E+02  0.14021293E+01  0.14021293E+01
  0.64876000E+02  0.13897166E+01  0.13897166E+01
  0.64929800E+02  0.13715297E+01  0.13715297E+01
  0.64983600E+02  0.13920215E+01  0.13920215E+01
  0.65037500E+02  0.14738034E+01  0.14738034E+01
  0.65091300E+02  0.15677682E+01  0.15677682E+01
  0.65145200E+02  0.16104956E+01  0.16104956E+01
  0.65199000E+02  0.15966049E+01  0.15966049E+01
  0.65252800E+02  0.15480201E+01  0.15480201E+01
  0.65306700E+02  0.15040868E+01  0.15040868E+01
  0.65360500E+02  0.15100613E+01  0.15100613E+01
  0.65414400E+02  0.15792364E+01  0.15792364E+01
  0.65468200E+02  0.16827772E+01  0.16827772E+01
  0.65522000E+02  0.17543115E+01  0.17543115E+01
  0.65575900E+02  0.17758143E+01  0.17758143E+01
  0.65629700E+02  0.17809695E+01  0.17809695E+01
  0.65683500E+02  0.17787282E+01  0.17787282E+01
  0.65737400E+02  0.17685457E+01  0.17685457E+01
  0.65791200E+02  0.17488082E+01  0.17488082E+01
  0.65845100E+02  0.17179076E+01  0.17179076E+01
  0.65898900E+02  0.16811161E+01  0.16811161E+01
  0.65952700E+02  0.16591281E+01  0.16591281E+01
  0.66006600E+02  0.16695170E+01  0.16695170E+01
  0.66060400E+02  0.16974672E+01  0.16974672E+01
  0.66114300E+02  0.17137544E+01  0.17137544E+01
  0.66168100E+02  0.17130183E+01  0.17130183E+01
  0.66221900E+02  0.17144112E+01  0.17144112E+01
  0.66275800E+02  0.17200748E+01  0.17200748E+01
  0.66329600E+02  0.17252087E+01  0.17252087E+01
  0.66383500E+02  0.17351609E+01  0.17351609E+01
  0.66437300E+02  0.17504725E+01  0.17504725E+01
  0.66491100E+02  0.17556368E+01  0.17556368E+01
  0.66545000E+02  0.17506317E+01  0.17506317E+01
  0.66598800E+02  0.17520470E+01  0.17520470E+01
  0.66652700E+02  0.17674155E+01  0.17674155E+01
  0.66706500E+02  0.17930066E+01  0.17930066E+01
  0.66760300E+02  0.18180993E+01  0.18180993E+01
  0.66814200E+02  0.18373164E+01  0.18373164E+01
  0.66868000E+02  0.18500999E+01  0.18500999E+01
  0.66921800E+02  0.18585918E+01  0.18585918E+01
  0.66975700E+02  0.18633237E+01  0.18633237E+01
  0.67029500E+02  0.18518703E+01  0.18518703E+01
  0.67083400E+02  0.18182579E+01  0.18182579E+01
  0.67137200E+02  0.17726965E+01  0.17726965E+01
  0.67191000E+02  0.17340912E+01  0.17340912E+01
  0.67244900E+02  0.17181599E+01  0.17181599E+01
  0.67298700E+02  0.17238686E+01  0.17238686E+01
  0.67352600E+02  0.17425994E+01  0.17425994E+01
  0.67406400E+02  0.17705799E+01  0.17705799E+01
  0.67460200E+02  0.17980597E+01  0.17980597E+01
  0.67514100E+02  0.18043878E+01  0.18043878E+01
  0.67567900E+02  0.17878762E+01  0.17878762E+01
  0.67621800E+02  0.17653507E+01  0.17653507E+01
  0.67675600E+02  0.17384261E+01  0.17384261E+01
  0.67729400E+02  0.17032781E+01  0.17032781E+01
  0.67783300E+02  0.16648006E+01  0.16648006E+01
  0.67837100E+02  0.16295339E+01  0.16295339E+01
  0.67890900E+02  0.15996744E+01  0.15996744E+01
  0.67944800E+02  0.15785192E+01  0.15785192E+01
  0.67998600E+02  0.15617052E+01  0.15617052E+01
  0.68052500E+02  0.15437692E+01  0.15437692E+01
  0.68106300E+02  0.15279937E+01  0.15279937E+01
  0.68160100E+02  0.15149348E+01  0.15149348E+01
  0.68214000E+02  0.15018555E+01  0.15018555E+01
  0.68267800E+02  0.14876524E+01  0.14876524E+01
  0.68321700E+02  0.14739772E+01  0.14739772E+01
  0.68375500E+02  0.14635790E+01  0.14635790E+01
  0.68429300E+02  0.14696883E+01  0.14696883E+01
  0.68483200E+02  0.14978592E+01  0.14978592E+01
  0.68537000E+02  0.15222084E+01  0.15222084E+01
  0.68590900E+02  0.15195404E+01  0.15195404E+01
  0.68644700E+02  0.14947604E+01  0.14947604E+01
  0.68698500E+02  0.14610914E+01  0.14610914E+01
  0.68752400E+02  0.14240491E+01  0.14240491E+01
  0.68806200E+02  0.13874988E+01  0.13874988E+01
  0.68860000E+02  0.13564328E+01  0.13564328E+01
  0.68913900E+02  0.13353042E+01  0.13353042E+01
  0.68967700E+02  0.13241325E+01  0.13241325E+01
  0.69021600E+02  0.13212779E+01  0.13212779E+01
  0.69075400E+02  0.13211957E+01  0.13211957E+01
  0.69129200E+02  0.13300156E+01  0.13300156E+01
  0.69183100E+02  0.13516589E+01  0.13516589E+01
  0.69236900E+02  0.13705455E+01  0.13705455E+01
  0.69290800E+02  0.13704969E+01  0.13704969E+01
  0.69344600E+02  0.13615129E+01  0.13615129E+01
  0.69398400E+02  0.13569826E+01  0.13569826E+01
  0.69452300E+02  0.13580365E+01  0.13580365E+01
  0.69506100E+02  0.13579695E+01  0.13579695E+01
  0.69560000E+02  0.13551028E+01  0.13551028E+01
  0.69613800E+02  0.13589529E+01  0.13589529E+01
  0.69667600E+02  0.13700980E+01  0.13700980E+01
  0.69721500E+02  0.13795769E+01  0.13795769E+01
  0.69775300E+02  0.13834499E+01  0.13834499E+01
  0.69829100E+02  0.13850787E+01  0.13850787E+01
  0.69883000E+02  0.13861478E+01  0.13861478E+01
  0.69936800E+02  0.13798961E+01  0.13798961E+01
  0.69990700E+02  0.13663105E+01  0.13663105E+01
  0.70044500E+02  0.13498810E+01  0.13498810E+01
  0.70098300E+02  0.13351176E+01  0.13351176E+01
  0.70152200E+02  0.13180730E+01  0.13180730E+01
  0.70206000E+02  0.12953471E+01  0.12953471E+01
  0.70259900E+02  0.12720210E+01  0.12720210E+01
  0.70313700E+02  0.12560142E+01  0.12560142E+01
  0.70367500E+02  0.12462125E+01  0.12462125E+01
  0.70421400E+02  0.12307272E+01  0.12307272E+01
  0.70475200E+02  0.12021664E+01  0.12021664E+01
  0.70529100E+02  0.11633425E+01  0.11633425E+01
  0.70582900E+02  0.11267291E+01  0.11267291E+01
  0.70636700E+02  0.11002938E+01  0.11002938E+01
  0.70690600E+02  0.10840616E+01  0.10840616E+01
  0.70744400E+02  0.10746357E+01  0.10746357E+01
  0.70798300E+02  0.10714650E+01  0.10714650E+01
  0.70852100E+02  0.10831161E+01  0.10831161E+01
  0.70905900E+02  0.11170446E+01  0.11170446E+01
  0.70959800E+02  0.11681618E+01  0.11681618E+01
  0.71013600E+02  0.12022038E+01  0.12022038E+01
  0.71067400E+02  0.11905286E+01  0.11905286E+01
  0.71121300E+02  0.11547897E+01  0.11547897E+01
  0.71175100E+02  0.11264422E+01  0.11264422E+01
  0.71229000E+02  0.11077998E+01  0.11077998E+01
  0.71282800E+02  0.10925693E+01  0.10925693E+01
  0.71336600E+02  0.10928197E+01  0.10928197E+01
  0.71390500E+02  0.11258283E+01  0.11258283E+01
  0.71444300E+02  0.11738373E+01  0.11738373E+01
  0.71498200E+02  0.12058032E+01  0.12058032E+01
  0.71552000E+02  0.12199585E+01  0.12199585E+01
  0.71605800E+02  0.12375922E+01  0.12375922E+01
  0.71659700E+02  0.12771735E+01  0.12771735E+01
  0.71713500E+02  0.13399030E+01  0.13399030E+01
  0.71767400E+02  0.13819289E+01  0.13819289E+01
  0.71821200E+02  0.13598384E+01  0.13598384E+01
  0.71875000E+02  0.13220911E+01  0.13220911E+01
  0.71928900E+02  0.13641936E+01  0.13641936E+01
  0.71982700E+02  0.14932752E+01  0.14932752E+01
  0.72036500E+02  0.16190689E+01  0.16190689E+01
  0.72090400E+02  0.16835363E+01  0.16835363E+01
  0.72144200E+02  0.17016348E+01  0.17016348E+01
  0.72198100E+02  0.17029061E+01  0.17029061E+01
  0.72251900E+02  0.16931241E+01  0.16931241E+01
  0.72305700E+02  0.16641176E+01  0.16641176E+01
  0.72359600E+02  0.16280783E+01  0.16280783E+01
  0.72413400E+02  0.16088862E+01  0.16088862E+01
  0.72467300E+02  0.16124172E+01  0.16124172E+01
  0.72521100E+02  0.16252902E+01  0.16252902E+01
  0.72574900E+02  0.16486967E+01  0.16486967E+01
  0.72628800E+02  0.16809083E+01  0.16809083E+01
  0.72682600E+02  0.17078977E+01  0.17078977E+01
  0.72736500E+02  0.17273157E+01  0.17273157E+01
  0.72790300E+02  0.17414845E+01  0.17414845E+01
  0.72844100E+02  0.17439445E+01  0.17439445E+01
  0.72898000E+02  0.17293905E+01  0.17293905E+01
  0.72951800E+02  0.16966055E+01  0.16966055E+01
  0.73005600E+02  0.16614195E+01  0.16614195E+01
  0.73059500E+02  0.16491191E+01  0.16491191E+01
  0.73113300E+02  0.16626933E+01  0.16626933E+01
  0.73167200E+02  0.16709870E+01  0.16709870E+01
  0.73221000E+02  0.16592482E+01  0.16592482E+01
  0.73274800E+02  0.16427715E+01  0.16427715E+01
  0.73328700E+02  0.16374866E+01  0.16374866E+01
  0.73382500E+02  0.16445953E+01  0.16445953E+01
  0.73436400E+02  0.16505326E+01  0.16505326E+01
  0.73490200E+02  0.16428678E+01  0.16428678E+01
  0.73544000E+02  0.16245335E+01  0.16245335E+01
  0.73597900E+02  0.16097275E+01  0.16097275E+01
  0.73651700E+02  0.16043824E+01  0.16043824E+01
  0.73705600E+02  0.16014032E+01  0.16014032E+01
  0.73759400E+02  0.15954469E+01  0.15954469E+01
  0.73813200E+02  0.15888860E+01  0.15888860E+01
  0.73867100E+02  0.15876677E+01  0.15876677E+01
  0.73920900E+02  0.15953698E+01  0.15953698E+01
  0.73974800E+02  0.16012971E+01  0.16012971E+01
  0.74028600E+02  0.15947145E+01  0.15947145E+01
  0.74082400E+02  0.15869280E+01  0.15869280E+01
  0.74136300E+02  0.15856954E+01  0.15856954E+01
  0.74190100E+02  0.15850544E+01  0.15850544E+01
  0.74243900E+02  0.15760436E+01  0.15760436E+01
  0.74297800E+02  0.15580486E+01  0.15580486E+01
  0.74351600E+02  0.15310458E+01  0.15310458E+01
  0.74405500E+02  0.14968167E+01  0.14968167E+01
  0.74459300E+02  0.14589380E+01  0.14589380E+01
  0.74513100E+02  0.14240022E+01  0.14240022E+01
  0.74567000E+02  0.13974200E+01  0.13974200E+01
  0.74620800E+02  0.13804073E+01  0.13804073E+01
  0.74674700E+02  0.13681794E+01  0.13681794E+01
  0.74728500E+02  0.13523213E+01  0.13523213E+01
  0.74782300E+02  0.13292149E+01  0.13292149E+01
  0.74836200E+02  0.13030634E+01  0.13030634E+01
  0.74890000E+02  0.12780769E+01  0.12780769E+01
  0.74943900E+02  0.12608978E+01  0.12608978E+01
  0.74997700E+02  0.12660291E+01  0.12660291E+01
  0.75051500E+02  0.12880831E+01  0.12880831E+01
  0.75105400E+02  0.12968680E+01  0.12968680E+01
  0.75159200E+02  0.12856963E+01  0.12856963E+01
  0.75213000E+02  0.12757182E+01  0.12757182E+01
  0.75266900E+02  0.12790560E+01  0.12790560E+01
  0.75320700E+02  0.12830020E+01  0.12830020E+01
  0.75374600E+02  0.12742118E+01  0.12742118E+01
  0.75428400E+02  0.12587269E+01  0.12587269E+01
  0.75482200E+02  0.12559789E+01  0.12559789E+01
  0.75536100E+02  0.12672129E+01  0.12672129E+01
  0.75589900E+02  0.12815025E+01  0.12815025E+01
  0.75643800E+02  0.12988575E+01  0.12988575E+01
  0.75697600E+02  0.13296403E+01  0.13296403E+01
  0.75751400E+02  0.13708321E+01  0.13708321E+01
  0.75805300E+02  0.13968272E+01  0.13968272E+01
  0.75859100E+02  0.13911012E+01  0.13911012E+01
  0.75913000E+02  0.13694788E+01  0.13694788E+01
  0.75966800E+02  0.13514918E+01  0.13514918E+01
  0.76020600E+02  0.13469412E+01  0.13469412E+01
  0.76074500E+02  0.13625939E+01  0.13625939E+01
  0.76128300E+02  0.13850067E+01  0.13850067E+01
  0.76182100E+02  0.13994774E+01  0.13994774E+01
  0.76236000E+02  0.14145827E+01  0.14145827E+01
  0.76289800E+02  0.14358474E+01  0.14358474E+01
  0.76343700E+02  0.14534552E+01  0.14534552E+01
  0.76397500E+02  0.14575545E+01  0.14575545E+01
  0.76451300E+02  0.14518111E+01  0.14518111E+01
  0.76505200E+02  0.14577617E+01  0.14577617E+01
  0.76559000E+02  0.14883693E+01  0.14883693E+01
  0.76612900E+02  0.15233376E+01  0.15233376E+01
  0.76666700E+02  0.15379851E+01  0.15379851E+01
  0.76720500E+02  0.15452404E+01  0.15452404E+01
  0.76774400E+02  0.15698113E+01  0.15698113E+01
  0.76828200E+02  0.15944132E+01  0.15944132E+01
  0.76882100E+02  0.15905806E+01  0.15905806E+01
  0.76935900E+02  0.15638235E+01  0.15638235E+01
  0.76989700E+02  0.15320693E+01  0.15320693E+01
  0.77043600E+02  0.15070933E+01  0.15070933E+01
  0.77097400E+02  0.14969743E+01  0.14969743E+01
  0.77151300E+02  0.14980209E+01  0.14980209E+01
  0.77205100E+02  0.14972010E+01  0.14972010E+01
  0.77258900E+02  0.14889152E+01  0.14889152E+01
  0.77312800E+02  0.14768842E+01  0.14768842E+01
  0.77366600E+02  0.14648331E+01  0.14648331E+01
  0.77420400E+02  0.14521405E+01  0.14521405E+01
  0.77474300E+02  0.14444201E+01  0.14444201E+01
  0.77528100E+02  0.14460473E+01  0.14460473E+01
  0.77582000E+02  0.14532980E+01  0.14532980E+01
  0.77635800E+02  0.14505559E+01  0.14505559E+01
  0.77689600E+02  0.14390531E+01  0.14390531E+01
  0.77743500E+02  0.14356706E+01  0.14356706E+01
  0.77797300E+02  0.14423006E+01  0.14423006E+01
  0.77851200E+02  0.14407930E+01  0.14407930E+01
  0.77905000E+02  0.14248560E+01  0.14248560E+01
  0.77958800E+02  0.14057577E+01  0.14057577E+01
  0.78012700E+02  0.13916575E+01  0.13916575E+01
  0.78066500E+02  0.13800485E+01  0.13800485E+01
  0.78120400E+02  0.13677951E+01  0.13677951E+01
  0.78174200E+02  0.13592975E+01  0.13592975E+01
  0.78228000E+02  0.13551950E+01  0.13551950E+01
  0.78281900E+02  0.13491969E+01  0.13491969E+01
  0.78335700E+02  0.13381427E+01  0.13381427E+01
  0.78389500E+02  0.13201306E+01  0.13201306E+01
  0.78443400E+02  0.13027256E+01  0.13027256E+01
  0.78497200E+02  0.12947724E+01  0.12947724E+01
  0.78551100E+02  0.12994555E+01  0.12994555E+01
  0.78604900E+02  0.13117354E+01  0.13117354E+01
  0.78658700E+02  0.13259305E+01  0.13259305E+01
  0.78712600E+02  0.13350764E+01  0.13350764E+01
  0.78766400E+02  0.13353548E+01  0.13353548E+01
  0.78820300E+02  0.13311925E+01  0.13311925E+01
  0.78874100E+02  0.13276566E+01  0.13276566E+01
  0.78927900E+02  0.13228439E+01  0.13228439E+01
  0.78981800E+02  0.13142101E+01  0.13142101E+01
  0.79035600E+02  0.13093792E+01  0.13093792E+01
  0.79089500E+02  0.13109088E+01  0.13109088E+01
  0.79143300E+02  0.13067037E+01  0.13067037E+01
  0.79197100E+02  0.12961163E+01  0.12961163E+01
  0.79251000E+02  0.12880668E+01  0.12880668E+01
  0.79304800E+02  0.12780883E+01  0.12780883E+01
  0.79358600E+02  0.12604290E+01  0.12604290E+01
  0.79412500E+02  0.12382713E+01  0.12382713E+01
  0.79466300E+02  0.12224778E+01  0.12224778E+01
  0.79520200E+02  0.12156253E+01  0.12156253E+01
  0.79574000E+02  0.12106826E+01  0.12106826E+01
  0.79627800E+02  0.12095781E+01  0.12095781E+01
  0.79681700E+02  0.12116798E+01  0.12116798E+01
  0.79735500E+02  0.12073629E+01  0.12073629E+01
  0.79789400E+02  0.11934060E+01  0.11934060E+01
  0.79843200E+02  0.11736430E+01  0.11736430E+01
  0.79897000E+02  0.11538523E+01  0.11538523E+01
  0.79950900E+02  0.11481946E+01  0.11481946E+01
  0.80004700E+02  0.11618481E+01  0.11618481E+01
  0.80058600E+02  0.11948545E+01  0.11948545E+01
  0.80112400E+02  0.12337070E+01  0.12337070E+01
  0.80166200E+02  0.12616398E+01  0.12616398E+01
  0.80220100E+02  0.12689458E+01  0.12689458E+01
  0.80273900E+02  0.12529954E+01  0.12529954E+01
  0.80327700E+02  0.12215032E+01  0.12215032E+01
  0.80381600E+02  0.11860867E+01  0.11860867E+01
  0.80435400E+02  0.11460876E+01  0.11460876E+01
  0.80489300E+02  0.10963162E+01  0.10963162E+01
  0.80543100E+02  0.10393437E+01  0.10393437E+01
  0.80596900E+02  0.99721664E+00  0.99721664E+00
  0.80650800E+02  0.99463733E+00  0.99463733E+00
  0.80704600E+02  0.10264852E+01  0.10264852E+01
  0.80758500E+02  0.10726783E+01  0.10726783E+01
  0.80812300E+02  0.11345438E+01  0.11345438E+01
  0.80866100E+02  0.12212277E+01  0.12212277E+01
  0.80920000E+02  0.13353867E+01  0.13353867E+01
  0.80973800E+02  0.14822870E+01  0.14822870E+01
  0.81027700E+02  0.16372106E+01  0.16372106E+01
  0.81081500E+02  0.17649230E+01  0.17649230E+01
  0.81135300E+02  0.18431648E+01  0.18431648E+01
  0.81189200E+02  0.18698787E+01  0.18698787E+01
  0.81243000E+02  0.18573836E+01  0.18573836E+01
  0.81296900E+02  0.18258937E+01  0.18258937E+01
  0.81350700E+02  0.17864998E+01  0.17864998E+01
  0.81404500E+02  0.17431203E+01  0.17431203E+01
  0.81458400E+02  0.16983725E+01  0.16983725E+01
  0.81512200E+02  0.16594675E+01  0.16594675E+01
  0.81566000E+02  0.16362683E+01  0.16362683E+01
  0.81619900E+02  0.16314362E+01  0.16314362E+01
  0.81673700E+02  0.16423737E+01  0.16423737E+01
  0.81727600E+02  0.16585895E+01  0.16585895E+01
  0.81781400E+02  0.16774565E+01  0.16774565E+01
  0.81835200E+02  0.17088637E+01  0.17088637E+01
  0.81889100E+02  0.17469050E+01  0.17469050E+01
  0.81942900E+02  0.17737787E+01  0.17737787E+01
  0.81996800E+02  0.17802261E+01  0.17802261E+01
  0.82050600E+02  0.17747890E+01  0.17747890E+01
  0.82104400E+02  0.17739699E+01  0.17739699E+01
  0.82158300E+02  0.17837324E+01  0.17837324E+01
  0.82212100E+02  0.17948276E+01  0.17948276E+01
  0.82266000E+02  0.18006400E+01  0.18006400E+01
  0.82319800E+02  0.18044683E+01  0.18044683E+01
  0.82373600E+02  0.18083001E+01  0.18083001E+01
  0.82427500E+02  0.18068291E+01  0.18068291E+01
  0.82481300E+02  0.17987127E+01  0.17987127E+01
  0.82535100E+02  0.17839402E+01  0.17839402E+01
  0.82589000E+02  0.17644950E+01  0.17644950E+01
  0.82642800E+02  0.17450209E+01  0.17450209E+01
  0.82696700E+02  0.17281848E+01  0.17281848E+01
  0.82750500E+02  0.17153201E+01  0.17153201E+01
  0.82804300E+02  0.17051035E+01  0.17051035E+01
  0.82858200E+02  0.16928732E+01  0.16928732E+01
  0.82912000E+02  0.16786212E+01  0.16786212E+01
  0.82965900E+02  0.16636833E+01  0.16636833E+01
  0.83019700E+02  0.16487227E+01  0.16487227E+01
  0.83073500E+02  0.16324038E+01  0.16324038E+01
  0.83127400E+02  0.16160643E+01  0.16160643E+01
  0.83181200E+02  0.16010396E+01  0.16010396E+01
  0.83235100E+02  0.15880061E+01  0.15880061E+01
  0.83288900E+02  0.15749525E+01  0.15749525E+01
  0.83342700E+02  0.15618807E+01  0.15618807E+01
  0.83396600E+02  0.15487925E+01  0.15487925E+01
  0.83450400E+02  0.15376997E+01  0.15376997E+01
  0.83504200E+02  0.15279357E+01  0.15279357E+01
  0.83558100E+02  0.15188322E+01  0.15188322E+01
  0.83611900E+02  0.15097140E+01  0.15097140E+01
  0.83665800E+02  0.15012580E+01  0.15012580E+01
  0.83719600E+02  0.14927882E+01  0.14927882E+01
  0.83773400E+02  0.14843062E+01  0.14843062E+01
  0.83827300E+02  0.14764886E+01  0.14764886E+01
  0.83881100E+02  0.14700085E+01  0.14700085E+01
  0.83935000E+02  0.14635207E+01  0.14635207E+01
  0.83988800E+02  0.14570215E+01  0.14570215E+01
  0.84042600E+02  0.14505128E+01  0.14505128E+01
  0.84096500E+02  0.14433193E+01  0.14433193E+01
  0.84150300E+02  0.14354363E+01  0.14354363E+01
  0.84204200E+02  0.14282216E+01  0.14282216E+01
  0.84258000E+02  0.14209948E+01  0.14209948E+01
  0.84311800E+02  0.14151150E+01  0.14151150E+01
  0.84365700E+02  0.14099073E+01  0.14099073E+01
  0.84419500E+02  0.14046902E+01  0.14046902E+01
  0.84473400E+02  0.14008270E+01  0.14008270E+01
  0.84527200E+02  0.13976365E+01  0.13976365E+01
  0.84581000E+02  0.13930790E+01  0.13930790E+01
  0.84634900E+02  0.13891976E+01  0.13891976E+01
  0.84688700E+02  0.13859902E+01  0.13859902E+01
  0.84742500E+02  0.13834598E+01  0.13834598E+01
  0.84796400E+02  0.13802440E+01  0.13802440E+01
  0.84850200E+02  0.13756554E+01  0.13756554E+01
  0.84904100E+02  0.13703779E+01  0.13703779E+01
  0.84957900E+02  0.13650910E+01  0.13650910E+01
  0.85011700E+02  0.13591120E+01  0.13591120E+01
  0.85065600E+02  0.13531259E+01  0.13531259E+01
  0.85119400E+02  0.13471296E+01  0.13471296E+01
  0.85173300E+02  0.13411262E+01  0.13411262E+01
  0.85227100E+02  0.13351125E+01  0.13351125E+01
  0.85280900E+02  0.13290901E+01  0.13290901E+01
  0.85334800E+02  0.13244346E+01  0.13244346E+01
  0.85388600E+02  0.13204579E+01  0.13204579E+01
  0.85442500E+02  0.13164767E+01  0.13164767E+01
  0.85496300E+02  0.13131762E+01  0.13131762E+01
  0.85550100E+02  0.13119365E+01  0.13119365E+01
  0.85604000E+02  0.13134522E+01  0.13134522E+01
  0.85657800E+02  0.13149672E+01  0.13149672E+01
  0.85711600E+02  0.13157931E+01  0.13157931E+01
  0.85765500E+02  0.13152397E+01  0.13152397E+01
  0.85819300E+02  0.13133014E+01  0.13133014E+01
  0.85873200E+02  0.13113611E+01  0.13113611E+01
  0.85927000E+02  0.13087241E+01  0.13087241E+01
  0.85980800E+02  0.13060827E+01  0.13060827E+01
  0.86034700E+02  0.13041312E+01  0.13041312E+01
  0.86088500E+02  0.13021746E+01  0.13021746E+01
  0.86142400E+02  0.13002161E+01  0.13002161E+01
  0.86196200E+02  0.12975588E+01  0.12975588E+01
  0.86250000E+02  0.12948971E+01  0.12948971E+01
  0.86303900E+02  0.12929273E+01  0.12929273E+01
  0.86357700E+02  0.12902574E+01  0.12902574E+01
  0.86411600E+02  0.12875846E+01  0.12875846E+01
  0.86465400E+02  0.12842100E+01  0.12842100E+01
  0.86519200E+02  0.12808301E+01  0.12808301E+01
  0.86573100E+02  0.12774466E+01  0.12774466E+01
  0.86626900E+02  0.12747537E+01  0.12747537E+01
  0.86680700E+02  0.12720565E+01  0.12720565E+01
  0.86734600E+02  0.12693564E+01  0.12693564E+01
  0.86788400E+02  0.12666505E+01  0.12666505E+01
  0.86842300E+02  0.12639417E+01  0.12639417E+01
  0.86896100E+02  0.12612272E+01  0.12612272E+01
  0.86949900E+02  0.12592083E+01  0.12592083E+01
  0.87003800E+02  0.12578877E+01  0.12578877E+01
  0.87057600E+02  0.12558623E+01  0.12558623E+01
  0.87111500E+02  0.12531335E+01  0.12531335E+01
  0.87165300E+02  0.12496974E+01  0.12496974E+01
  0.87219100E+02  0.12469581E+01  0.12469581E+01
  0.87273000E+02  0.12442160E+01  0.12442160E+01
  0.87326800E+02  0.12407651E+01  0.12407651E+01
  0.87380700E+02  0.12380138E+01  0.12380138E+01
  0.87434500E+02  0.12359607E+01  0.12359607E+01
  0.87488300E+02  0.12331998E+01  0.12331998E+01
  0.87542200E+02  0.12304359E+01  0.12304359E+01
  0.87596000E+02  0.12276664E+01  0.12276664E+01
  0.87649900E+02  0.12241883E+01  0.12241883E+01
  0.87703700E+02  0.12214096E+01  0.12214096E+01
  0.87757500E+02  0.12186266E+01  0.12186266E+01
  0.87811400E+02  0.12158406E+01  0.12158406E+01
  0.87865200E+02  0.12130490E+01  0.12130490E+01
  0.87919000E+02  0.12102530E+01  0.12102530E+01
  0.87972900E+02  0.12081622E+01  0.12081622E+01
  0.88026700E+02  0.12053580E+01  0.12053580E+01
  0.88080600E+02  0.12025508E+01  0.12025508E+01
  0.88134400E+02  0.12004474E+01  0.12004474E+01
  0.88188200E+02  0.11976306E+01  0.11976306E+01
  0.88242100E+02  0.11955211E+01  0.11955211E+01
  0.88295900E+02  0.11934069E+01  0.11934069E+01
  0.88349800E+02  0.11912905E+01  0.11912905E+01
  0.88403600E+02  0.11884577E+01  0.11884577E+01
  0.88457400E+02  0.11863326E+01  0.11863326E+01
  0.88511300E+02  0.11842054E+01  0.11842054E+01
  0.88565100E+02  0.11813605E+01  0.11813605E+01
  0.88619000E+02  0.11792259E+01  0.11792259E+01
  0.88672800E+02  0.11770865E+01  0.11770865E+01
  0.88726600E+02  0.11749437E+01  0.11749437E+01
  0.88780500E+02  0.11727987E+01  0.11727987E+01
  0.88834300E+02  0.11706489E+01  0.11706489E+01
  0.88888100E+02  0.11677801E+01  0.11677801E+01
  0.88942000E+02  0.11656243E+01  0.11656243E+01
  0.88995800E+02  0.11641801E+01  0.11641801E+01
  0.89049700E+02  0.11620178E+01  0.11620178E+01
  0.89103500E+02  0.11598507E+01  0.11598507E+01
  0.89157300E+02  0.11576801E+01  0.11576801E+01
  0.89211200E+02  0.11555074E+01  0.11555074E+01
  0.89265000E+02  0.11533299E+01  0.11533299E+01
  0.89318900E+02  0.11518693E+01  0.11518693E+01
  0.89372700E+02  0.11496853E+01  0.11496853E+01
  0.89426500E+02  0.11474978E+01  0.11474978E+01
  0.89480400E+02  0.11460285E+01  0.11460285E+01
  0.89534200E+02  0.11438345E+01  0.11438345E+01
  0.89588100E+02  0.11416384E+01  0.11416384E+01
  0.89641900E+02  0.11401591E+01  0.11401591E+01
  0.89695700E+02  0.11379552E+01  0.11379552E+01
  0.89749600E+02  0.11364715E+01  0.11364715E+01
  0.89803400E+02  0.11342611E+01  0.11342611E+01
  0.89857200E+02  0.11327706E+01  0.11327706E+01
  0.89911100E+02  0.11305549E+01  0.11305549E+01
  0.89964900E+02  0.11290587E+01  0.11290587E+01
  0.90018800E+02  0.11268365E+01  0.11268365E+01
  0.90072600E+02  0.11253347E+01  0.11253347E+01
  0.90126400E+02  0.11231048E+01  0.11231048E+01
  0.90180300E+02  0.11215986E+01  0.11215986E+01
  0.90234100E+02  0.11200886E+01  0.11200886E+01
  0.90288000E+02  0.11178504E+01  0.11178504E+01
  0.90341800E+02  0.11163347E+01  0.11163347E+01
  0.90395600E+02  0.11148164E+01  0.11148164E+01
  0.90449500E+02  0.11132968E+01  0.11132968E+01
  0.90503300E+02  0.11110448E+01  0.11110448E+01
  0.90557200E+02  0.11095195E+01  0.11095195E+01
  0.90611000E+02  0.11079904E+01  0.11079904E+01
  0.90664800E+02  0.11064587E+01  0.11064587E+01
  0.90718700E+02  0.11049257E+01  0.11049257E+01
  0.90772500E+02  0.11026580E+01  0.11026580E+01
  0.90826300E+02  0.11011181E+01  0.11011181E+01
  0.90880200E+02  0.10995768E+01  0.10995768E+01
  0.90934000E+02  0.10980317E+01  0.10980317E+01
  0.90987900E+02  0.10964851E+01  0.10964851E+01
  0.91041700E+02  0.10949348E+01  0.10949348E+01
  0.91095500E+02  0.10933819E+01  0.10933819E+01
  0.91149400E+02  0.10918276E+01  0.10918276E+01
  0.91203200E+02  0.10902694E+01  0.10902694E+01
  0.91257100E+02  0.10887099E+01  0.10887099E+01
  0.91310900E+02  0.10871466E+01  0.10871466E+01
  0.91364700E+02  0.10855807E+01  0.10855807E+01
  0.91418600E+02  0.10840133E+01  0.10840133E+01
  0.91472400E+02  0.10824422E+01  0.10824422E+01
  0.91526300E+02  0.10808697E+01  0.10808697E+01
  0.91580100E+02  0.10792933E+01  0.10792933E+01
  0.91633900E+02  0.10777144E+01  0.10777144E+01
  0.91687800E+02  0.10761341E+01  0.10761341E+01
  0.91741600E+02  0.10745500E+01  0.10745500E+01
  0.91795500E+02  0.10737034E+01  0.10737034E+01
  0.91849300E+02  0.10721145E+01  0.10721145E+01
  0.91903100E+02  0.10705230E+01  0.10705230E+01
  0.91957000E+02  0.10689301E+01  0.10689301E+01
  0.92010800E+02  0.10673334E+01  0.10673334E+01
  0.92064600E+02  0.10657341E+01  0.10657341E+01
  0.92118500E+02  0.10648749E+01  0.10648749E+01
  0.92172300E+02  0.10632709E+01  0.10632709E+01
  0.92226200E+02  0.10616654E+01  0.10616654E+01
  0.92280000E+02  0.10600561E+01  0.10600561E+01
  0.92333800E+02  0.10591876E+01  0.10591876E+01
  0.92387700E+02  0.10575747E+01  0.10575747E+01
  0.92441500E+02  0.10559581E+01  0.10559581E+01
  0.92495400E+02  0.10550846E+01  0.10550846E+01
  0.92549200E+02  0.10534632E+01  0.10534632E+01
  0.92603000E+02  0.10518393E+01  0.10518393E+01
  0.92656900E+02  0.10509597E+01  0.10509597E+01
  0.92710700E+02  0.10493310E+01  0.10493310E+01
  0.92764600E+02  0.10477008E+01  0.10477008E+01
  0.92818400E+02  0.10468140E+01  0.10468140E+01
  0.92872200E+02  0.10451779E+01  0.10451779E+01
  0.92926100E+02  0.10435403E+01  0.10435403E+01
  0.92979900E+02  0.10426475E+01  0.10426475E+01
  0.93033700E+02  0.10410040E+01  0.10410040E+01
  0.93087600E+02  0.10401084E+01  0.10401084E+01
  0.93141400E+02  0.10384602E+01  0.10384602E+01
  0.93195300E+02  0.10375607E+01  0.10375607E+01
  0.93249100E+02  0.10359077E+01  0.10359077E+01
  0.93302900E+02  0.10350031E+01  0.10350031E+01
  0.93356800E+02  0.10333465E+01  0.10333465E+01
  0.93410600E+02  0.10324381E+01  0.10324381E+01
  0.93464500E+02  0.10307766E+01  0.10307766E+01
  0.93518300E+02  0.10298643E+01  0.10298643E+01
  0.93572100E+02  0.10281970E+01  0.10281970E+01
  0.93626000E+02  0.10272819E+01  0.10272819E+01
  0.93679800E+02  0.10256098E+01  0.10256098E+01
  0.93733700E+02  0.10246908E+01  0.10246908E+01
  0.93787500E+02  0.10230140E+01  0.10230140E+01
  0.93841300E+02  0.10220900E+01  0.10220900E+01
  0.93895200E+02  0.10204094E+01  0.10204094E+01
  0.93949000E+02  0.10194815E+01  0.10194815E+01
  0.94002800E+02  0.10185519E+01  0.10185519E+01
  0.94056700E+02  0.10168644E+01  0.10168644E+01
  0.94110500E+02  0.10159309E+01  0.10159309E+01
  0.94164400E+02  0.10149967E+01  0.10149967E+01
  0.94218200E+02  0.10133012E+01  0.10133012E+01
  0.94272000E+02  0.10123621E+01  0.10123621E+01
  0.94325900E+02  0.10106629E+01  0.10106629E+01
  0.94379700E+02  0.10097198E+01  0.10097198E+01
  0.94433600E+02  0.10087761E+01  0.10087761E+01
  0.94487400E+02  0.10070689E+01  0.10070689E+01
  0.94541200E+02  0.10061202E+01  0.10061202E+01
  0.94595100E+02  0.10051708E+01  0.10051708E+01
  0.94648900E+02  0.10042187E+01  0.10042187E+01
  0.94702800E+02  0.10025035E+01  0.10025035E+01
  0.94756600E+02  0.10015474E+01  0.10015474E+01
  0.94810400E+02  0.10005896E+01  0.10005896E+01
  0.94864300E+02  0.99963111E+00  0.99963111E+00
  0.94918100E+02  0.99790575E+00  0.99790575E+00
  0.94972000E+02  0.99694336E+00  0.99694336E+00
  0.95025800E+02  0.99597819E+00  0.99597819E+00
  0.95079600E+02  0.99501129E+00  0.99501129E+00
  0.95133500E+02  0.99327787E+00  0.99327787E+00
  0.95187300E+02  0.99230707E+00  0.99230707E+00
  0.95241100E+02  0.99133454E+00  0.99133454E+00
  0.95295000E+02  0.99036131E+00  0.99036131E+00
  0.95348800E+02  0.98938531E+00  0.98938531E+00
  0.95402700E+02  0.98764062E+00  0.98764062E+00
  0.95456500E+02  0.98666072E+00  0.98666072E+00
  0.95510300E+02  0.98567909E+00  0.98567909E+00
  0.95564200E+02  0.98469676E+00  0.98469676E+00
  0.95618000E+02  0.98371166E+00  0.98371166E+00
  0.95671900E+02  0.98272586E+00  0.98272586E+00
  0.95725700E+02  0.98173729E+00  0.98173729E+00
  0.95779500E+02  0.97997597E+00  0.97997597E+00
  0.95833400E+02  0.97898453E+00  0.97898453E+00
  0.95887200E+02  0.97799033E+00  0.97799033E+00
  0.95941100E+02  0.97699542E+00  0.97699542E+00
  0.95994900E+02  0.97599776E+00  0.97599776E+00
  0.96048700E+02  0.97499837E+00  0.97499837E+00
  0.96102600E+02  0.97399825E+00  0.97399825E+00
  0.96156400E+02  0.97299539E+00  0.97299539E+00
  0.96210200E+02  0.97199080E+00  0.97199080E+00
  0.96264100E+02  0.97098548E+00  0.97098548E+00
  0.96317900E+02  0.96997742E+00  0.96997742E+00
  0.96371800E+02  0.96896864E+00  0.96896864E+00
  0.96425600E+02  0.96718088E+00  0.96718088E+00
  0.96479400E+02  0.96616719E+00  0.96616719E+00
  0.96533300E+02  0.96515277E+00  0.96515277E+00
  0.96587100E+02  0.96413561E+00  0.96413561E+00
  0.96641000E+02  0.96311771E+00  0.96311771E+00
  0.96694800E+02  0.96209709E+00  0.96209709E+00
  0.96748600E+02  0.96107473E+00  0.96107473E+00
  0.96802500E+02  0.96005164E+00  0.96005164E+00
  0.96856300E+02  0.95902581E+00  0.95902581E+00
  0.96910200E+02  0.95799925E+00  0.95799925E+00
  0.96964000E+02  0.95696996E+00  0.95696996E+00
  0.97017800E+02  0.95671993E+00  0.95671993E+00
  0.97071700E+02  0.95568859E+00  0.95568859E+00
  0.97125500E+02  0.95465454E+00  0.95465454E+00
  0.97179300E+02  0.95361875E+00  0.95361875E+00
  0.97233200E+02  0.95258221E+00  0.95258221E+00
  0.97287000E+02  0.95154296E+00  0.95154296E+00
  0.97340900E+02  0.95050295E+00  0.95050295E+00
  0.97394700E+02  0.94946023E+00  0.94946023E+00
  0.97448500E+02  0.94841578E+00  0.94841578E+00
  0.97502400E+02  0.94737056E+00  0.94737056E+00
  0.97556200E+02  0.94632265E+00  0.94632265E+00
  0.97610100E+02  0.94527396E+00  0.94527396E+00
  0.97663900E+02  0.94422258E+00  0.94422258E+00
  0.97717700E+02  0.94395609E+00  0.94395609E+00
  0.97771600E+02  0.94290264E+00  0.94290264E+00
  0.97825400E+02  0.94184649E+00  0.94184649E+00
  0.97879300E+02  0.94078957E+00  0.94078957E+00
  0.97933100E+02  0.93972995E+00  0.93972995E+00
  0.97986900E+02  0.93866860E+00  0.93866860E+00
  0.98040800E+02  0.93760647E+00  0.93760647E+00
  0.98094600E+02  0.93654166E+00  0.93654166E+00
  0.98148500E+02  0.93626616E+00  0.93626616E+00
  0.98202300E+02  0.93519831E+00  0.93519831E+00
  0.98256100E+02  0.93412873E+00  0.93412873E+00
  0.98310000E+02  0.93305837E+00  0.93305837E+00
  0.98363800E+02  0.93198532E+00  0.93198532E+00
  0.98417600E+02  0.93170280E+00  0.93170280E+00
  0.98471500E+02  0.93062767E+00  0.93062767E+00
  0.98525300E+02  0.92954986E+00  0.92954986E+00
  0.98579200E+02  0.92847125E+00  0.92847125E+00
  0.98633000E+02  0.92738997E+00  0.92738997E+00
  0.98686800E+02  0.92710139E+00  0.92710139E+00
  0.98740700E+02  0.92601802E+00  0.92601802E+00
  0.98794500E+02  0.92493197E+00  0.92493197E+00
  0.98848400E+02  0.92384513E+00  0.92384513E+00
  0.98902200E+02  0.92275562E+00  0.92275562E+00
  0.98956000E+02  0.92246097E+00  0.92246097E+00
  0.99009900E+02  0.92136936E+00  0.92136936E+00
  0.99063700E+02  0.92027508E+00  0.92027508E+00
  0.99117600E+02  0.91918000E+00  0.91918000E+00
  0.99171400E+02  0.91888059E+00  0.91888059E+00
  0.99225200E+02  0.91778155E+00  0.91778155E+00
  0.99279100E+02  0.91668170E+00  0.91668170E+00
  0.99332900E+02  0.91557919E+00  0.91557919E+00
  0.99386700E+02  0.91527501E+00  0.91527501E+00
  0.99440600E+02  0.91417039E+00  0.91417039E+00
  0.99494400E+02  0.91306312E+00  0.91306312E+00
  0.99548300E+02  0.91275639E+00  0.91275639E+00
  0.99602100E+02  0.91164608E+00  0.91164608E+00
  0.99655900E+02  0.91053404E+00  0.91053404E+00
  0.99709800E+02  0.91022385E+00  0.91022385E+00
  0.99763600E+02  0.90910878E+00  0.90910878E+00
  0.99817500E+02  0.90799288E+00  0.90799288E+00
  0.99871300E+02  0.90767831E+00  0.90767831E+00
  0.99925100E+02  0.90655847E+00  0.90655847E+00
  0.99979000E+02  0.90543780E+00  0.90543780E+00
  0.10003280E+03  0.90431450E+00  0.90431450E+00
  0.10008670E+03  0.90399606E+00  0.90399606E+00
  0.10014050E+03  0.90286972E+00  0.90286972E+00
  0.10019430E+03  0.90254822E+00  0.90254822E+00
  0.10024820E+03  0.90141975E+00  0.90141975E+00
  0.10030200E+03  0.90028864E+00  0.90028864E+00
  0.10035580E+03  0.89996367E+00  0.89996367E+00
  0.10040970E+03  0.89883043E+00  0.89883043E+00
  0.10046350E+03  0.89769456E+00  0.89769456E+00
  0.10051740E+03  0.89736702E+00  0.89736702E+00
  0.10057120E+03  0.89622811E+00  0.89622811E+00
  0.10062500E+03  0.89589751E+00  0.89589751E+00
  0.10067890E+03  0.89475647E+00  0.89475647E+00
  0.10073270E+03  0.89361280E+00  0.89361280E+00
  0.10078660E+03  0.89327962E+00  0.89327962E+00
  0.10084040E+03  0.89213291E+00  0.89213291E+00
  0.10089420E+03  0.89179668E+00  0.89179668E+00
  0.10094810E+03  0.89064783E+00  0.89064783E+00
  0.10100190E+03  0.88949636E+00  0.88949636E+00
  0.10105580E+03  0.88915754E+00  0.88915754E+00
  0.10110960E+03  0.88800304E+00  0.88800304E+00
  0.10116340E+03  0.88766118E+00  0.88766118E+00
  0.10121730E+03  0.88650452E+00  0.88650452E+00
  0.10127110E+03  0.88534525E+00  0.88534525E+00
  0.10132490E+03  0.88499992E+00  0.88499992E+00
  0.10137880E+03  0.88383850E+00  0.88383850E+00
  0.10143260E+03  0.88349100E+00  0.88349100E+00
  0.10148650E+03  0.88232654E+00  0.88232654E+00
  0.10154030E+03  0.88197687E+00  0.88197687E+00
  0.10159410E+03  0.88080851E+00  0.88080851E+00
  0.10164800E+03  0.88045755E+00  0.88045755E+00
  0.10170180E+03  0.87928615E+00  0.87928615E+00
  0.10175570E+03  0.87893302E+00  0.87893302E+00
  0.10180950E+03  0.87775859E+00  0.87775859E+00
  0.10186330E+03  0.87740242E+00  0.87740242E+00
  0.10191720E+03  0.87622582E+00  0.87622582E+00
  0.10197100E+03  0.87586749E+00  0.87586749E+00
  0.10202490E+03  0.87468785E+00  0.87468785E+00
  0.10207870E+03  0.87432736E+00  0.87432736E+00
  0.10213250E+03  0.87314383E+00  0.87314383E+00
  0.10218640E+03  0.87278203E+00  0.87278203E+00
  0.10224020E+03  0.87159546E+00  0.87159546E+00
  0.10229410E+03  0.87123149E+00  0.87123149E+00
  0.10234790E+03  0.87004189E+00  0.87004189E+00
  0.10240170E+03  0.86967490E+00  0.86967490E+00
  0.10245560E+03  0.86848312E+00  0.86848312E+00
  0.10250940E+03  0.86811396E+00  0.86811396E+00
  0.10256320E+03  0.86691830E+00  0.86691830E+00
  0.10261710E+03  0.86654782E+00  0.86654782E+00
  0.10267090E+03  0.86534913E+00  0.86534913E+00
  0.10272480E+03  0.86497648E+00  0.86497648E+00
  0.10277860E+03  0.86377475E+00  0.86377475E+00
  0.10283240E+03  0.86339910E+00  0.86339910E+00
  0.10288630E+03  0.86302342E+00  0.86302342E+00
  0.10294010E+03  0.86181736E+00  0.86181736E+00
  0.10299400E+03  0.86143950E+00  0.86143950E+00
  0.10304780E+03  0.86023041E+00  0.86023041E+00
  0.10310160E+03  0.85984956E+00  0.85984956E+00
  0.10315550E+03  0.85863826E+00  0.85863826E+00
  0.10320930E+03  0.85825524E+00  0.85825524E+00
  0.10326320E+03  0.85704091E+00  0.85704091E+00
  0.10331700E+03  0.85665573E+00  0.85665573E+00
  0.10337080E+03  0.85626967E+00  0.85626967E+00
  0.10342470E+03  0.85505101E+00  0.85505101E+00
  0.10347850E+03  0.85466279E+00  0.85466279E+00
  0.10353230E+03  0.85344027E+00  0.85344027E+00
  0.10358620E+03  0.85305070E+00  0.85305070E+00
  0.10364000E+03  0.85265945E+00  0.85265945E+00
  0.10369390E+03  0.85143342E+00  0.85143342E+00
  0.10374770E+03  0.85104000E+00  0.85104000E+00
  0.10380150E+03  0.84981011E+00  0.84981011E+00
  0.10385540E+03  0.84941534E+00  0.84941534E+00
  0.10390920E+03  0.84901889E+00  0.84901889E+00
  0.10396310E+03  0.84778549E+00  0.84778549E+00
  0.10401690E+03  0.84738687E+00  0.84738687E+00
  0.10407070E+03  0.84698738E+00  0.84698738E+00
  0.10412460E+03  0.84574964E+00  0.84574964E+00
  0.10417840E+03  0.84534799E+00  0.84534799E+00
  0.10423230E+03  0.84494629E+00  0.84494629E+00
  0.10428610E+03  0.84370340E+00  0.84370340E+00
  0.10433990E+03  0.84329872E+00  0.84329872E+00
  0.10439380E+03  0.84205360E+00  0.84205360E+00
  0.10444760E+03  0.84164675E+00  0.84164675E+00
  0.10450140E+03  0.84123904E+00  0.84123904E+00
  0.10455530E+03  0.83998959E+00  0.83998959E+00
  0.10460910E+03  0.83957971E+00  0.83957971E+00
  0.10466300E+03  0.83916976E+00  0.83916976E+00
  0.10471680E+03  0.83791518E+00  0.83791518E+00
  0.10477060E+03  0.83750226E+00  0.83750226E+00
  0.10482450E+03  0.83708928E+00  0.83708928E+00
  0.10487830E+03  0.83583036E+00  0.83583036E+00
  0.10493220E+03  0.83541521E+00  0.83541521E+00
  0.10498600E+03  0.83499840E+00  0.83499840E+00
  0.10503980E+03  0.83458072E+00  0.83458072E+00
  0.10509370E+03  0.83331696E+00  0.83331696E+00
  0.10514750E+03  0.83289712E+00  0.83289712E+00
  0.10520140E+03  0.83247720E+00  0.83247720E+00
  0.10525520E+03  0.83120831E+00  0.83120831E+00
  0.10530900E+03  0.83078544E+00  0.83078544E+00
  0.10536290E+03  0.83036248E+00  0.83036248E+00
  0.10541670E+03  0.82908926E+00  0.82908926E+00
  0.10547060E+03  0.82866414E+00  0.82866414E+00
  0.10552440E+03  0.82823736E+00  0.82823736E+00
  0.10557820E+03  0.82780972E+00  0.82780972E+00
  0.10563210E+03  0.82653165E+00  0.82653165E+00
  0.10568590E+03  0.82610184E+00  0.82610184E+00
  0.10573970E+03  0.82567117E+00  0.82567117E+00
  0.10579360E+03  0.82524040E+00  0.82524040E+00
  0.10584740E+03  0.82395592E+00  0.82395592E+00
  0.10590130E+03  0.82352299E+00  0.82352299E+00
  0.10595510E+03  0.82308842E+00  0.82308842E+00
  0.10600890E+03  0.82179960E+00  0.82179960E+00
  0.10606280E+03  0.82136363E+00  0.82136363E+00
  0.10611660E+03  0.82092603E+00  0.82092603E+00
  0.10617050E+03  0.82048833E+00  0.82048833E+00
  0.10622430E+03  0.81919388E+00  0.81919388E+00
  0.10627810E+03  0.81875324E+00  0.81875324E+00
  0.10633200E+03  0.81831250E+00  0.81831250E+00
  0.10638580E+03  0.81787013E+00  0.81787013E+00
  0.10643970E+03  0.81742766E+00  0.81742766E+00
  0.10649350E+03  0.81612627E+00  0.81612627E+00
  0.10654730E+03  0.81568087E+00  0.81568087E+00
  0.10660120E+03  0.81523536E+00  0.81523536E+00
  0.10665500E+03  0.81478822E+00  0.81478822E+00
  0.10670880E+03  0.81348121E+00  0.81348121E+00
  0.10676270E+03  0.81303267E+00  0.81303267E+00
  0.10681650E+03  0.81258250E+00  0.81258250E+00
  0.10687040E+03  0.81213222E+00  0.81213222E+00
  0.10692420E+03  0.81168031E+00  0.81168031E+00
  0.10697800E+03  0.81036637E+00  0.81036637E+00
  0.10703190E+03  0.80991305E+00  0.80991305E+00
  0.10708570E+03  0.80945812E+00  0.80945812E+00
  0.10713960E+03  0.80900307E+00  0.80900307E+00
  0.10719340E+03  0.80854640E+00  0.80854640E+00
  0.10724720E+03  0.80722552E+00  0.80722552E+00
  0.10730110E+03  0.80676744E+00  0.80676744E+00
  0.10735490E+03  0.80630774E+00  0.80630774E+00
  0.10740880E+03  0.80584792E+00  0.80584792E+00
  0.10746260E+03  0.80538648E+00  0.80538648E+00
  0.10751640E+03  0.80405867E+00  0.80405867E+00
  0.10757030E+03  0.80359582E+00  0.80359582E+00
  0.10762410E+03  0.80313135E+00  0.80313135E+00
  0.10767790E+03  0.80266601E+00  0.80266601E+00
