   #Energy      xx              yy   
  0.00000000E+00  0.00000000E+00  0.00000000E+00
  0.67300000E-01  0.51304731E-01  0.51304731E-01
  0.13460000E+00  0.10330772E+00  0.10330772E+00
  0.20190000E+00  0.15494100E+00  0.15494100E+00
  0.26910000E+00  0.20198796E+00  0.20198796E+00
  0.33640000E+00  0.23735380E+00  0.23735380E+00
  0.40370000E+00  0.25256500E+00  0.25256500E+00
  0.47100000E+00  0.24185378E+00  0.24185378E+00
  0.53830000E+00  0.20642769E+00  0.20642769E+00
  0.60560000E+00  0.15721336E+00  0.15721336E+00
  0.67280000E+00  0.11323573E+00  0.11323573E+00
  0.74010000E+00  0.94643822E-01  0.94643822E-01
  0.80740000E+00  0.11273378E+00  0.11273378E+00
  0.87470000E+00  0.16372256E+00  0.16372256E+00
  0.94200000E+00  0.23117324E+00  0.23117324E+00
  0.10093000E+01  0.29533836E+00  0.29533836E+00
  0.10766000E+01  0.34198122E+00  0.34198122E+00
  0.11438000E+01  0.36502444E+00  0.36502444E+00
  0.12111000E+01  0.36405960E+00  0.36405960E+00
  0.12784000E+01  0.34135634E+00  0.34135634E+00
  0.13457000E+01  0.30074975E+00  0.30074975E+00
  0.14130000E+01  0.24719404E+00  0.24719404E+00
  0.14803000E+01  0.18629912E+00  0.18629912E+00
  0.15476000E+01  0.12345945E+00  0.12345945E+00
  0.16148000E+01  0.63413323E-01  0.63413323E-01
  0.16821000E+01  0.99074772E-02  0.99074772E-02
  0.17494000E+01 -0.34617042E-01 -0.34617042E-01
  0.18167000E+01 -0.69325363E-01 -0.69325363E-01
  0.18840000E+01 -0.95004457E-01 -0.95004457E-01
  0.19513000E+01 -0.11351598E+00 -0.11351598E+00
  0.20185000E+01 -0.12641054E+00 -0.12641054E+00
  0.20858000E+01 -0.13376745E+00 -0.13376745E+00
  0.21531000E+01 -0.13447418E+00 -0.13447418E+00
  0.22204000E+01 -0.12866774E+00 -0.12866774E+00
  0.22877000E+01 -0.12069978E+00 -0.12069978E+00
  0.23550000E+01 -0.11899564E+00 -0.11899564E+00
  0.24223000E+01 -0.13186199E+00 -0.13186199E+00
  0.24895000E+01 -0.16247753E+00 -0.16247753E+00
  0.25568000E+01 -0.20764613E+00 -0.20764613E+00
  0.26241000E+01 -0.26072755E+00 -0.26072755E+00
  0.26914000E+01 -0.31387354E+00 -0.31387354E+00
  0.27587000E+01 -0.35665660E+00 -0.35665660E+00
  0.28260000E+01 -0.37316778E+00 -0.37316778E+00
  0.28933000E+01 -0.34351488E+00 -0.34351488E+00
  0.29605000E+01 -0.25122957E+00 -0.25122957E+00
  0.30278000E+01 -0.92666008E-01 -0.92666008E-01
  0.30951000E+01  0.11765342E+00  0.11765342E+00
  0.31624000E+01  0.34949505E+00  0.34949505E+00
  0.32297000E+01  0.56779271E+00  0.56779271E+00
  0.32970000E+01  0.74618084E+00  0.74618084E+00
  0.33642000E+01  0.87471592E+00  0.87471592E+00
  0.34315000E+01  0.95891184E+00  0.95891184E+00
  0.34988000E+01  0.10121175E+01  0.10121175E+01
  0.35661000E+01  0.10475408E+01  0.10475408E+01
  0.36334000E+01  0.10726603E+01  0.10726603E+01
  0.37007000E+01  0.10877502E+01  0.10877502E+01
  0.37680000E+01  0.10878565E+01  0.10878565E+01
  0.38352000E+01  0.10675096E+01  0.10675096E+01
  0.39025000E+01  0.10250654E+01  0.10250654E+01
  0.39698000E+01  0.96396401E+00  0.96396401E+00
  0.40371000E+01  0.89122892E+00  0.89122892E+00
  0.41044000E+01  0.81431520E+00  0.81431520E+00
  0.41717000E+01  0.73845562E+00  0.73845562E+00
  0.42390000E+01  0.66648764E+00  0.66648764E+00
  0.43062000E+01  0.59974409E+00  0.59974409E+00
  0.43735000E+01  0.53931845E+00  0.53931845E+00
  0.44408000E+01  0.48695560E+00  0.48695560E+00
  0.45081000E+01  0.44444738E+00  0.44444738E+00
  0.45754000E+01  0.41226568E+00  0.41226568E+00
  0.46427000E+01  0.38777667E+00  0.38777667E+00
  0.47099000E+01  0.36500825E+00  0.36500825E+00
  0.47772000E+01  0.33694593E+00  0.33694593E+00
  0.48445000E+01  0.29878223E+00  0.29878223E+00
  0.49118000E+01  0.25007962E+00  0.25007962E+00
  0.49791000E+01  0.19474008E+00  0.19474008E+00
  0.50464000E+01  0.13901228E+00  0.13901228E+00
  0.51137000E+01  0.88736427E-01  0.88736427E-01
  0.51809000E+01  0.47239905E-01  0.47239905E-01
  0.52482000E+01  0.15158579E-01  0.15158579E-01
  0.53155000E+01 -0.84892859E-02 -0.84892859E-02
  0.53828000E+01 -0.24083149E-01 -0.24083149E-01
  0.54501000E+01 -0.31236539E-01 -0.31236539E-01
  0.55174000E+01 -0.30247380E-01 -0.30247380E-01
  0.55847000E+01 -0.23847844E-01 -0.23847844E-01
  0.56519000E+01 -0.15748439E-01 -0.15748439E-01
  0.57192000E+01 -0.82271029E-02 -0.82271029E-02
  0.57865000E+01 -0.19662790E-03 -0.19662790E-03
  0.58538000E+01  0.12133802E-01  0.12133802E-01
  0.59211000E+01  0.32192267E-01  0.32192267E-01
  0.59884000E+01  0.58469044E-01  0.58469044E-01
  0.60556000E+01  0.83543448E-01  0.83543448E-01
  0.61229000E+01  0.96886105E-01  0.96886105E-01
  0.61902000E+01  0.91921118E-01  0.91921118E-01
  0.62575000E+01  0.69601768E-01  0.69601768E-01
  0.63248000E+01  0.37682566E-01  0.37682566E-01
  0.63921000E+01  0.49233465E-02  0.49233465E-02
  0.64594000E+01 -0.22973637E-01 -0.22973637E-01
  0.65266000E+01 -0.45538176E-01 -0.45538176E-01
  0.65939000E+01 -0.64978478E-01 -0.64978478E-01
  0.66612000E+01 -0.82617970E-01 -0.82617970E-01
  0.67285000E+01 -0.96942294E-01 -0.96942294E-01
  0.67958000E+01 -0.10422387E+00 -0.10422387E+00
  0.68631000E+01 -0.10175784E+00 -0.10175784E+00
  0.69304000E+01 -0.90195788E-01 -0.90195788E-01
  0.69976000E+01 -0.74504910E-01 -0.74504910E-01
  0.70649000E+01 -0.63378087E-01 -0.63378087E-01
  0.71322000E+01 -0.66405379E-01 -0.66405379E-01
  0.71995000E+01 -0.89457527E-01 -0.89457527E-01
  0.72668000E+01 -0.13070784E+00 -0.13070784E+00
  0.73341000E+01 -0.17877098E+00 -0.17877098E+00
  0.74013000E+01 -0.21654110E+00 -0.21654110E+00
  0.74686000E+01 -0.23018428E+00 -0.23018428E+00
  0.75359000E+01 -0.21791838E+00 -0.21791838E+00
  0.76032000E+01 -0.19247834E+00 -0.19247834E+00
  0.76705000E+01 -0.17376472E+00 -0.17376472E+00
  0.77378000E+01 -0.17599046E+00 -0.17599046E+00
  0.78051000E+01 -0.19785475E+00 -0.19785475E+00
  0.78723000E+01 -0.22390112E+00 -0.22390112E+00
  0.79396000E+01 -0.23534787E+00 -0.23534787E+00
  0.80069000E+01 -0.22319473E+00 -0.22319473E+00
  0.80742000E+01 -0.19379313E+00 -0.19379313E+00
  0.81415000E+01 -0.16156469E+00 -0.16156469E+00
  0.82088000E+01 -0.13444848E+00 -0.13444848E+00
  0.82761000E+01 -0.10452220E+00 -0.10452220E+00
  0.83433000E+01 -0.53583224E-01 -0.53583224E-01
  0.84106000E+01  0.31151765E-01  0.31151765E-01
  0.84779000E+01  0.14384939E+00  0.14384939E+00
  0.85452000E+01  0.25997774E+00  0.25997774E+00
  0.86125000E+01  0.34991982E+00  0.34991982E+00
  0.86798000E+01  0.39384795E+00  0.39384795E+00
  0.87470000E+01  0.38996187E+00  0.38996187E+00
  0.88143000E+01  0.35063096E+00  0.35063096E+00
  0.88816000E+01  0.29465818E+00  0.29465818E+00
  0.89489000E+01  0.23951974E+00  0.23951974E+00
  0.90162000E+01  0.19628398E+00  0.19628398E+00
  0.90835000E+01  0.16904359E+00  0.16904359E+00
  0.91508000E+01  0.15609607E+00  0.15609607E+00
  0.92180000E+01  0.15358801E+00  0.15358801E+00
  0.92853000E+01  0.15607659E+00  0.15607659E+00
  0.93526000E+01  0.15773751E+00  0.15773751E+00
  0.94199000E+01  0.15311090E+00  0.15311090E+00
  0.94872000E+01  0.13873059E+00  0.13873059E+00
  0.95545000E+01  0.11439074E+00  0.11439074E+00
  0.96218000E+01  0.81629299E-01  0.81629299E-01
  0.96890000E+01  0.41813051E-01  0.41813051E-01
  0.97563000E+01 -0.41992977E-02 -0.41992977E-02
  0.98236000E+01 -0.53854743E-01 -0.53854743E-01
  0.98909000E+01 -0.99820891E-01 -0.99820891E-01
  0.99582000E+01 -0.12960113E+00 -0.12960113E+00
  0.10025500E+02 -0.13059057E+00 -0.13059057E+00
  0.10092700E+02 -0.97856360E-01 -0.97856360E-01
  0.10160000E+02 -0.39817843E-01 -0.39817843E-01
  0.10227300E+02  0.23863610E-01  0.23863610E-01
  0.10294600E+02  0.70895877E-01  0.70895877E-01
  0.10361900E+02  0.85912905E-01  0.85912905E-01
  0.10429200E+02  0.64616919E-01  0.64616919E-01
  0.10496500E+02  0.10938059E-01  0.10938059E-01
  0.10563700E+02 -0.67364700E-01 -0.67364700E-01
  0.10631000E+02 -0.16171789E+00 -0.16171789E+00
  0.10698300E+02 -0.26234972E+00 -0.26234972E+00
  0.10765600E+02 -0.35594284E+00 -0.35594284E+00
  0.10832900E+02 -0.42356830E+00 -0.42356830E+00
  0.10900200E+02 -0.44546021E+00 -0.44546021E+00
  0.10967400E+02 -0.41031764E+00 -0.41031764E+00
  0.11034700E+02 -0.32384401E+00 -0.32384401E+00
  0.11102000E+02 -0.20937431E+00 -0.20937431E+00
  0.11169300E+02 -0.95896573E-01 -0.95896573E-01
  0.11236600E+02 -0.49637220E-02 -0.49637220E-02
  0.11303900E+02  0.57104600E-01  0.57104600E-01
  0.11371200E+02  0.97372433E-01  0.97372433E-01
  0.11438400E+02  0.12774683E+00  0.12774683E+00
  0.11505700E+02  0.15651789E+00  0.15651789E+00
  0.11573000E+02  0.18378154E+00  0.18378154E+00
  0.11640300E+02  0.20159492E+00  0.20159492E+00
  0.11707600E+02  0.20010827E+00  0.20010827E+00
  0.11774900E+02  0.17258356E+00  0.17258356E+00
  0.11842200E+02  0.11884312E+00  0.11884312E+00
  0.11909400E+02  0.44650446E-01  0.44650446E-01
  0.11976700E+02 -0.41375660E-01 -0.41375660E-01
  0.12044000E+02 -0.12959919E+00 -0.12959919E+00
  0.12111300E+02 -0.20755711E+00 -0.20755711E+00
  0.12178600E+02 -0.25919825E+00 -0.25919825E+00
  0.12245900E+02 -0.26825950E+00 -0.26825950E+00
  0.12313100E+02 -0.22858845E+00 -0.22858845E+00
  0.12380400E+02 -0.15200990E+00 -0.15200990E+00
  0.12447700E+02 -0.65843653E-01 -0.65843653E-01
  0.12515000E+02  0.70877564E-03  0.70877564E-03
  0.12582300E+02  0.31353833E-01  0.31353833E-01
  0.12649600E+02  0.28655944E-01  0.28655944E-01
  0.12716900E+02  0.97948569E-02  0.97948569E-02
  0.12784100E+02 -0.24616540E-02 -0.24616540E-02
  0.12851400E+02  0.10189583E-01  0.10189583E-01
  0.12918700E+02  0.54580256E-01  0.54580256E-01
  0.12986000E+02  0.12384983E+00  0.12384983E+00
  0.13053300E+02  0.20211417E+00  0.20211417E+00
  0.13120600E+02  0.27270788E+00  0.27270788E+00
  0.13187900E+02  0.32399859E+00  0.32399859E+00
  0.13255100E+02  0.35162345E+00  0.35162345E+00
  0.13322400E+02  0.35929386E+00  0.35929386E+00
  0.13389700E+02  0.35701399E+00  0.35701399E+00
  0.13457000E+02  0.35865600E+00  0.35865600E+00
  0.13524300E+02  0.37454291E+00  0.37454291E+00
  0.13591600E+02  0.40750454E+00  0.40750454E+00
  0.13658800E+02  0.45051768E+00  0.45051768E+00
  0.13726100E+02  0.49067291E+00  0.49067291E+00
  0.13793400E+02  0.51557660E+00  0.51557660E+00
  0.13860700E+02  0.51777818E+00  0.51777818E+00
  0.13928000E+02  0.49757480E+00  0.49757480E+00
  0.13995300E+02  0.46050704E+00  0.46050704E+00
  0.14062600E+02  0.41398045E+00  0.41398045E+00
  0.14129800E+02  0.36490414E+00  0.36490414E+00
  0.14197100E+02  0.31759574E+00  0.31759574E+00
  0.14264400E+02  0.27418474E+00  0.27418474E+00
  0.14331700E+02  0.23586921E+00  0.23586921E+00
  0.14399000E+02  0.20370547E+00  0.20370547E+00
  0.14466300E+02  0.17778501E+00  0.17778501E+00
  0.14533600E+02  0.15474228E+00  0.15474228E+00
  0.14600800E+02  0.12717769E+00  0.12717769E+00
  0.14668100E+02  0.87391166E-01  0.87391166E-01
  0.14735400E+02  0.32546513E-01  0.32546513E-01
  0.14802700E+02 -0.30515483E-01 -0.30515483E-01
  0.14870000E+02 -0.83204314E-01 -0.83204314E-01
  0.14937300E+02 -0.98808175E-01 -0.98808175E-01
  0.15004500E+02 -0.51495832E-01 -0.51495832E-01
  0.15071800E+02  0.71188379E-01  0.71188379E-01
  0.15139100E+02  0.25721675E+00  0.25721675E+00
  0.15206400E+02  0.47073227E+00  0.47073227E+00
  0.15273700E+02  0.66571332E+00  0.66571332E+00
  0.15341000E+02  0.80539946E+00  0.80539946E+00
  0.15408300E+02  0.87420580E+00  0.87420580E+00
  0.15475500E+02  0.87959605E+00  0.87959605E+00
  0.15542800E+02  0.84169729E+00  0.84169729E+00
  0.15610100E+02  0.78275010E+00  0.78275010E+00
  0.15677400E+02  0.71882384E+00  0.71882384E+00
  0.15744700E+02  0.65895652E+00  0.65895652E+00
  0.15812000E+02  0.60714781E+00  0.60714781E+00
  0.15879300E+02  0.56422691E+00  0.56422691E+00
  0.15946500E+02  0.52886445E+00  0.52886445E+00
  0.16013800E+02  0.49899123E+00  0.49899123E+00
  0.16081100E+02  0.47321971E+00  0.47321971E+00
  0.16148400E+02  0.45142185E+00  0.45142185E+00
  0.16215700E+02  0.43493597E+00  0.43493597E+00
  0.16283000E+02  0.42419953E+00  0.42419953E+00
  0.16350200E+02  0.41780159E+00  0.41780159E+00
  0.16417500E+02  0.41245492E+00  0.41245492E+00
  0.16484800E+02  0.40555656E+00  0.40555656E+00
  0.16552100E+02  0.39746317E+00  0.39746317E+00
  0.16619400E+02  0.39004348E+00  0.39004348E+00
  0.16686700E+02  0.38576373E+00  0.38576373E+00
  0.16754000E+02  0.38618095E+00  0.38618095E+00
  0.16821200E+02  0.39096894E+00  0.39096894E+00
  0.16888500E+02  0.39865454E+00  0.39865454E+00
  0.16955800E+02  0.40581277E+00  0.40581277E+00
  0.17023100E+02  0.40819477E+00  0.40819477E+00
  0.17090400E+02  0.40361399E+00  0.40361399E+00
  0.17157700E+02  0.39412587E+00  0.39412587E+00
  0.17225000E+02  0.38630679E+00  0.38630679E+00
  0.17292200E+02  0.38722630E+00  0.38722630E+00
  0.17359500E+02  0.40092429E+00  0.40092429E+00
  0.17426800E+02  0.42379675E+00  0.42379675E+00
  0.17494100E+02  0.44762647E+00  0.44762647E+00
  0.17561400E+02  0.46546059E+00  0.46546059E+00
  0.17628700E+02  0.47583048E+00  0.47583048E+00
  0.17695900E+02  0.48205397E+00  0.48205397E+00
  0.17763200E+02  0.48891730E+00  0.48891730E+00
  0.17830500E+02  0.49743445E+00  0.49743445E+00
  0.17897800E+02  0.50600191E+00  0.50600191E+00
  0.17965100E+02  0.51217784E+00  0.51217784E+00
  0.18032400E+02  0.51450503E+00  0.51450503E+00
  0.18099700E+02  0.51273504E+00  0.51273504E+00
  0.18166900E+02  0.50681932E+00  0.50681932E+00
  0.18234200E+02  0.49692433E+00  0.49692433E+00
  0.18301500E+02  0.48341838E+00  0.48341838E+00
  0.18368800E+02  0.46875931E+00  0.46875931E+00
  0.18436100E+02  0.45502390E+00  0.45502390E+00
  0.18503400E+02  0.44348111E+00  0.44348111E+00
  0.18570700E+02  0.43268366E+00  0.43268366E+00
  0.18637900E+02  0.41883848E+00  0.41883848E+00
  0.18705200E+02  0.39852822E+00  0.39852822E+00
  0.18772500E+02  0.37019352E+00  0.37019352E+00
  0.18839800E+02  0.33438995E+00  0.33438995E+00
  0.18907100E+02  0.29339548E+00  0.29339548E+00
  0.18974400E+02  0.25210066E+00  0.25210066E+00
  0.19041600E+02  0.21568074E+00  0.21568074E+00
  0.19108900E+02  0.18938766E+00  0.18938766E+00
  0.19176200E+02  0.17658793E+00  0.17658793E+00
  0.19243500E+02  0.17851548E+00  0.17851548E+00
  0.19310800E+02  0.19160741E+00  0.19160741E+00
  0.19378100E+02  0.20895659E+00  0.20895659E+00
  0.19445400E+02  0.22245705E+00  0.22245705E+00
  0.19512600E+02  0.22742513E+00  0.22742513E+00
  0.19579900E+02  0.22443930E+00  0.22443930E+00
  0.19647200E+02  0.21742183E+00  0.21742183E+00
  0.19714500E+02  0.21102091E+00  0.21102091E+00
  0.19781800E+02  0.20658779E+00  0.20658779E+00
  0.19849100E+02  0.20099547E+00  0.20099547E+00
  0.19916400E+02  0.19017190E+00  0.19017190E+00
  0.19983600E+02  0.17247916E+00  0.17247916E+00
  0.20050900E+02  0.14966740E+00  0.14966740E+00
  0.20118200E+02  0.12761011E+00  0.12761011E+00
  0.20185500E+02  0.11386147E+00  0.11386147E+00
  0.20252800E+02  0.11424109E+00  0.11424109E+00
  0.20320100E+02  0.12935109E+00  0.12935109E+00
  0.20387300E+02  0.15471857E+00  0.15471857E+00
  0.20454600E+02  0.18233651E+00  0.18233651E+00
  0.20521900E+02  0.20385675E+00  0.20385675E+00
  0.20589200E+02  0.21781826E+00  0.21781826E+00
  0.20656500E+02  0.22905900E+00  0.22905900E+00
  0.20723800E+02  0.24717565E+00  0.24717565E+00
  0.20791100E+02  0.28165442E+00  0.28165442E+00
  0.20858300E+02  0.33477783E+00  0.33477783E+00
  0.20925600E+02  0.40056459E+00  0.40056459E+00
  0.20992900E+02  0.46771869E+00  0.46771869E+00
  0.21060200E+02  0.52527621E+00  0.52527621E+00
  0.21127500E+02  0.56548327E+00  0.56548327E+00
  0.21194800E+02  0.58480965E+00  0.58480965E+00
  0.21262000E+02  0.58353304E+00  0.58353304E+00
  0.21329300E+02  0.56556945E+00  0.56556945E+00
  0.21396600E+02  0.53899840E+00  0.53899840E+00
  0.21463900E+02  0.51273521E+00  0.51273521E+00
  0.21531200E+02  0.49532025E+00  0.49532025E+00
  0.21598500E+02  0.49050777E+00  0.49050777E+00
  0.21665800E+02  0.49768048E+00  0.49768048E+00
  0.21733000E+02  0.51227090E+00  0.51227090E+00
  0.21800300E+02  0.53015449E+00  0.53015449E+00
  0.21867600E+02  0.54912946E+00  0.54912946E+00
  0.21934900E+02  0.56895651E+00  0.56895651E+00
  0.22002200E+02  0.58964249E+00  0.58964249E+00
  0.22069500E+02  0.60969442E+00  0.60969442E+00
  0.22136800E+02  0.62634729E+00  0.62634729E+00
  0.22204000E+02  0.63805720E+00  0.63805720E+00
  0.22271300E+02  0.64478414E+00  0.64478414E+00
  0.22338600E+02  0.64926281E+00  0.64926281E+00
  0.22405900E+02  0.65426431E+00  0.65426431E+00
  0.22473200E+02  0.66182961E+00  0.66182961E+00
  0.22540500E+02  0.66993906E+00  0.66993906E+00
  0.22607700E+02  0.67449709E+00  0.67449709E+00
  0.22675000E+02  0.67085459E+00  0.67085459E+00
  0.22742300E+02  0.65764743E+00  0.65764743E+00
  0.22809600E+02  0.63711623E+00  0.63711623E+00
  0.22876900E+02  0.61256555E+00  0.61256555E+00
  0.22944200E+02  0.58785937E+00  0.58785937E+00
  0.23011500E+02  0.56508286E+00  0.56508286E+00
  0.23078700E+02  0.54503617E+00  0.54503617E+00
  0.23146000E+02  0.52827362E+00  0.52827362E+00
  0.23213300E+02  0.51482247E+00  0.51482247E+00
  0.23280600E+02  0.50444877E+00  0.50444877E+00
  0.23347900E+02  0.49479983E+00  0.49479983E+00
  0.23415200E+02  0.48323031E+00  0.48323031E+00
  0.23482500E+02  0.46653244E+00  0.46653244E+00
  0.23549700E+02  0.44332715E+00  0.44332715E+00
  0.23617000E+02  0.41436596E+00  0.41436596E+00
  0.23684300E+02  0.38308636E+00  0.38308636E+00
  0.23751600E+02  0.35296743E+00  0.35296743E+00
  0.23818900E+02  0.32725812E+00  0.32725812E+00
  0.23886200E+02  0.30762063E+00  0.30762063E+00
  0.23953400E+02  0.29302107E+00  0.29302107E+00
  0.24020700E+02  0.28187291E+00  0.28187291E+00
  0.24088000E+02  0.27229471E+00  0.27229471E+00
  0.24155300E+02  0.26347939E+00  0.26347939E+00
  0.24222600E+02  0.25790309E+00  0.25790309E+00
  0.24289900E+02  0.25779426E+00  0.25779426E+00
  0.24357200E+02  0.26430221E+00  0.26430221E+00
  0.24424400E+02  0.27360758E+00  0.27360758E+00
  0.24491700E+02  0.28074199E+00  0.28074199E+00
  0.24559000E+02  0.28151343E+00  0.28151343E+00
  0.24626300E+02  0.27698506E+00  0.27698506E+00
  0.24693600E+02  0.27102922E+00  0.27102922E+00
  0.24760900E+02  0.26756095E+00  0.26756095E+00
  0.24828200E+02  0.26744450E+00  0.26744450E+00
  0.24895400E+02  0.26760440E+00  0.26760440E+00
  0.24962700E+02  0.26465209E+00  0.26465209E+00
  0.25030000E+02  0.25629327E+00  0.25629327E+00
  0.25097300E+02  0.24390585E+00  0.24390585E+00
  0.25164600E+02  0.23116326E+00  0.23116326E+00
  0.25231900E+02  0.22177858E+00  0.22177858E+00
  0.25299100E+02  0.21921710E+00  0.21921710E+00
  0.25366400E+02  0.22439739E+00  0.22439739E+00
  0.25433700E+02  0.23651606E+00  0.23651606E+00
  0.25501000E+02  0.25129531E+00  0.25129531E+00
  0.25568300E+02  0.26267399E+00  0.26267399E+00
  0.25635600E+02  0.26655946E+00  0.26655946E+00
  0.25702900E+02  0.26201887E+00  0.26201887E+00
  0.25770100E+02  0.25132008E+00  0.25132008E+00
  0.25837400E+02  0.23822160E+00  0.23822160E+00
  0.25904700E+02  0.22475805E+00  0.22475805E+00
  0.25972000E+02  0.21269223E+00  0.21269223E+00
  0.26039300E+02  0.20233050E+00  0.20233050E+00
  0.26106600E+02  0.19516511E+00  0.19516511E+00
  0.26173900E+02  0.19240709E+00  0.19240709E+00
  0.26241100E+02  0.19290108E+00  0.19290108E+00
  0.26308400E+02  0.19548174E+00  0.19548174E+00
  0.26375700E+02  0.19807308E+00  0.19807308E+00
  0.26443000E+02  0.20067508E+00  0.20067508E+00
  0.26510300E+02  0.20388832E+00  0.20388832E+00
  0.26577600E+02  0.20862047E+00  0.20862047E+00
  0.26644800E+02  0.21518397E+00  0.21518397E+00
  0.26712100E+02  0.22510694E+00  0.22510694E+00
  0.26779400E+02  0.24084036E+00  0.24084036E+00
  0.26846700E+02  0.26607673E+00  0.26607673E+00
  0.26914000E+02  0.30271603E+00  0.30271603E+00
  0.26981300E+02  0.34595310E+00  0.34595310E+00
  0.27048600E+02  0.38633834E+00  0.38633834E+00
  0.27115800E+02  0.41371183E+00  0.41371183E+00
  0.27183100E+02  0.42274399E+00  0.42274399E+00
  0.27250400E+02  0.41453082E+00  0.41453082E+00
  0.27317700E+02  0.39513268E+00  0.39513268E+00
  0.27385000E+02  0.37036079E+00  0.37036079E+00
  0.27452300E+02  0.34639519E+00  0.34639519E+00
  0.27519600E+02  0.32698327E+00  0.32698327E+00
  0.27586800E+02  0.31528290E+00  0.31528290E+00
  0.27654100E+02  0.31198003E+00  0.31198003E+00
  0.27721400E+02  0.31776320E+00  0.31776320E+00
  0.27788700E+02  0.33143970E+00  0.33143970E+00
  0.27856000E+02  0.35022703E+00  0.35022703E+00
  0.27923300E+02  0.37005010E+00  0.37005010E+00
  0.27990500E+02  0.38457353E+00  0.38457353E+00
  0.28057800E+02  0.38867624E+00  0.38867624E+00
  0.28125100E+02  0.37909579E+00  0.37909579E+00
  0.28192400E+02  0.35669182E+00  0.35669182E+00
  0.28259700E+02  0.32777470E+00  0.32777470E+00
  0.28327000E+02  0.30288691E+00  0.30288691E+00
  0.28394300E+02  0.29492285E+00  0.29492285E+00
  0.28461500E+02  0.30980548E+00  0.30980548E+00
  0.28528800E+02  0.34672979E+00  0.34672979E+00
  0.28596100E+02  0.39840047E+00  0.39840047E+00
  0.28663400E+02  0.45907648E+00  0.45907648E+00
  0.28730700E+02  0.52621613E+00  0.52621613E+00
  0.28798000E+02  0.60051525E+00  0.60051525E+00
  0.28865300E+02  0.67875236E+00  0.67875236E+00
  0.28932500E+02  0.75177400E+00  0.75177400E+00
  0.28999800E+02  0.80706420E+00  0.80706420E+00
  0.29067100E+02  0.83461771E+00  0.83461771E+00
  0.29134400E+02  0.83292012E+00  0.83292012E+00
  0.29201700E+02  0.80904469E+00  0.80904469E+00
  0.29269000E+02  0.77411003E+00  0.77411003E+00
  0.29336200E+02  0.73800676E+00  0.73800676E+00
  0.29403500E+02  0.70706111E+00  0.70706111E+00
  0.29470800E+02  0.68264225E+00  0.68264225E+00
  0.29538100E+02  0.66379221E+00  0.66379221E+00
  0.29605400E+02  0.64786718E+00  0.64786718E+00
  0.29672700E+02  0.63253507E+00  0.63253507E+00
  0.29740000E+02  0.61577929E+00  0.61577929E+00
  0.29807200E+02  0.59657583E+00  0.59657583E+00
  0.29874500E+02  0.57457438E+00  0.57457438E+00
  0.29941800E+02  0.55077200E+00  0.55077200E+00
  0.30009100E+02  0.52515727E+00  0.52515727E+00
  0.30076400E+02  0.49908142E+00  0.49908142E+00
  0.30143700E+02  0.47390790E+00  0.47390790E+00
  0.30211000E+02  0.45067016E+00  0.45067016E+00
  0.30278200E+02  0.43109527E+00  0.43109527E+00
  0.30345500E+02  0.41727360E+00  0.41727360E+00
  0.30412800E+02  0.41130942E+00  0.41130942E+00
  0.30480100E+02  0.41429106E+00  0.41429106E+00
  0.30547400E+02  0.42523995E+00  0.42523995E+00
  0.30614700E+02  0.44316840E+00  0.44316840E+00
  0.30681900E+02  0.46638298E+00  0.46638298E+00
  0.30749200E+02  0.49596581E+00  0.49596581E+00
  0.30816500E+02  0.53439997E+00  0.53439997E+00
  0.30883800E+02  0.58314191E+00  0.58314191E+00
  0.30951100E+02  0.63875217E+00  0.63875217E+00
  0.31018400E+02  0.69143668E+00  0.69143668E+00
  0.31085700E+02  0.72990759E+00  0.72990759E+00
  0.31152900E+02  0.74595287E+00  0.74595287E+00
  0.31220200E+02  0.73943098E+00  0.73943098E+00
  0.31287500E+02  0.71515462E+00  0.71515462E+00
  0.31354800E+02  0.68188822E+00  0.68188822E+00
  0.31422100E+02  0.64633694E+00  0.64633694E+00
  0.31489400E+02  0.61312382E+00  0.61312382E+00
  0.31556700E+02  0.58333719E+00  0.58333719E+00
  0.31623900E+02  0.55663995E+00  0.55663995E+00
  0.31691200E+02  0.53233836E+00  0.53233836E+00
  0.31758500E+02  0.50972714E+00  0.50972714E+00
  0.31825800E+02  0.48845724E+00  0.48845724E+00
  0.31893100E+02  0.46853780E+00  0.46853780E+00
  0.31960400E+02  0.44925396E+00  0.44925396E+00
  0.32027600E+02  0.43097171E+00  0.43097171E+00
  0.32094900E+02  0.41442773E+00  0.41442773E+00
  0.32162200E+02  0.40145352E+00  0.40145352E+00
  0.32229500E+02  0.39389724E+00  0.39389724E+00
  0.32296800E+02  0.39362230E+00  0.39362230E+00
  0.32364100E+02  0.40177417E+00  0.40177417E+00
  0.32431400E+02  0.41840546E+00  0.41840546E+00
  0.32498600E+02  0.44172688E+00  0.44172688E+00
  0.32565900E+02  0.46846239E+00  0.46846239E+00
  0.32633200E+02  0.49382611E+00  0.49382611E+00
  0.32700500E+02  0.51595691E+00  0.51595691E+00
  0.32767800E+02  0.53409192E+00  0.53409192E+00
  0.32835100E+02  0.54857788E+00  0.54857788E+00
  0.32902300E+02  0.55827219E+00  0.55827219E+00
  0.32969600E+02  0.56053443E+00  0.56053443E+00
  0.33036900E+02  0.55419458E+00  0.55419458E+00
  0.33104200E+02  0.54069989E+00  0.54069989E+00
  0.33171500E+02  0.52338847E+00  0.52338847E+00
  0.33238800E+02  0.50562586E+00  0.50562586E+00
  0.33306100E+02  0.49042778E+00  0.49042778E+00
  0.33373300E+02  0.48045490E+00  0.48045490E+00
  0.33440600E+02  0.47612092E+00  0.47612092E+00
  0.33507900E+02  0.47594051E+00  0.47594051E+00
  0.33575200E+02  0.47727673E+00  0.47727673E+00
  0.33642500E+02  0.47556597E+00  0.47556597E+00
  0.33709800E+02  0.46888082E+00  0.46888082E+00
  0.33777100E+02  0.45719155E+00  0.45719155E+00
  0.33844300E+02  0.44200051E+00  0.44200051E+00
  0.33911600E+02  0.42482624E+00  0.42482624E+00
  0.33978900E+02  0.40604082E+00  0.40604082E+00
  0.34046200E+02  0.38486384E+00  0.38486384E+00
  0.34113500E+02  0.36089518E+00  0.36089518E+00
  0.34180800E+02  0.33566746E+00  0.33566746E+00
  0.34248000E+02  0.31188838E+00  0.31188838E+00
  0.34315300E+02  0.29267842E+00  0.29267842E+00
  0.34382600E+02  0.28273740E+00  0.28273740E+00
  0.34449900E+02  0.28446145E+00  0.28446145E+00
  0.34517200E+02  0.30221985E+00  0.30221985E+00
  0.34584500E+02  0.33728155E+00  0.33728155E+00
  0.34651800E+02  0.38778470E+00  0.38778470E+00
  0.34719000E+02  0.44673859E+00  0.44673859E+00
  0.34786300E+02  0.50513119E+00  0.50513119E+00
  0.34853600E+02  0.55427166E+00  0.55427166E+00
  0.34920900E+02  0.58856751E+00  0.58856751E+00
  0.34988200E+02  0.60793183E+00  0.60793183E+00
  0.35055500E+02  0.61743961E+00  0.61743961E+00
  0.35122800E+02  0.62140978E+00  0.62140978E+00
  0.35190000E+02  0.62379449E+00  0.62379449E+00
  0.35257300E+02  0.62458813E+00  0.62458813E+00
  0.35324600E+02  0.62257944E+00  0.62257944E+00
  0.35391900E+02  0.61695065E+00  0.61695065E+00
  0.35459200E+02  0.60768118E+00  0.60768118E+00
  0.35526500E+02  0.59636007E+00  0.59636007E+00
  0.35593700E+02  0.58458688E+00  0.58458688E+00
  0.35661000E+02  0.57519014E+00  0.57519014E+00
  0.35728300E+02  0.57020533E+00  0.57020533E+00
  0.35795600E+02  0.56965760E+00  0.56965760E+00
  0.35862900E+02  0.57154105E+00  0.57154105E+00
  0.35930200E+02  0.57505545E+00  0.57505545E+00
  0.35997500E+02  0.57735578E+00  0.57735578E+00
  0.36064700E+02  0.57925058E+00  0.57925058E+00
  0.36132000E+02  0.58115004E+00  0.58115004E+00
  0.36199300E+02  0.58551268E+00  0.58551268E+00
  0.36266600E+02  0.59358459E+00  0.59358459E+00
  0.36333900E+02  0.60538634E+00  0.60538634E+00
  0.36401200E+02  0.62011390E+00  0.62011390E+00
  0.36468500E+02  0.63489177E+00  0.63489177E+00
  0.36535700E+02  0.64764900E+00  0.64764900E+00
  0.36603000E+02  0.65796309E+00  0.65796309E+00
  0.36670300E+02  0.66498787E+00  0.66498787E+00
  0.36737600E+02  0.66912114E+00  0.66912114E+00
  0.36804900E+02  0.67118068E+00  0.67118068E+00
  0.36872200E+02  0.67199033E+00  0.67199033E+00
  0.36939400E+02  0.67237822E+00  0.67237822E+00
  0.37006700E+02  0.67444157E+00  0.67444157E+00
  0.37074000E+02  0.67860761E+00  0.67860761E+00
  0.37141300E+02  0.68530849E+00  0.68530849E+00
  0.37208600E+02  0.69287209E+00  0.69287209E+00
  0.37275900E+02  0.69834748E+00  0.69834748E+00
  0.37343200E+02  0.69791640E+00  0.69791640E+00
  0.37410400E+02  0.69027376E+00  0.69027376E+00
  0.37477700E+02  0.67623342E+00  0.67623342E+00
  0.37545000E+02  0.65958661E+00  0.65958661E+00
  0.37612300E+02  0.64415385E+00  0.64415385E+00
  0.37679600E+02  0.63250274E+00  0.63250274E+00
  0.37746900E+02  0.62679163E+00  0.62679163E+00
  0.37814200E+02  0.62662421E+00  0.62662421E+00
  0.37881400E+02  0.63074132E+00  0.63074132E+00
  0.37948700E+02  0.63659011E+00  0.63659011E+00
  0.38016000E+02  0.64288627E+00  0.64288627E+00
  0.38083300E+02  0.64790664E+00  0.64790664E+00
  0.38150600E+02  0.64948373E+00  0.64948373E+00
  0.38217900E+02  0.64586770E+00  0.64586770E+00
  0.38285100E+02  0.63746309E+00  0.63746309E+00
  0.38352400E+02  0.63076428E+00  0.63076428E+00
  0.38419700E+02  0.63535251E+00  0.63535251E+00
  0.38487000E+02  0.65957003E+00  0.65957003E+00
  0.38554300E+02  0.70526653E+00  0.70526653E+00
  0.38621600E+02  0.76642964E+00  0.76642964E+00
  0.38688900E+02  0.83349850E+00  0.83349850E+00
  0.38756100E+02  0.89640389E+00  0.89640389E+00
  0.38823400E+02  0.94809149E+00  0.94809149E+00
  0.38890700E+02  0.98585665E+00  0.98585665E+00
  0.38958000E+02  0.10105087E+01  0.10105087E+01
  0.39025300E+02  0.10237472E+01  0.10237472E+01
  0.39092600E+02  0.10290550E+01  0.10290550E+01
  0.39159900E+02  0.10277217E+01  0.10277217E+01
  0.39227100E+02  0.10188217E+01  0.10188217E+01
  0.39294400E+02  0.10036566E+01  0.10036566E+01
  0.39361700E+02  0.98219172E+00  0.98219172E+00
  0.39429000E+02  0.95528833E+00  0.95528833E+00
  0.39496300E+02  0.92470843E+00  0.92470843E+00
  0.39563600E+02  0.89177810E+00  0.89177810E+00
  0.39630800E+02  0.85917711E+00  0.85917711E+00
  0.39698100E+02  0.82961008E+00  0.82961008E+00
  0.39765400E+02  0.80579324E+00  0.80579324E+00
  0.39832700E+02  0.79046341E+00  0.79046341E+00
  0.39900000E+02  0.78682761E+00  0.78682761E+00
  0.39967300E+02  0.79811422E+00  0.79811422E+00
  0.40034600E+02  0.82666602E+00  0.82666602E+00
  0.40101800E+02  0.87302198E+00  0.87302198E+00
  0.40169100E+02  0.93090563E+00  0.93090563E+00
  0.40236400E+02  0.99216859E+00  0.99216859E+00
  0.40303700E+02  0.10426750E+01  0.10426750E+01
  0.40371000E+02  0.10723098E+01  0.10723098E+01
  0.40438300E+02  0.10768456E+01  0.10768456E+01
  0.40505600E+02  0.10616622E+01  0.10616622E+01
  0.40572800E+02  0.10372286E+01  0.10372286E+01
  0.40640100E+02  0.10145519E+01  0.10145519E+01
  0.40707400E+02  0.10033216E+01  0.10033216E+01
  0.40774700E+02  0.10068278E+01  0.10068278E+01
  0.40842000E+02  0.10242183E+01  0.10242183E+01
  0.40909300E+02  0.10509281E+01  0.10509281E+01
  0.40976500E+02  0.10805025E+01  0.10805025E+01
  0.41043800E+02  0.11069166E+01  0.11069166E+01
  0.41111100E+02  0.11259609E+01  0.11259609E+01
  0.41178400E+02  0.11366661E+01  0.11366661E+01
  0.41245700E+02  0.11399254E+01  0.11399254E+01
  0.41313000E+02  0.11375739E+01  0.11375739E+01
  0.41380300E+02  0.11323964E+01  0.11323964E+01
  0.41447500E+02  0.11276628E+01  0.11276628E+01
  0.41514800E+02  0.11262023E+01  0.11262023E+01
  0.41582100E+02  0.11289699E+01  0.11289699E+01
  0.41649400E+02  0.11340994E+01  0.11340994E+01
  0.41716700E+02  0.11397121E+01  0.11397121E+01
  0.41784000E+02  0.11434439E+01  0.11434439E+01
  0.41851300E+02  0.11443375E+01  0.11443375E+01
  0.41918500E+02  0.11428514E+01  0.11428514E+01
  0.41985800E+02  0.11380283E+01  0.11380283E+01
  0.42053100E+02  0.11308022E+01  0.11308022E+01
  0.42120400E+02  0.11225930E+01  0.11225930E+01
  0.42187700E+02  0.11143518E+01  0.11143518E+01
  0.42255000E+02  0.11051213E+01  0.11051213E+01
  0.42322200E+02  0.10953738E+01  0.10953738E+01
  0.42389500E+02  0.10846321E+01  0.10846321E+01
  0.42456800E+02  0.10719271E+01  0.10719271E+01
  0.42524100E+02  0.10572497E+01  0.10572497E+01
  0.42591400E+02  0.10415557E+01  0.10415557E+01
  0.42658700E+02  0.10253235E+01  0.10253235E+01
  0.42726000E+02  0.10109708E+01  0.10109708E+01
  0.42793200E+02  0.99898894E+00  0.99898894E+00
  0.42860500E+02  0.98890868E+00  0.98890868E+00
  0.42927800E+02  0.97976429E+00  0.97976429E+00
  0.42995100E+02  0.97009937E+00  0.97009937E+00
  0.43062400E+02  0.95796058E+00  0.95796058E+00
  0.43129700E+02  0.94529059E+00  0.94529059E+00
  0.43196900E+02  0.93257422E+00  0.93257422E+00
  0.43264200E+02  0.92128596E+00  0.92128596E+00
  0.43331500E+02  0.91290291E+00  0.91290291E+00
  0.43398800E+02  0.90743880E+00  0.90743880E+00
  0.43466100E+02  0.90589200E+00  0.90589200E+00
  0.43533400E+02  0.90630843E+00  0.90630843E+00
  0.43600700E+02  0.90770953E+00  0.90770953E+00
  0.43667900E+02  0.90762469E+00  0.90762469E+00
  0.43735200E+02  0.90456508E+00  0.90456508E+00
  0.43802500E+02  0.89801874E+00  0.89801874E+00
  0.43869800E+02  0.88846658E+00  0.88846658E+00
  0.43937100E+02  0.87489953E+00  0.87489953E+00
  0.44004400E+02  0.85929303E+00  0.85929303E+00
  0.44071700E+02  0.84213712E+00  0.84213712E+00
  0.44138900E+02  0.82542288E+00  0.82542288E+00
  0.44206200E+02  0.81015782E+00  0.81015782E+00
  0.44273500E+02  0.79885426E+00  0.79885426E+00
  0.44340800E+02  0.79002380E+00  0.79002380E+00
  0.44408100E+02  0.78418085E+00  0.78418085E+00
  0.44475400E+02  0.77982786E+00  0.77982786E+00
  0.44542600E+02  0.77646540E+00  0.77646540E+00
  0.44609900E+02  0.77410156E+00  0.77410156E+00
  0.44677200E+02  0.77223309E+00  0.77223309E+00
  0.44744500E+02  0.77238273E+00  0.77238273E+00
  0.44811800E+02  0.77303689E+00  0.77303689E+00
  0.44879100E+02  0.77419786E+00  0.77419786E+00
  0.44946400E+02  0.77484974E+00  0.77484974E+00
  0.45013600E+02  0.77498851E+00  0.77498851E+00
  0.45080900E+02  0.77512595E+00  0.77512595E+00
  0.45148200E+02  0.77577173E+00  0.77577173E+00
  0.45215500E+02  0.77795242E+00  0.77795242E+00
  0.45282800E+02  0.78167490E+00  0.78167490E+00
  0.45350100E+02  0.78643234E+00  0.78643234E+00
  0.45417400E+02  0.79120046E+00  0.79120046E+00
  0.45484600E+02  0.79494710E+00  0.79494710E+00
  0.45551900E+02  0.79560737E+00  0.79560737E+00
  0.45619200E+02  0.79368250E+00  0.79368250E+00
  0.45686500E+02  0.78812611E+00  0.78812611E+00
  0.45753800E+02  0.77995868E+00  0.77995868E+00
  0.45821100E+02  0.76916877E+00  0.76916877E+00
  0.45888300E+02  0.75522352E+00  0.75522352E+00
  0.45955600E+02  0.73967416E+00  0.73967416E+00
  0.46022900E+02  0.72355471E+00  0.72355471E+00
  0.46090200E+02  0.70790700E+00  0.70790700E+00
  0.46157500E+02  0.69691587E+00  0.69691587E+00
  0.46224800E+02  0.69374337E+00  0.69374337E+00
  0.46292100E+02  0.70052117E+00  0.70052117E+00
  0.46359300E+02  0.71781629E+00  0.71781629E+00
  0.46426600E+02  0.74147057E+00  0.74147057E+00
  0.46493900E+02  0.76519041E+00  0.76519041E+00
  0.46561200E+02  0.78211973E+00  0.78211973E+00
  0.46628500E+02  0.78853174E+00  0.78853174E+00
  0.46695800E+02  0.78490961E+00  0.78490961E+00
  0.46763100E+02  0.77491764E+00  0.77491764E+00
  0.46830300E+02  0.76223982E+00  0.76223982E+00
  0.46897600E+02  0.75164883E+00  0.75164883E+00
  0.46964900E+02  0.74581196E+00  0.74581196E+00
  0.47032200E+02  0.74634797E+00  0.74634797E+00
  0.47099500E+02  0.75381779E+00  0.75381779E+00
  0.47166800E+02  0.76664841E+00  0.76664841E+00
  0.47234000E+02  0.78325600E+00  0.78325600E+00
  0.47301300E+02  0.80151674E+00  0.80151674E+00
  0.47368600E+02  0.81714359E+00  0.81714359E+00
  0.47435900E+02  0.82797593E+00  0.82797593E+00
  0.47503200E+02  0.83130286E+00  0.83130286E+00
  0.47570500E+02  0.82709238E+00  0.82709238E+00
  0.47637800E+02  0.81585206E+00  0.81585206E+00
  0.47705000E+02  0.79809083E+00  0.79809083E+00
  0.47772300E+02  0.77703131E+00  0.77703131E+00
  0.47839600E+02  0.75428366E+00  0.75428366E+00
  0.47906900E+02  0.73201157E+00  0.73201157E+00
  0.47974200E+02  0.71130410E+00  0.71130410E+00
  0.48041500E+02  0.69271228E+00  0.69271228E+00
  0.48108800E+02  0.67679018E+00  0.67679018E+00
  0.48176000E+02  0.66518488E+00  0.66518488E+00
  0.48243300E+02  0.66010324E+00  0.66010324E+00
  0.48310600E+02  0.66430733E+00  0.66430733E+00
  0.48377900E+02  0.68057585E+00  0.68057585E+00
  0.48445200E+02  0.70950785E+00  0.70950785E+00
  0.48512500E+02  0.74840846E+00  0.74840846E+00
  0.48579700E+02  0.79181468E+00  0.79181468E+00
  0.48647000E+02  0.83093171E+00  0.83093171E+00
  0.48714300E+02  0.85856659E+00  0.85856659E+00
  0.48781600E+02  0.87190861E+00  0.87190861E+00
  0.48848900E+02  0.87034500E+00  0.87034500E+00
  0.48916200E+02  0.85880059E+00  0.85880059E+00
  0.48983500E+02  0.84167285E+00  0.84167285E+00
  0.49050700E+02  0.82227077E+00  0.82227077E+00
  0.49118000E+02  0.80392669E+00  0.80392669E+00
  0.49185300E+02  0.78608637E+00  0.78608637E+00
  0.49252600E+02  0.76875208E+00  0.76875208E+00
  0.49319900E+02  0.75192612E+00  0.75192612E+00
  0.49387200E+02  0.73449198E+00  0.73449198E+00
  0.49454500E+02  0.71588720E+00  0.71588720E+00
  0.49521700E+02  0.69722765E+00  0.69722765E+00
  0.49589000E+02  0.67963956E+00  0.67963956E+00
  0.49656300E+02  0.66706318E+00  0.66706318E+00
  0.49723600E+02  0.66402479E+00  0.66402479E+00
  0.49790900E+02  0.67451107E+00  0.67451107E+00
  0.49858200E+02  0.70083584E+00  0.70083584E+00
  0.49925400E+02  0.74249615E+00  0.74249615E+00
  0.49992700E+02  0.79502654E+00  0.79502654E+00
  0.50060000E+02  0.85279885E+00  0.85279885E+00
  0.50127300E+02  0.90618136E+00  0.90618136E+00
  0.50194600E+02  0.94833323E+00  0.94833323E+00
  0.50261900E+02  0.97465427E+00  0.97465427E+00
  0.50329200E+02  0.98451036E+00  0.98451036E+00
  0.50396400E+02  0.98011658E+00  0.98011658E+00
  0.50463700E+02  0.96599242E+00  0.96599242E+00
  0.50531000E+02  0.94724826E+00  0.94724826E+00
  0.50598300E+02  0.92787762E+00  0.92787762E+00
  0.50665600E+02  0.91132150E+00  0.91132150E+00
  0.50732900E+02  0.89816596E+00  0.89816596E+00
  0.50800200E+02  0.88842474E+00  0.88842474E+00
  0.50867400E+02  0.88153365E+00  0.88153365E+00
  0.50934700E+02  0.87462297E+00  0.87462297E+00
  0.51002000E+02  0.86769095E+00  0.86769095E+00
  0.51069300E+02  0.85958067E+00  0.85958067E+00
  0.51136600E+02  0.85086679E+00  0.85086679E+00
  0.51203900E+02  0.84212698E+00  0.84212698E+00
  0.51271100E+02  0.83335964E+00  0.83335964E+00
  0.51338400E+02  0.82689402E+00  0.82689402E+00
  0.51405700E+02  0.82448443E+00  0.82448443E+00
  0.51473000E+02  0.82672989E+00  0.82672989E+00
  0.51540300E+02  0.83540006E+00  0.83540006E+00
  0.51607600E+02  0.85052010E+00  0.85052010E+00
  0.51674900E+02  0.87094454E+00  0.87094454E+00
  0.51742100E+02  0.89200365E+00  0.89200365E+00
  0.51809400E+02  0.91135576E+00  0.91135576E+00
  0.51876700E+02  0.92781715E+00  0.92781715E+00
  0.51944000E+02  0.94137638E+00  0.94137638E+00
  0.52011300E+02  0.95261114E+00  0.95261114E+00
  0.52078600E+02  0.96092239E+00  0.96092239E+00
  0.52145900E+02  0.96452675E+00  0.96452675E+00
  0.52213100E+02  0.96222128E+00  0.96222128E+00
  0.52280400E+02  0.95457898E+00  0.95457898E+00
  0.52347700E+02  0.94276327E+00  0.94276327E+00
  0.52415000E+02  0.92853925E+00  0.92853925E+00
  0.52482300E+02  0.91368112E+00  0.91368112E+00
  0.52549600E+02  0.89878184E+00  0.89878184E+00
  0.52616800E+02  0.88443569E+00  0.88443569E+00
  0.52684100E+02  0.87124510E+00  0.87124510E+00
  0.52751400E+02  0.85861542E+00  0.85861542E+00
  0.52818700E+02  0.84714721E+00  0.84714721E+00
  0.52886000E+02  0.83684505E+00  0.83684505E+00
  0.52953300E+02  0.82711372E+00  0.82711372E+00
  0.53020600E+02  0.81855604E+00  0.81855604E+00
  0.53087800E+02  0.81117509E+00  0.81117509E+00
  0.53155100E+02  0.80437641E+00  0.80437641E+00
  0.53222400E+02  0.79876359E+00  0.79876359E+00
  0.53289700E+02  0.79313400E+00  0.79313400E+00
  0.53357000E+02  0.78748764E+00  0.78748764E+00
  0.53424300E+02  0.78182451E+00  0.78182451E+00
  0.53491500E+02  0.77614316E+00  0.77614316E+00
  0.53558800E+02  0.77044650E+00  0.77044650E+00
  0.53626100E+02  0.76473307E+00  0.76473307E+00
  0.53693400E+02  0.75961104E+00  0.75961104E+00
  0.53760700E+02  0.75447377E+00  0.75447377E+00
  0.53828000E+02  0.74993096E+00  0.74993096E+00
  0.53895300E+02  0.74659534E+00  0.74659534E+00
  0.53962500E+02  0.74385890E+00  0.74385890E+00
  0.54029800E+02  0.74233867E+00  0.74233867E+00
  0.54097100E+02  0.74265059E+00  0.74265059E+00
  0.54164400E+02  0.74357449E+00  0.74357449E+00
  0.54231700E+02  0.74449839E+00  0.74449839E+00
  0.54299000E+02  0.74357719E+00  0.74357719E+00
  0.54366300E+02  0.74203561E+00  0.74203561E+00
  0.54433500E+02  0.73863691E+00  0.73863691E+00
  0.54500800E+02  0.73461157E+00  0.73461157E+00
  0.54568100E+02  0.73057404E+00  0.73057404E+00
  0.54635400E+02  0.72714315E+00  0.72714315E+00
  0.54702700E+02  0.72432121E+00  0.72432121E+00
  0.54770000E+02  0.72335122E+00  0.72335122E+00
  0.54837200E+02  0.72237534E+00  0.72237534E+00
  0.54904500E+02  0.72264000E+00  0.72264000E+00
  0.54971800E+02  0.72228047E+00  0.72228047E+00
  0.55039100E+02  0.72129448E+00  0.72129448E+00
  0.55106400E+02  0.71905555E+00  0.71905555E+00
  0.55173700E+02  0.71618406E+00  0.71618406E+00
  0.55241000E+02  0.71267772E+00  0.71267772E+00
  0.55308200E+02  0.70915942E+00  0.70915942E+00
  0.55375500E+02  0.70563174E+00  0.70563174E+00
  0.55442800E+02  0.70146540E+00  0.70146540E+00
  0.55510100E+02  0.69791561E+00  0.69791561E+00
  0.55577400E+02  0.69435516E+00  0.69435516E+00
  0.55644700E+02  0.69078402E+00  0.69078402E+00
  0.55712000E+02  0.68720222E+00  0.68720222E+00
  0.55779200E+02  0.68360852E+00  0.68360852E+00
  0.55846500E+02  0.68000538E+00  0.68000538E+00
  0.55913800E+02  0.67702490E+00  0.67702490E+00
  0.55981100E+02  0.67403526E+00  0.67403526E+00
  0.56048400E+02  0.67103648E+00  0.67103648E+00
  0.56115700E+02  0.66802856E+00  0.66802856E+00
  0.56182900E+02  0.66564667E+00  0.66564667E+00
  0.56250200E+02  0.66262121E+00  0.66262121E+00
  0.56317500E+02  0.66022451E+00  0.66022451E+00
  0.56384800E+02  0.65782018E+00  0.65782018E+00
  0.56452100E+02  0.65476881E+00  0.65476881E+00
  0.56519400E+02  0.65234848E+00  0.65234848E+00
  0.56586700E+02  0.65056147E+00  0.65056147E+00
  0.56653900E+02  0.64812550E+00  0.64812550E+00
  0.56721200E+02  0.64568307E+00  0.64568307E+00
  0.56788500E+02  0.64323301E+00  0.64323301E+00
  0.56855800E+02  0.64141932E+00  0.64141932E+00
  0.56923100E+02  0.63895478E+00  0.63895478E+00
  0.56990400E+02  0.63648262E+00  0.63648262E+00
  0.57057700E+02  0.63464911E+00  0.63464911E+00
  0.57124900E+02  0.63280840E+00  0.63280840E+00
  0.57192200E+02  0.63031489E+00  0.63031489E+00
  0.57259500E+02  0.62846233E+00  0.62846233E+00
  0.57326800E+02  0.62660368E+00  0.62660368E+00
  0.57394100E+02  0.62473892E+00  0.62473892E+00
  0.57461400E+02  0.62286807E+00  0.62286807E+00
  0.57528600E+02  0.62033842E+00  0.62033842E+00
  0.57595900E+02  0.61845461E+00  0.61845461E+00
  0.57663200E+02  0.61656471E+00  0.61656471E+00
  0.57730500E+02  0.61532260E+00  0.61532260E+00
  0.57797800E+02  0.61342126E+00  0.61342126E+00
  0.57865100E+02  0.61151382E+00  0.61151382E+00
  0.57932400E+02  0.60960028E+00  0.60960028E+00
  0.57999600E+02  0.60767960E+00  0.60767960E+00
  0.58066900E+02  0.60641158E+00  0.60641158E+00
  0.58134200E+02  0.60448052E+00  0.60448052E+00
  0.58201500E+02  0.60254335E+00  0.60254335E+00
  0.58268800E+02  0.60126009E+00  0.60126009E+00
  0.58336100E+02  0.59931149E+00  0.59931149E+00
  0.58403400E+02  0.59735679E+00  0.59735679E+00
  0.58470600E+02  0.59605727E+00  0.59605727E+00
  0.58537900E+02  0.59409114E+00  0.59409114E+00
  0.58605200E+02  0.59278272E+00  0.59278272E+00
  0.58672500E+02  0.59146973E+00  0.59146973E+00
  0.58739800E+02  0.58948684E+00  0.58948684E+00
  0.58807100E+02  0.58816394E+00  0.58816394E+00
  0.58874300E+02  0.58683547E+00  0.58683547E+00
  0.58941600E+02  0.58483580E+00  0.58483580E+00
  0.59008900E+02  0.58349843E+00  0.58349843E+00
  0.59076200E+02  0.58215647E+00  0.58215647E+00
  0.59143500E+02  0.58014004E+00  0.58014004E+00
  0.59210800E+02  0.57878818E+00  0.57878818E+00
  0.59278100E+02  0.57743174E+00  0.57743174E+00
  0.59345300E+02  0.57606976E+00  0.57606976E+00
  0.59412600E+02  0.57470418E+00  0.57470418E+00
  0.59479900E+02  0.57333402E+00  0.57333402E+00
  0.59547200E+02  0.57195930E+00  0.57195930E+00
  0.59614500E+02  0.57057999E+00  0.57057999E+00
  0.59681800E+02  0.56919612E+00  0.56919612E+00
  0.59749100E+02  0.56780767E+00  0.56780767E+00
  0.59816300E+02  0.56641370E+00  0.56641370E+00
  0.59883600E+02  0.56501611E+00  0.56501611E+00
  0.59950900E+02  0.56361394E+00  0.56361394E+00
  0.60018200E+02  0.56220720E+00  0.56220720E+00
  0.60085500E+02  0.56079588E+00  0.56079588E+00
  0.60152800E+02  0.55938000E+00  0.55938000E+00
  0.60220000E+02  0.55795861E+00  0.55795861E+00
  0.60287300E+02  0.55721644E+00  0.55721644E+00
  0.60354600E+02  0.55578759E+00  0.55578759E+00
  0.60421900E+02  0.55435418E+00  0.55435418E+00
  0.60489200E+02  0.55291618E+00  0.55291618E+00
  0.60556500E+02  0.55215953E+00  0.55215953E+00
  0.60623800E+02  0.55071315E+00  0.55071315E+00
  0.60691000E+02  0.54926130E+00  0.54926130E+00
  0.60758300E+02  0.54780578E+00  0.54780578E+00
  0.60825600E+02  0.54703464E+00  0.54703464E+00
  0.60892900E+02  0.54557074E+00  0.54557074E+00
  0.60960200E+02  0.54479274E+00  0.54479274E+00
  0.61027500E+02  0.54332045E+00  0.54332045E+00
  0.61094800E+02  0.54184358E+00  0.54184358E+00
  0.61162000E+02  0.54105403E+00  0.54105403E+00
  0.61229300E+02  0.53956879E+00  0.53956879E+00
  0.61296600E+02  0.53877326E+00  0.53877326E+00
  0.61363900E+02  0.53727963E+00  0.53727963E+00
  0.61431200E+02  0.53647724E+00  0.53647724E+00
  0.61498500E+02  0.53497522E+00  0.53497522E+00
  0.61565700E+02  0.53416511E+00  0.53416511E+00
  0.61633000E+02  0.53265471E+00  0.53265471E+00
  0.61700300E+02  0.53183860E+00  0.53183860E+00
  0.61767600E+02  0.53031982E+00  0.53031982E+00
  0.61834900E+02  0.52949685E+00  0.52949685E+00
  0.61902200E+02  0.52867084E+00  0.52867084E+00
  0.61969500E+02  0.52713986E+00  0.52713986E+00
  0.62036700E+02  0.52630613E+00  0.52630613E+00
  0.62104000E+02  0.52476677E+00  0.52476677E+00
  0.62171300E+02  0.52392704E+00  0.52392704E+00
  0.62238600E+02  0.52308425E+00  0.52308425E+00
  0.62305900E+02  0.52153269E+00  0.52153269E+00
  0.62373200E+02  0.52068305E+00  0.52068305E+00
  0.62440500E+02  0.51983036E+00  0.51983036E+00
  0.62507700E+02  0.51897378E+00  0.51897378E+00
  0.62575000E+02  0.51740622E+00  0.51740622E+00
  0.62642300E+02  0.51654362E+00  0.51654362E+00
  0.62709600E+02  0.51567797E+00  0.51567797E+00
  0.62776900E+02  0.51480927E+00  0.51480927E+00
  0.62844200E+02  0.51322570E+00  0.51322570E+00
  0.62911400E+02  0.51234932E+00  0.51234932E+00
  0.62978700E+02  0.51147072E+00  0.51147072E+00
  0.63046000E+02  0.51058906E+00  0.51058906E+00
  0.63113300E+02  0.50970436E+00  0.50970436E+00
  0.63180600E+02  0.50881660E+00  0.50881660E+00
  0.63247900E+02  0.50792580E+00  0.50792580E+00
  0.63315200E+02  0.50631479E+00  0.50631479E+00
  0.63382400E+02  0.50541632E+00  0.50541632E+00
  0.63449700E+02  0.50451561E+00  0.50451561E+00
  0.63517000E+02  0.50361185E+00  0.50361185E+00
  0.63584300E+02  0.50270504E+00  0.50270504E+00
  0.63651600E+02  0.50179519E+00  0.50179519E+00
  0.63718900E+02  0.50088228E+00  0.50088228E+00
  0.63786100E+02  0.49996554E+00  0.49996554E+00
  0.63853400E+02  0.49904653E+00  0.49904653E+00
  0.63920700E+02  0.49812448E+00  0.49812448E+00
  0.63988000E+02  0.49719938E+00  0.49719938E+00
  0.64055300E+02  0.49627123E+00  0.49627123E+00
  0.64122600E+02  0.49534003E+00  0.49534003E+00
  0.64189900E+02  0.49440578E+00  0.49440578E+00
  0.64257100E+02  0.49346771E+00  0.49346771E+00
  0.64324400E+02  0.49252737E+00  0.49252737E+00
  0.64391700E+02  0.49158397E+00  0.49158397E+00
  0.64459000E+02  0.49063753E+00  0.49063753E+00
  0.64526300E+02  0.48968803E+00  0.48968803E+00
  0.64593600E+02  0.48873549E+00  0.48873549E+00
  0.64660900E+02  0.48851230E+00  0.48851230E+00
  0.64728100E+02  0.48755367E+00  0.48755367E+00
  0.64795400E+02  0.48659275E+00  0.48659275E+00
  0.64862700E+02  0.48562877E+00  0.48562877E+00
  0.64930000E+02  0.48466175E+00  0.48466175E+00
  0.64997300E+02  0.48369167E+00  0.48369167E+00
  0.65064600E+02  0.48271855E+00  0.48271855E+00
  0.65131800E+02  0.48247938E+00  0.48247938E+00
  0.65199100E+02  0.48150092E+00  0.48150092E+00
  0.65266400E+02  0.48051942E+00  0.48051942E+00
  0.65333700E+02  0.47953486E+00  0.47953486E+00
  0.65401000E+02  0.47854726E+00  0.47854726E+00
  0.65468300E+02  0.47829815E+00  0.47829815E+00
  0.65535600E+02  0.47730521E+00  0.47730521E+00
  0.65602800E+02  0.47630850E+00  0.47630850E+00
  0.65670100E+02  0.47530946E+00  0.47530946E+00
  0.65737400E+02  0.47430738E+00  0.47430738E+00
  0.65804700E+02  0.47404760E+00  0.47404760E+00
  0.65872000E+02  0.47304018E+00  0.47304018E+00
  0.65939300E+02  0.47202971E+00  0.47202971E+00
  0.66006600E+02  0.47176384E+00  0.47176384E+00
  0.66073800E+02  0.47074732E+00  0.47074732E+00
  0.66141100E+02  0.46972847E+00  0.46972847E+00
  0.66208400E+02  0.46870656E+00  0.46870656E+00
  0.66275700E+02  0.46843231E+00  0.46843231E+00
  0.66343000E+02  0.46740507E+00  0.46740507E+00
  0.66410300E+02  0.46637478E+00  0.46637478E+00
  0.66477500E+02  0.46609372E+00  0.46609372E+00
  0.66544800E+02  0.46505810E+00  0.46505810E+00
  0.66612100E+02  0.46401943E+00  0.46401943E+00
  0.66679400E+02  0.46373298E+00  0.46373298E+00
  0.66746700E+02  0.46268897E+00  0.46268897E+00
  0.66814000E+02  0.46239870E+00  0.46239870E+00
  0.66881300E+02  0.46134936E+00  0.46134936E+00
  0.66948500E+02  0.46029628E+00  0.46029628E+00
  0.67015800E+02  0.45999992E+00  0.45999992E+00
  0.67083100E+02  0.45894220E+00  0.45894220E+00
  0.67150400E+02  0.45864202E+00  0.45864202E+00
  0.67217700E+02  0.45757896E+00  0.45757896E+00
