     #Energy   up_In_all   dw_In_all   up_Fe_all   dw_Fe_all    up_O_all    dw_O_all
   -27.91156     0.00000     0.00000     0.00000     0.00000     0.00000     0.00000
   -27.83556     0.00000     0.00000     0.00000     0.00000     0.00000     0.00000
   -27.75956     0.00000     0.00000     0.00000     0.00000     0.00000     0.00000
   -27.68256     0.00000     0.00000     0.00000     0.00000     0.00000     0.00000
   -27.60656     0.00000     0.00000     0.00000     0.00000     0.00000     0.00000
   -27.53056     0.00000     0.00000     0.00000     0.00000     0.00000     0.00000
   -27.45356     0.00000     0.00000     0.00000     0.00000     0.00000     0.00000
   -27.37756     0.00000     0.00000     0.00000     0.00000     0.00000     0.00000
   -27.30156     0.00000     0.00000     0.00000     0.00000     0.00000     0.00000
   -27.22456     0.00000     0.00000     0.00000     0.00000     0.00000     0.00000
   -27.14856     0.00000     0.00000     0.00000     0.00000     0.00000     0.00000
   -27.07256     0.00000     0.00000     0.00000     0.00000     0.00000     0.00000
   -26.99556     0.00000     0.00000     0.00000     0.00000     0.00000     0.00000
   -26.91956     0.00000     0.00000     0.00000     0.00000     0.00000     0.00000
   -26.84356     0.00000     0.00000     0.00000     0.00000     0.00000     0.00000
   -26.76656     0.00000     0.00000     0.00000     0.00000     0.00000     0.00000
   -26.69056     0.00000     0.00000     0.00000     0.00000     0.00000     0.00000
   -26.61456     0.00000     0.00000     0.00000     0.00000     0.00000     0.00000
   -26.53756     0.00000     0.00000     0.00000     0.00000     0.00000     0.00000
   -26.46156     0.00000     0.00000     0.00000     0.00000     0.00000     0.00000
   -26.38556     0.00000     0.00000     0.00000     0.00000     0.00000     0.00000
   -26.30856     0.00000     0.00000     0.00000     0.00000     0.00000     0.00000
   -26.23256     0.00000     0.00000     0.00000     0.00000     0.00000     0.00000
   -26.15556     0.00000     0.00000     0.00000     0.00000     0.00000     0.00000
   -26.07956     0.00000     0.00000     0.00000     0.00000     0.00000     0.00000
   -26.00356     0.00000     0.00000     0.00000     0.00000     0.00000     0.00000
   -25.92656     0.00000     0.00000     0.00000     0.00000     0.00000     0.00000
   -25.85056     0.00000     0.00000     0.00000     0.00000     0.00000     0.00000
   -25.77456     0.00000     0.00000     0.00000     0.00000     0.00000     0.00000
   -25.69756     0.00000     0.00000     0.00000     0.00000     0.00000     0.00000
   -25.62156     0.00000    -0.00000     0.00000    -0.00000     0.00000    -0.00000
   -25.54556     0.00000    -0.00000     0.00000    -0.00000     0.00000    -0.00000
   -25.46856     0.00000    -0.00000     0.00000    -0.00000     0.00000    -0.00000
   -25.39256     0.00000    -0.00000     0.00000    -0.00000     0.00000    -0.00000
   -25.31656     0.00000    -0.00000     0.00000    -0.00000     0.00000    -0.00000
   -25.23956     0.00000    -0.00000     0.00000    -0.00000     0.00000    -0.00000
   -25.16356     0.00000    -0.00000     0.00000    -0.00000     0.00000    -0.00000
   -25.08756     0.00000    -0.00000     0.00000    -0.00000     0.00000    -0.00000
   -25.01056     0.00004    -0.00003     0.00000    -0.00000     0.00005    -0.00005
   -24.93456     0.00030    -0.00028     0.00000    -0.00000     0.00043    -0.00040
   -24.85856     0.00201    -0.00189     0.00000    -0.00000     0.00283    -0.00266
   -24.78156     0.01008    -0.00959     0.00000    -0.00000     0.01416    -0.01347
   -24.70556     0.03851    -0.03699     0.00000    -0.00000     0.05405    -0.05190
   -24.62856     0.11242    -0.10894     0.00000    -0.00000     0.15762    -0.15271
   -24.55256     0.25140    -0.24575     0.00000    -0.00000     0.35194    -0.34404
   -24.47656     0.43199    -0.42606     0.00000    -0.00000     0.60411    -0.59571
   -24.39956     0.57320    -0.57028     0.00000    -0.00000     0.80072    -0.79631
   -24.32356     0.59178    -0.59356     0.00000    -0.00000     0.82606    -0.82826
   -24.24756     0.48269    -0.48788     0.00000    -0.00000     0.67403    -0.68093
   -24.17056     0.32235    -0.32769     0.00000    -0.00000     0.45140    -0.45859
   -24.09456     0.19071    -0.19419     0.00000    -0.00000     0.26904    -0.27384
   -24.01856     0.11504    -0.11680     0.00000    -0.00000     0.16487    -0.16716
   -23.94156     0.08106    -0.08179     0.00000    -0.00000     0.11837    -0.11936
   -23.86556     0.06703    -0.06734     0.00000    -0.00000     0.09961    -0.10000
   -23.78956     0.06021    -0.06039     0.00000    -0.00000     0.09083    -0.09103
   -23.71256     0.05579    -0.05592     0.00000    -0.00000     0.08536    -0.08550
   -23.63656     0.05236    -0.05246     0.00000    -0.00000     0.08129    -0.08138
   -23.56056     0.04950    -0.04959     0.00000    -0.00000     0.07803    -0.07811
   -23.48356     0.04706    -0.04714     0.00000    -0.00000     0.07539    -0.07545
   -23.40756     0.04495    -0.04502     0.00000    -0.00000     0.07322    -0.07326
   -23.33156     0.04308    -0.04315     0.00000    -0.00000     0.07145    -0.07148
   -23.25456     0.04142    -0.04148     0.00000    -0.00000     0.07002    -0.07004
   -23.17856     0.03993    -0.03998     0.00000    -0.00000     0.06889    -0.06890
   -23.10156     0.03860    -0.03865     0.00000    -0.00000     0.06805    -0.06805
   -23.02556     0.03741    -0.03745     0.00000    -0.00000     0.06749    -0.06748
   -22.94956     0.03631    -0.03636     0.00000    -0.00000     0.06718    -0.06716
   -22.87256     0.03535    -0.03539     0.00000    -0.00000     0.06717    -0.06713
   -22.79656     0.03449    -0.03451     0.00000    -0.00000     0.06745    -0.06741
   -22.72056     0.03371    -0.03373     0.00000    -0.00000     0.06805    -0.06799
   -22.64356     0.03308    -0.03309     0.00000    -0.00000     0.06913    -0.06905
   -22.56756     0.03259    -0.03260     0.00000    -0.00000     0.07076    -0.07065
   -22.49156     0.03230    -0.03230     0.00000    -0.00000     0.07328    -0.07311
   -22.41456     0.03261    -0.03257     0.00000    -0.00000     0.07804    -0.07773
   -22.33856     0.03472    -0.03456     0.00000    -0.00000     0.08968    -0.08889
   -22.26256     0.04207    -0.04159     0.00000    -0.00000     0.12101    -0.11901
   -22.18556     0.06070    -0.05960     0.00000    -0.00000     0.19418    -0.18988
   -22.10956     0.09422    -0.09256     0.00000    -0.00000     0.32281    -0.31642
   -22.03356     0.13390    -0.13238     0.00000    -0.00000     0.47461    -0.46872
   -21.95656     0.15675    -0.15653     0.00000    -0.00000     0.56451    -0.56302
   -21.88056     0.14394    -0.14521     0.00000    -0.00000     0.52213    -0.52654
   -21.80456     0.10138    -0.10348     0.00000    -0.00000     0.36931    -0.37681
   -21.72756     0.05431    -0.05607     0.00000    -0.00000     0.19834    -0.20474
   -21.65156     0.02202    -0.02301     0.00000    -0.00000     0.08052    -0.08411
   -21.57556     0.00674    -0.00713     0.00000    -0.00000     0.02467    -0.02608
   -21.49856     0.00156    -0.00166     0.00000    -0.00000     0.00570    -0.00609
   -21.42256     0.00027    -0.00029     0.00000    -0.00000     0.00099    -0.00107
   -21.34556     0.00004    -0.00004     0.00000    -0.00000     0.00013    -0.00014
   -21.26956     0.00000    -0.00000     0.00000    -0.00000     0.00001    -0.00001
   -21.19356     0.00000    -0.00000     0.00000    -0.00000     0.00000    -0.00000
   -21.11656     0.00000    -0.00000     0.00000    -0.00000     0.00000    -0.00000
   -21.04056     0.00000    -0.00000     0.00000    -0.00000     0.00000    -0.00000
   -20.96456     0.00000    -0.00000     0.00000    -0.00000     0.00000    -0.00000
   -20.88756     0.00000    -0.00000     0.00000    -0.00000     0.00000    -0.00000
   -20.81156     0.00000    -0.00000     0.00000    -0.00000     0.00000    -0.00000
   -20.73556     0.00000    -0.00000     0.00000    -0.00000     0.00000    -0.00000
   -20.65856     0.00000     0.00000     0.00000     0.00000     0.00000     0.00000
   -20.58256     0.00000     0.00000     0.00000     0.00000     0.00000     0.00000
   -20.50656     0.00000     0.00000     0.00000     0.00000     0.00000     0.00000
   -20.42956     0.00000     0.00000     0.00000     0.00000     0.00000     0.00000
   -20.35356     0.00000     0.00000     0.00000     0.00000     0.00000     0.00000
   -20.27756     0.00000     0.00000     0.00000     0.00000     0.00000     0.00000
   -20.20056     0.00000     0.00000     0.00000     0.00000     0.00000     0.00000
   -20.12456     0.00000     0.00000     0.00000     0.00000     0.00000     0.00000
   -20.04856     0.00000    -0.00000     0.00000    -0.00000     0.00000    -0.00000
   -19.97156     0.00000    -0.00000     0.00000    -0.00000     0.00000    -0.00000
   -19.89556     0.00000    -0.00000     0.00000    -0.00000     0.00000    -0.00000
   -19.81856     0.00000    -0.00000     0.00000    -0.00000     0.00000    -0.00000
   -19.74256     0.00000    -0.00000     0.00000    -0.00000     0.00000    -0.00000
   -19.66656     0.00000    -0.00000     0.00000    -0.00000     0.00000    -0.00000
   -19.58956     0.00000    -0.00000     0.00000    -0.00000     0.00000    -0.00000
   -19.51356     0.00001    -0.00001     0.00000    -0.00000     0.00000    -0.00000
   -19.43756     0.00015    -0.00015     0.00000    -0.00000     0.00003    -0.00003
   -19.36056     0.00114    -0.00111     0.00000    -0.00000     0.00026    -0.00025
   -19.28456     0.00652    -0.00638     0.00000    -0.00000     0.00148    -0.00144
   -19.20856     0.02807    -0.02759     0.00000    -0.00000     0.00636    -0.00625
   -19.13156     0.09110    -0.08990     0.00000    -0.00000     0.02064    -0.02036
   -19.05556     0.22302    -0.22079     0.00000    -0.00000     0.05057    -0.05008
   -18.97956     0.41242    -0.40986     0.00000    -0.00000     0.09364    -0.09305
   -18.90256     0.57832    -0.57674     0.00000    -0.00000     0.13157    -0.13116
   -18.82656     0.61870    -0.61923     0.00000    -0.00000     0.14129    -0.14139
   -18.75056     0.51256    -0.51455     0.00000    -0.00000     0.11800    -0.11849
   -18.67356     0.34010    -0.34229     0.00000    -0.00000     0.07971    -0.08019
   -18.59756     0.19643    -0.19782     0.00000    -0.00000     0.04784    -0.04815
   -18.52156     0.11571    -0.11639     0.00000    -0.00000     0.03009    -0.03023
   -18.44456     0.08080    -0.08105     0.00000    -0.00000     0.02254    -0.02260
   -18.36856     0.06684    -0.06693     0.00000    -0.00000     0.01964    -0.01966
   -18.29156     0.06144    -0.06145     0.00000    -0.00000     0.01875    -0.01875
   -18.21556     0.05915    -0.05917     0.00000    -0.00000     0.01856    -0.01856
   -18.13956     0.05592    -0.05598     0.00000    -0.00000     0.01790    -0.01792
   -18.06256     0.05195    -0.05198     0.00000    -0.00000     0.01697    -0.01698
   -17.98656     0.05068    -0.05065     0.00000    -0.00000     0.01692    -0.01690
   -17.91056     0.05160    -0.05159     0.00000    -0.00000     0.01753    -0.01751
   -17.83356     0.05037    -0.05041     0.00000    -0.00000     0.01729    -0.01731
   -17.75756     0.04655    -0.04661     0.00000    -0.00000     0.01613    -0.01614
   -17.68156     0.04486    -0.04484     0.00000    -0.00000     0.01568    -0.01568
   -17.60456     0.04747    -0.04739     0.00000    -0.00000     0.01656    -0.01655
   -17.52856     0.05283    -0.05275     0.00000    -0.00000     0.01732    -0.01732
   -17.45256     0.06866    -0.06839     0.00000    -0.00000     0.01729    -0.01730
   -17.37556     0.12800    -0.12700     0.00000    -0.00000     0.01886    -0.01883
   -17.29956     0.28978    -0.28729     0.00000    -0.00000     0.02596    -0.02584
   -17.22356     0.60671    -0.60232     0.00000    -0.00000     0.04047    -0.04026
   -17.14656     1.06681    -1.06083     0.00000    -0.00000     0.05993    -0.05969
   -17.07056     1.56631    -1.56020     0.00000    -0.00000     0.07808    -0.07787
   -16.99456     1.99165    -1.98593     0.00000    -0.00000     0.08777    -0.08768
   -16.91756     2.37947    -2.37227     0.00000    -0.00000     0.08531    -0.08534
   -16.84156     2.98534    -2.97244     0.00000    -0.00000     0.07275    -0.07290
   -16.76556     4.08961    -4.06912     0.00000    -0.00000     0.05634    -0.05652
   -16.68856     5.62922    -5.60563     0.00000    -0.00000     0.04209    -0.04223
   -16.61256     7.02263    -7.00804     0.00000    -0.00000     0.03261    -0.03268
   -16.53556     7.47944    -7.48344     0.00000    -0.00000     0.02712    -0.02715
   -16.45956     6.61421    -6.63641     0.00000    -0.00000     0.02355    -0.02358
   -16.38356     4.79110    -4.81970     0.00000    -0.00000     0.02053    -0.02056
   -16.30656     2.82511    -2.84951     0.00000    -0.00000     0.01785    -0.01788
   -16.23056     1.35697    -1.37143     0.00000    -0.00000     0.01574    -0.01577
   -16.15456     0.54022    -0.54672     0.00000    -0.00000     0.01449    -0.01450
   -16.07756     0.19331    -0.19548     0.00000    -0.00000     0.01431    -0.01431
   -16.00156     0.08100    -0.08153     0.00000    -0.00000     0.01496    -0.01494
   -15.92556     0.05338    -0.05348     0.00000    -0.00000     0.01536    -0.01537
   -15.84856     0.04637    -0.04642     0.00000    -0.00000     0.01470    -0.01472
   -15.77256     0.04313    -0.04314     0.00000    -0.00000     0.01367    -0.01369
   -15.69656     0.04369    -0.04362     0.00000    -0.00000     0.01372    -0.01370
   -15.61956     0.04745    -0.04734     0.00000    -0.00000     0.01478    -0.01476
   -15.54356     0.04954    -0.04952     0.00000    -0.00000     0.01521    -0.01522
   -15.46756     0.04790    -0.04794     0.00000    -0.00000     0.01431    -0.01434
   -15.39056     0.04660    -0.04657     0.00000    -0.00000     0.01342    -0.01343
   -15.31456     0.04915    -0.04905     0.00000    -0.00000     0.01378    -0.01377
   -15.23856     0.05328    -0.05319     0.00000    -0.00000     0.01470    -0.01469
   -15.16156     0.05515    -0.05512     0.00000    -0.00000     0.01480    -0.01482
   -15.08556     0.05519    -0.05514     0.00000    -0.00000     0.01411    -0.01413
   -15.00856     0.05701    -0.05688     0.00000    -0.00000     0.01378    -0.01378
   -14.93256     0.06298    -0.06273     0.00000    -0.00000     0.01447    -0.01444
   -14.85656     0.07454    -0.07406     0.00000    -0.00000     0.01581    -0.01578
   -14.77956     0.09950    -0.09839     0.00000    -0.00000     0.01813    -0.01803
   -14.70356     0.15661    -0.15424     0.00000    -0.00000     0.02367    -0.02343
   -14.62756     0.26027    -0.25656     0.00000    -0.00000     0.03456    -0.03419
   -14.55056     0.38904    -0.38541     0.00000    -0.00000     0.04857    -0.04820
   -14.47456     0.48057    -0.47903     0.00000    -0.00000     0.05857    -0.05844
   -14.39856     0.48185    -0.48322     0.00000    -0.00000     0.05882    -0.05900
   -14.32156     0.40198    -0.40509     0.00000    -0.00000     0.05059    -0.05094
   -14.24556     0.29894    -0.30188     0.00000    -0.00000     0.04011    -0.04042
   -14.16956     0.22172    -0.22343     0.00000    -0.00000     0.03246    -0.03266
   -14.09256     0.18379    -0.18449     0.00000    -0.00000     0.02922    -0.02929
   -14.01656     0.18037    -0.18003     0.00000    -0.00000     0.03040    -0.03033
   -13.94056     0.20941    -0.20816     0.00000    -0.00000     0.03659    -0.03638
   -13.86356     0.27275    -0.27077     0.00000    -0.00000     0.04860    -0.04824
   -13.78756     0.35470    -0.35271     0.00000    -0.00000     0.06376    -0.06342
   -13.71156     0.40828    -0.40772     0.00000    -0.00000     0.07364    -0.07357
   -13.63456     0.38463    -0.38639     0.00000    -0.00000     0.06948    -0.06983
   -13.55856     0.28497    -0.28812     0.00000    -0.00000     0.05151    -0.05212
   -13.48256     0.16279    -0.16576     0.00000    -0.00000     0.02943    -0.02998
   -13.40556     0.07095    -0.07276     0.00000    -0.00000     0.01283    -0.01316
   -13.32956     0.02347    -0.02425     0.00000    -0.00000     0.00424    -0.00439
   -13.25256     0.00587    -0.00611     0.00000    -0.00000     0.00106    -0.00111
   -13.17656     0.00111    -0.00116     0.00000    -0.00000     0.00020    -0.00021
   -13.10056     0.00016    -0.00017     0.00000    -0.00000     0.00003    -0.00003
   -13.02356     0.00002    -0.00002     0.00000    -0.00000     0.00000    -0.00000
   -12.94756     0.00000    -0.00000     0.00000    -0.00000     0.00000    -0.00000
   -12.87156     0.00000    -0.00000     0.00000    -0.00000     0.00000    -0.00000
   -12.79456     0.00000    -0.00000     0.00000    -0.00000     0.00000    -0.00000
   -12.71856     0.00000    -0.00000     0.00000    -0.00000     0.00000    -0.00000
   -12.64256     0.00000    -0.00000     0.00000    -0.00000     0.00000    -0.00000
   -12.56556     0.00000    -0.00000     0.00000    -0.00000     0.00000    -0.00000
   -12.48956     0.00000    -0.00000     0.00000    -0.00000     0.00000    -0.00000
   -12.41356     0.00000     0.00000     0.00000     0.00000     0.00000     0.00000
   -12.33656     0.00000     0.00000     0.00000     0.00000     0.00000     0.00000
   -12.26056     0.00000     0.00000     0.00000     0.00000     0.00000     0.00000
   -12.18456     0.00000     0.00000     0.00000     0.00000     0.00000     0.00000
   -12.10756     0.00000     0.00000     0.00000     0.00000     0.00000     0.00000
   -12.03156     0.00000     0.00000     0.00000     0.00000     0.00000     0.00000
   -11.95556     0.00000     0.00000     0.00000     0.00000     0.00000     0.00000
   -11.87856     0.00000     0.00000     0.00000     0.00000     0.00000     0.00000
   -11.80256     0.00000     0.00000     0.00000     0.00000     0.00000     0.00000
   -11.72556     0.00000     0.00000     0.00000     0.00000     0.00000     0.00000
   -11.64956     0.00000     0.00000     0.00000     0.00000     0.00000     0.00000
   -11.57356     0.00000     0.00000     0.00000     0.00000     0.00000     0.00000
   -11.49656     0.00000     0.00000     0.00000     0.00000     0.00000     0.00000
   -11.42056     0.00000     0.00000     0.00000     0.00000     0.00000     0.00000
   -11.34456     0.00000     0.00000     0.00000     0.00000     0.00000     0.00000
   -11.26756     0.00000     0.00000     0.00000     0.00000     0.00000     0.00000
   -11.19156     0.00000     0.00000     0.00000     0.00000     0.00000     0.00000
   -11.11556     0.00000     0.00000     0.00000     0.00000     0.00000     0.00000
   -11.03856     0.00000     0.00000     0.00000     0.00000     0.00000     0.00000
   -10.96256     0.00000     0.00000     0.00000     0.00000     0.00000     0.00000
   -10.88656     0.00000     0.00000     0.00000     0.00000     0.00000     0.00000
   -10.80956     0.00000     0.00000     0.00000     0.00000     0.00000     0.00000
   -10.73356     0.00000     0.00000     0.00000     0.00000     0.00000     0.00000
   -10.65756     0.00000     0.00000     0.00000     0.00000     0.00000     0.00000
   -10.58056     0.00000     0.00000     0.00000     0.00000     0.00000     0.00000
   -10.50456     0.00000     0.00000     0.00000     0.00000     0.00000     0.00000
   -10.42856     0.00000     0.00000     0.00000     0.00000     0.00000     0.00000
   -10.35156     0.00000     0.00000     0.00000     0.00000     0.00000     0.00000
   -10.27556     0.00000    -0.00000     0.00000    -0.00000     0.00000    -0.00000
   -10.19856     0.00000    -0.00000     0.00000    -0.00000     0.00000    -0.00000
   -10.12256     0.00000    -0.00000     0.00000    -0.00000     0.00000    -0.00000
   -10.04656     0.00000    -0.00000     0.00000    -0.00000     0.00000    -0.00000
    -9.96956     0.00000    -0.00000     0.00000    -0.00000     0.00000    -0.00000
    -9.89356     0.00000    -0.00000     0.00000    -0.00000     0.00000    -0.00000
    -9.81756     0.00000    -0.00000     0.00000    -0.00000     0.00000    -0.00000
    -9.74056     0.00001    -0.00001     0.00000    -0.00000     0.00000    -0.00000
    -9.66456     0.00006    -0.00006     0.00000    -0.00000     0.00003    -0.00003
    -9.58856     0.00050    -0.00046     0.00000    -0.00000     0.00022    -0.00021
    -9.51156     0.00303    -0.00281     0.00000    -0.00000     0.00134    -0.00125
    -9.43556     0.01418    -0.01330     0.00000    -0.00000     0.00621    -0.00583
    -9.35956     0.05135    -0.04872     0.00000    -0.00000     0.02233    -0.02122
    -9.28256     0.14485    -0.13901     0.00000    -0.00000     0.06330    -0.06082
    -9.20656     0.32118    -0.31166     0.00000    -0.00000     0.14404    -0.13992
    -9.13056     0.56738    -0.55640     0.00000    -0.00000     0.27105    -0.26576
    -9.05356     0.81405    -0.80615     0.00000    -0.00000     0.43601    -0.43090
    -8.97756     0.97295    -0.97162     0.00000    -0.00000     0.61814    -0.61448
    -8.90156     0.99862    -1.00352     0.00000    -0.00000     0.78516    -0.78353
    -8.82456     0.91265    -0.92045     0.00000    -0.00000     0.90064    -0.90087
    -8.74856     0.77752    -0.78457     0.00000    -0.00000     0.94521    -0.94664
    -8.67256     0.64811    -0.65307     0.00000    -0.00000     0.92273    -0.92495
    -8.59556     0.53644    -0.53984     0.00000    -0.00000     0.83615    -0.83946
    -8.51956     0.42106    -0.42422     0.00000    -0.00000     0.68213    -0.68643
    -8.44256     0.29267    -0.29558     0.00000    -0.00000     0.48209    -0.48669
    -8.36656     0.17294    -0.17532     0.00000    -0.00000     0.29127    -0.29496
    -8.29056     0.08909    -0.09045     0.00000    -0.00000     0.15783    -0.16004
    -8.21356     0.04549    -0.04608     0.00000    -0.00000     0.08858    -0.08955
    -8.13756     0.02835    -0.02856     0.00000    -0.00000     0.06116    -0.06149
    -8.06156     0.02289    -0.02295     0.00000    -0.00000     0.05222    -0.05234
    -7.98456     0.02118    -0.02120     0.00000    -0.00000     0.04942    -0.04945
    -7.90856     0.02052    -0.02051     0.00000    -0.00000     0.04880    -0.04872
    -7.83256     0.02071    -0.02060     0.00000    -0.00000     0.05140    -0.05093
    -7.75556     0.02332    -0.02294     0.00000    -0.00000     0.06380    -0.06221
    -7.67956     0.03133    -0.03042     0.00000    -0.00000     0.09850    -0.09469
    -7.60356     0.04723    -0.04569     0.00000    -0.00000     0.16628    -0.15990
    -7.52656     0.06887    -0.06713     0.00000    -0.00000     0.25822    -0.25092
    -7.45056     0.08719    -0.08614     0.00000    -0.00000     0.33678    -0.33226
    -7.37456     0.09245    -0.09257     0.00000    -0.00000     0.36215    -0.36245
    -7.29756     0.08383    -0.08479     0.00000    -0.00000     0.33151    -0.33520
    -7.22156     0.06985    -0.07088     0.00000    -0.00000     0.27959    -0.28348
    -7.14556     0.05922    -0.05980     0.00000    -0.00000     0.24411    -0.24579
    -7.06856     0.05568    -0.05566     0.00000    -0.00000     0.24475    -0.24322
    -6.99256     0.05979    -0.05921     0.00000    -0.00000     0.28766    -0.28303
    -6.91556     0.06973    -0.06886     0.00000    -0.00000     0.36360    -0.35734
    -6.83956     0.07942    -0.07887     0.00000    -0.00000     0.43596    -0.43180
    -6.76356     0.08105    -0.08129     0.00000    -0.00000     0.45572    -0.45694
    -6.68656     0.07220    -0.07315     0.00000    -0.00000     0.40722    -0.41312
    -6.61056     0.05831    -0.05942     0.00000    -0.00000     0.32828    -0.33508
    -6.53456     0.04697    -0.04773     0.00000    -0.00000     0.27788    -0.28209
    -6.45756     0.04215    -0.04247     0.00000    -0.00000     0.29224    -0.29304
    -6.38156     0.04336    -0.04341     0.00000    -0.00000     0.36438    -0.36317
    -6.30556     0.04690    -0.04687     0.00000    -0.00000     0.44453    -0.44340
    -6.22856     0.04831    -0.04834     0.00000    -0.00000     0.47013    -0.47056
    -6.15256     0.04597    -0.04607     0.00000    -0.00000     0.41925    -0.42117
    -6.07656     0.04187    -0.04196     0.00000    -0.00000     0.32750    -0.32976
    -5.99956     0.03880    -0.03883     0.00000    -0.00000     0.24642    -0.24793
    -5.92356     0.03848    -0.03844     0.00000    -0.00000     0.20159    -0.20226
    -5.84756     0.04216    -0.04201     0.00000    -0.00000     0.19265    -0.19248
    -5.77056     0.05066    -0.05039     0.00000    -0.00000     0.21104    -0.21032
    -5.69456     0.06283    -0.06249     0.00000    -0.00000     0.24619    -0.24519
    -5.61856     0.07521    -0.07489     0.00000    -0.00000     0.28437    -0.28335
    -5.54156     0.08444    -0.08418     0.00000    -0.00000     0.31440    -0.31346
    -5.46556     0.09098    -0.09061     0.00000    -0.00000     0.33915    -0.33753
    -5.38856     0.10033    -0.09949     0.00000    -0.00000     0.38041    -0.37657
    -5.31256     0.12009    -0.11847     0.00000    -0.00000     0.46824    -0.46090
    -5.23656     0.15216    -0.14998     0.00000    -0.00000     0.60981    -0.59987
    -5.15956     0.18427    -0.18266     0.00000    -0.00000     0.75211    -0.74459
    -5.08356     0.19314    -0.19345     0.00000    -0.00000     0.79516    -0.79619
    -5.00756     0.16473    -0.16702     0.00000    -0.00000     0.67959    -0.68948
    -4.93056     0.11072    -0.11372     0.00000    -0.00000     0.45572    -0.46884
    -4.85456     0.05769    -0.06001     0.00000    -0.00000     0.23622    -0.24639
    -4.77856     0.02311    -0.02433     0.00000    -0.00000     0.09394    -0.09927
    -4.70156     0.00708    -0.00754     0.00003    -0.00000     0.02854    -0.03054
    -4.62556     0.00166    -0.00178     0.00027    -0.00000     0.00662    -0.00715
    -4.54956     0.00030    -0.00032     0.00161    -0.00000     0.00117    -0.00127
    -4.47256     0.00005    -0.00004     0.00725    -0.00000     0.00016    -0.00017
    -4.39656     0.00002    -0.00000     0.02469    -0.00000     0.00003    -0.00002
    -4.32056     0.00005    -0.00000     0.06376    -0.00000     0.00004    -0.00000
    -4.24356     0.00009    -0.00000     0.12535    -0.00000     0.00008    -0.00000
    -4.16756     0.00013    -0.00000     0.18905    -0.00000     0.00011    -0.00000
    -4.09156     0.00015    -0.00000     0.22188    -0.00002     0.00013    -0.00000
    -4.01456     0.00014    -0.00000     0.20870    -0.00014     0.00012    -0.00000
    -3.93856     0.00010    -0.00001     0.16629    -0.00086     0.00009    -0.00000
    -3.86256     0.00006    -0.00003     0.12404    -0.00407     0.00006    -0.00002
    -3.78556     0.00004    -0.00012     0.09874    -0.01460     0.00004    -0.00007
    -3.70956     0.00002    -0.00032     0.09458    -0.03959     0.00003    -0.00018
    -3.63256     0.00002    -0.00065     0.12103    -0.08167     0.00002    -0.00036
    -3.55656     0.00002    -0.00101     0.20987    -0.12879     0.00002    -0.00057
    -3.48056     0.00005    -0.00120     0.41527    -0.15731     0.00003    -0.00069
    -3.40356     0.00022    -0.00113     0.78311    -0.15202     0.00011    -0.00066
    -3.32756     0.00094    -0.00101     1.30393    -0.12163     0.00043    -0.00058
    -3.25156     0.00333    -0.00166     1.91709    -0.08749     0.00149    -0.00082
    -3.17456     0.00993    -0.00557     2.59444    -0.06323     0.00438    -0.00246
    -3.09856     0.02535    -0.01848     3.39695    -0.05001     0.01106    -0.00794
    -3.02256     0.05494    -0.04817     4.32658    -0.04351     0.02377    -0.02060
    -2.94556     0.09858    -0.09584     5.10746    -0.04014     0.04246    -0.04099
    -2.86956     0.14270    -0.14564     5.27615    -0.03804     0.06144    -0.06250
    -2.79356     0.16450    -0.17071     4.63239    -0.03633     0.07115    -0.07372
    -2.71656     0.15191    -0.15736     3.54157    -0.03462     0.06651    -0.06886
    -2.64056     0.11636    -0.11920     2.65564    -0.03291     0.05223    -0.05348
    -2.56456     0.07996    -0.08074     2.35659    -0.03142     0.03755    -0.03789
    -2.48756     0.05564    -0.05553     2.52874    -0.03026     0.02786    -0.02780
    -2.41156     0.04303    -0.04269     2.81388    -0.02936     0.02298    -0.02283
    -2.33556     0.03698    -0.03663     2.99015    -0.02876     0.02078    -0.02061
    -2.25856     0.03390    -0.03365     3.04330    -0.02835     0.01981    -0.01971
    -2.18256     0.03207    -0.03195     2.97269    -0.02801     0.01934    -0.01931
    -2.10556     0.03036    -0.03031     2.69351    -0.02790     0.01879    -0.01879
    -2.02956     0.02872    -0.02867     2.15094    -0.02806     0.01823    -0.01821
    -1.95356     0.02792    -0.02784     1.45332    -0.02826     0.01813    -0.01810
    -1.87656     0.02779    -0.02770     0.80929    -0.02873     0.01836    -0.01832
    -1.80056     0.02721    -0.02715     0.36958    -0.02967     0.01822    -0.01819
    -1.72456     0.02598    -0.02592     0.14551    -0.03096     0.01761    -0.01758
    -1.64756     0.02524    -0.02516     0.05986    -0.03274     0.01733    -0.01729
    -1.57156     0.02567    -0.02557     0.03400    -0.03597     0.01780    -0.01775
    -1.49556     0.02614    -0.02606     0.02623    -0.04252     0.01820    -0.01816
    -1.41856     0.02549    -0.02541     0.02399    -0.05820     0.01776    -0.01772
    -1.34256     0.02451    -0.02443     0.02455    -0.09645     0.01707    -0.01704
    -1.26656     0.02465    -0.02455     0.02480    -0.17389     0.01719    -0.01714
    -1.18956     0.02571    -0.02559     0.02269    -0.29028     0.01791    -0.01785
    -1.11356     0.02625    -0.02612     0.02011    -0.40948     0.01814    -0.01808
    -1.03756     0.02573    -0.02560     0.02015    -0.48146     0.01753    -0.01748
    -0.96056     0.02535    -0.02525     0.02223    -0.50579     0.01700    -0.01696
    -0.88456     0.02622    -0.02615     0.02267    -0.55385     0.01738    -0.01733
    -0.80856     0.02770    -0.02761     0.01999    -0.69979     0.01811    -0.01804
    -0.73156     0.02836    -0.02826     0.01735    -0.93353     0.01810    -0.01801
    -0.65556     0.02841    -0.02829     0.01919    -1.16824     0.01748    -0.01747
    -0.57956     0.02925    -0.02913     0.02780    -1.34151     0.01740    -0.01761
    -0.50256     0.03135    -0.03135     0.04548    -1.49292     0.01833    -0.01886
    -0.42656     0.03404    -0.03416     0.07777    -1.70536     0.02008    -0.02055
    -0.34956     0.03765    -0.03740     0.12825    -1.96207     0.02349    -0.02245
    -0.27356     0.04511    -0.04334     0.18720    -2.11360     0.03078    -0.02617
    -0.19756     0.06218    -0.05769     0.23205    -2.03454     0.04297    -0.03446
    -0.12056     0.09728    -0.08999     0.24452    -1.77041     0.05801    -0.04932
    -0.04456     0.15826    -0.14978     0.22575    -1.50190     0.07269    -0.06998
     0.03144     0.23994    -0.23359     0.19220    -1.37287     0.08505    -0.09202
     0.10844     0.31490    -0.31493     0.16097    -1.40973     0.09365    -0.10855
     0.18444     0.35122    -0.35876     0.14038    -1.59100     0.09729    -0.11393
     0.26044     0.34238    -0.35271     0.12991    -1.92455     0.09708    -0.10785
     0.33744     0.30779    -0.31370     0.12507    -2.40708     0.09558    -0.09543
     0.41344     0.26812    -0.26620     0.12325    -2.93237     0.09329    -0.08305
     0.48944     0.23344    -0.22612     0.12722    -3.29824     0.08896    -0.07471
     0.56644     0.21379    -0.20541     0.14138    -3.35164     0.08299    -0.07198
     0.64244     0.22463    -0.21741     0.16495    -3.13222     0.07794    -0.07492
     0.71844     0.27388    -0.26857     0.19394    -2.84094     0.07603    -0.08158
     0.79544     0.34329    -0.34105     0.22896    -2.63443     0.07742    -0.08800
     0.87144     0.39025    -0.39191     0.26982    -2.48537     0.08125    -0.09065
     0.94744     0.38079    -0.38508     0.29990    -2.27367     0.08731    -0.08933
     1.02444     0.32010    -0.32346     0.29437    -1.96663     0.09465    -0.08629
     1.10044     0.24231    -0.24288     0.25021    -1.64356     0.09912    -0.08281
     1.17744     0.17614    -0.17611     0.19250    -1.36928     0.09503    -0.07796
     1.25344     0.12956    -0.13245     0.14822    -1.12469     0.08085    -0.07062
     1.32944     0.09852    -0.10524     0.12335    -0.88246     0.06169    -0.06130
     1.40644     0.07872    -0.08711     0.10754    -0.66753     0.04499    -0.05172
     1.48244     0.06786    -0.07517     0.09293    -0.50588     0.03472    -0.04353
     1.55844     0.06336    -0.06838     0.08198    -0.38052     0.03063    -0.03797
     1.63544     0.06308    -0.06600     0.07850    -0.26480     0.03236    -0.03724
     1.71144     0.06838    -0.06989     0.07984    -0.16220     0.04371    -0.04666
     1.78744     0.08329    -0.08406     0.08167    -0.09049     0.07174    -0.07368
     1.86444     0.10844    -0.10895     0.08306    -0.05337     0.11767    -0.11920
     1.94044     0.13568    -0.13601     0.08303    -0.03907     0.16673    -0.16767
     2.01644     0.15111    -0.15098     0.07864    -0.03460     0.19244    -0.19254
     2.09344     0.14633    -0.14565     0.07019    -0.03498     0.18012    -0.17936
     2.16944     0.12768    -0.12606     0.06451    -0.04592     0.14152    -0.14029
     2.24544     0.10979    -0.10629     0.06808    -0.08392     0.10168    -0.10047
     2.32244     0.10319    -0.09616     0.07810    -0.16755     0.07684    -0.07566
     2.39844     0.10847    -0.09686     0.08465    -0.29290     0.06767    -0.06661
     2.47444     0.11951    -0.10486     0.08234    -0.41400     0.06725    -0.06675
     2.55144     0.12926    -0.11680     0.07604    -0.46854     0.06934    -0.06985
     2.62744     0.13494    -0.13092     0.07289    -0.43444     0.07161    -0.07327
     2.70444     0.13856    -0.14544     0.07307    -0.34833     0.07466    -0.07721
     2.78044     0.14342    -0.15768     0.07250    -0.26360     0.07942    -0.08253
     2.85644     0.15106    -0.16605     0.07157    -0.20705     0.08627    -0.08941
     2.93344     0.16199    -0.17186     0.07443    -0.17548     0.09572    -0.09771
     3.00944     0.17766    -0.17868     0.08068    -0.15485     0.10929    -0.10791
     3.08544     0.20053    -0.19206     0.08373    -0.13624     0.12884    -0.12248
     3.16244     0.23191    -0.21801     0.07894    -0.12163     0.15389    -0.14471
     3.23844     0.26553    -0.25453     0.07080    -0.11765     0.17761    -0.17207
     3.31444     0.28336    -0.28302     0.06932    -0.12287     0.18589    -0.19066
     3.39144     0.26705    -0.27891     0.07922    -0.12622     0.16709    -0.18229
     3.46744     0.21787    -0.23705     0.09428    -0.12063     0.12486    -0.14398
     3.54344     0.15874    -0.17881     0.10495    -0.11073     0.07753    -0.09286
     3.62044     0.11228    -0.12921     0.11095    -0.10343     0.04259    -0.05041
     3.69644     0.08504    -0.09594     0.12090    -0.09874     0.02496    -0.02550
     3.77244     0.07246    -0.07355     0.13880    -0.09502     0.01996    -0.01441
     3.84944     0.06945    -0.05743     0.15684    -0.09426     0.02141    -0.01040
     3.92544     0.07188    -0.04780     0.16505    -0.09625     0.02498    -0.00937
     4.00144     0.07492    -0.04495     0.16176    -0.09553     0.02798    -0.00975
     4.07844     0.07506    -0.04709     0.15210    -0.09086     0.02934    -0.01105
     4.15444     0.07292    -0.05298     0.13946    -0.09306     0.02945    -0.01337
     4.23044     0.07179    -0.06338     0.12412    -0.11501     0.02896    -0.01710
     4.30744     0.07325    -0.07754     0.10689    -0.15357     0.02760    -0.02209
     4.38344     0.07529    -0.08985     0.09190    -0.18781     0.02461    -0.02691
     4.46044     0.07425    -0.09311     0.08295    -0.19891     0.02016    -0.02957
     4.53644     0.06863    -0.08579     0.08003    -0.18704     0.01545    -0.02926
     4.61244     0.06120    -0.07441     0.08047    -0.16518     0.01187    -0.02695
     4.68944     0.05702    -0.06751     0.08155    -0.14301     0.01009    -0.02423
     4.76544     0.05795    -0.06768     0.08028    -0.12299     0.00993    -0.02179
     4.84144     0.06003    -0.07003     0.07445    -0.10624     0.01063    -0.01932
     4.91844     0.05818    -0.06807     0.06620    -0.09482     0.01152    -0.01656
     4.99444     0.05292    -0.06126     0.06097    -0.08918     0.01247    -0.01423
     5.07044     0.05043    -0.05582     0.06013    -0.08655     0.01388    -0.01351
     5.14744     0.05622    -0.05819     0.05942    -0.08304     0.01653    -0.01513
     5.22344     0.06950    -0.06866     0.05609    -0.07729     0.02093    -0.01900
     5.29944     0.08288    -0.08091     0.05388    -0.07272     0.02631    -0.02425
     5.37644     0.08893    -0.08748     0.05869    -0.07427     0.03063    -0.02933
     5.45244     0.08825    -0.08683     0.07104    -0.08233     0.03251    -0.03262
     5.52844     0.08970    -0.08501     0.08426    -0.09192     0.03284    -0.03349
     5.60544     0.10182    -0.09009     0.09018    -0.09856     0.03417    -0.03298
     5.68144     0.12476    -0.10471     0.08715    -0.10247     0.03874    -0.03300
     5.75744     0.14882    -0.12369     0.08171    -0.10547     0.04616    -0.03507
     5.83444     0.16083    -0.13778     0.08204    -0.10647     0.05283    -0.03900
     5.91044     0.15440    -0.14087     0.09093    -0.10309     0.05421    -0.04287
     5.98744     0.13528    -0.13471     0.10414    -0.09682     0.04888    -0.04457
     6.06344     0.11648    -0.12676     0.11323    -0.09395     0.03960    -0.04341
     6.13944     0.10821    -0.12327     0.11144    -0.10005     0.03086    -0.04003
     6.21644     0.11109    -0.12442     0.09917    -0.11331     0.02527    -0.03536
     6.29244     0.11593    -0.12495     0.08377    -0.12367     0.02272    -0.03048
     6.36844     0.11208    -0.11952     0.07342    -0.12073     0.02124    -0.02627
     6.44544     0.09773    -0.10761     0.07169    -0.10425     0.01906    -0.02286
     6.52144     0.08195    -0.09360     0.07643    -0.08456     0.01603    -0.01956
     6.59744     0.07542    -0.08298     0.08211    -0.07292     0.01347    -0.01601
     6.67444     0.08049    -0.07873     0.08504    -0.07301     0.01267    -0.01304
     6.75044     0.09057    -0.07970     0.08597    -0.08040     0.01389    -0.01196
     6.82644     0.09851    -0.08271     0.08784    -0.08834     0.01697    -0.01339
     6.90344     0.10398    -0.08680     0.09311    -0.09347     0.02202    -0.01703
     6.97944     0.11182    -0.09425     0.10233    -0.09648     0.02899    -0.02204
     7.05544     0.12500    -0.10660     0.11241    -0.09939     0.03659    -0.02744
     7.13244     0.14078    -0.12190     0.11715    -0.10418     0.04241    -0.03223
     7.20844     0.15278    -0.13653     0.11317    -0.11133     0.04428    -0.03572
     7.28444     0.15864    -0.14995     0.10389    -0.11828     0.04175    -0.03777
     7.36144     0.16709    -0.16909     0.09660    -0.12181     0.03624    -0.03822
     7.43744     0.19373    -0.20535     0.09652    -0.12198     0.02991    -0.03675
     7.51444     0.24176    -0.25968     0.10241    -0.12151     0.02432    -0.03337
     7.59044     0.28674    -0.30836     0.10629    -0.12174     0.01999    -0.02878
     7.66644     0.29123    -0.31514     0.09981    -0.12091     0.01663    -0.02395
     7.74344     0.24206    -0.26702     0.08298    -0.11581     0.01388    -0.01971
     7.81944     0.16603    -0.18950     0.06528    -0.10424     0.01174    -0.01640
     7.89544     0.10135    -0.12005     0.05725    -0.08723     0.01055    -0.01391
     7.97244     0.06534    -0.07636     0.06204    -0.07029     0.01068    -0.01204
     8.04844     0.05278    -0.05476     0.07427    -0.06096     0.01201    -0.01084
     8.12444     0.05140    -0.04607     0.08714    -0.06336     0.01374    -0.01066
     8.20144     0.05233    -0.04444     0.10134    -0.07455     0.01473    -0.01170
     8.27744     0.05169    -0.04668     0.12671    -0.08575     0.01447    -0.01356
     8.35344     0.04938    -0.04999     0.17218    -0.08901     0.01364    -0.01541
     8.43044     0.04718    -0.05209     0.23133    -0.08371     0.01360    -0.01675
     8.50644     0.04683    -0.05249     0.27868    -0.07650     0.01565    -0.01815
     8.58244     0.04926    -0.05256     0.28674    -0.07403     0.02098    -0.02144
     8.65944     0.05561    -0.05489     0.25261    -0.07676     0.03123    -0.02926
     8.73544     0.06718    -0.06186     0.20006    -0.08125     0.04762    -0.04370
     8.81144     0.08310    -0.07330     0.15691    -0.08706     0.06747    -0.06270
     8.88844     0.09872    -0.08548     0.13499    -0.09829     0.08239    -0.07822
     8.96444     0.10877    -0.09414     0.12924    -0.11840     0.08401    -0.08159
     9.04044     0.11178    -0.09841     0.12863    -0.14626     0.07259    -0.07199
     9.11744     0.11003    -0.10019     0.12575    -0.17773     0.05668    -0.05674
     9.19344     0.10599    -0.10015     0.11972    -0.20963     0.04423    -0.04337
     9.27044     0.10099    -0.09762     0.11332    -0.23905     0.03707    -0.03461
     9.34644     0.09571    -0.09346     0.10856    -0.25782     0.03287    -0.02982
     9.42244     0.09060    -0.08969     0.10550    -0.25365     0.02925    -0.02754
     9.49944     0.08610    -0.08708     0.10353    -0.22368     0.02544    -0.02630
     9.57544     0.08291    -0.08512     0.10256    -0.18284     0.02186    -0.02502
     9.65144     0.08241    -0.08426     0.10336    -0.15054     0.01920    -0.02345
     9.72844     0.08577    -0.08600     0.10614    -0.13424     0.01798    -0.02193
     9.80444     0.09220    -0.09082     0.10917    -0.12802     0.01818    -0.02084
     9.88044     0.09929    -0.09693     0.11031    -0.12302     0.01929    -0.02024
     9.95744     0.10511    -0.10213     0.10881    -0.11578     0.02068    -0.01998
    10.03344     0.10886    -0.10605     0.10477    -0.10862     0.02186    -0.02003
    10.10944     0.10990    -0.10941     0.09883    -0.10450     0.02248    -0.02050
    10.18644     0.10775    -0.11182     0.09324    -0.10326     0.02230    -0.02125
    10.26244     0.10348    -0.11185     0.09062    -0.10240     0.02144    -0.02170
    10.33844     0.09919    -0.10910     0.09187    -0.10110     0.02043    -0.02142
    10.41544     0.09592    -0.10467     0.09553    -0.10082     0.01975    -0.02057
    10.49144     0.09302    -0.09940     0.09846    -0.10128     0.01948    -0.01970
    10.56744     0.09022    -0.09362     0.09740    -0.09978     0.01948    -0.01914
    10.64444     0.08955    -0.08894     0.09216    -0.09504     0.01986    -0.01899
    10.72044     0.09361    -0.08839     0.08684    -0.08862     0.02093    -0.01931
    10.79744     0.10197    -0.09385     0.08553    -0.08268     0.02248    -0.02013
    10.87344     0.11238    -0.10526     0.08770    -0.07847     0.02357    -0.02114
    10.94944     0.12713    -0.12433     0.09015    -0.07692     0.02323    -0.02180
    11.02644     0.15474    -0.15716     0.09339    -0.07871     0.02145    -0.02206
    11.10244     0.20013    -0.20579     0.10282    -0.08372     0.01928    -0.02232
    11.17844     0.25224    -0.25676     0.12280    -0.09089     0.01792    -0.02262
    11.25544     0.28976    -0.28849     0.15164    -0.09783     0.01813    -0.02265
    11.33144     0.30346    -0.29519     0.18334    -0.10160     0.02036    -0.02270
    11.40744     0.30409    -0.29468     0.21132    -0.10148     0.02487    -0.02412
    11.48444     0.30798    -0.30706     0.23080    -0.10011     0.03110    -0.02811
    11.56044     0.32053    -0.33251     0.23964    -0.10030     0.03734    -0.03419
    11.63644     0.33332    -0.35209     0.23898    -0.10225     0.04150    -0.03993
    11.71344     0.33198    -0.34563     0.23328    -0.10638     0.04254    -0.04273
    11.78944     0.30879    -0.30892     0.22713    -0.11743     0.04060    -0.04159
    11.86544     0.26880    -0.25634     0.22106    -0.14205     0.03642    -0.03727
    11.94244     0.22351    -0.20693     0.21371    -0.17998     0.03096    -0.03148
    12.01844     0.18238    -0.17040     0.20894    -0.21938     0.02515    -0.02576
    12.09444     0.15096    -0.14577     0.21868    -0.24452     0.01989    -0.02087
    12.17144     0.13171    -0.12903     0.25690    -0.24906     0.01606    -0.01712
    12.24744     0.12295    -0.11881     0.32619    -0.23878     0.01421    -0.01484
    12.32444     0.11912    -0.11540     0.40648    -0.22306     0.01414    -0.01420
    12.40044     0.11492    -0.11725     0.46032    -0.20747     0.01498    -0.01477
    12.47644     0.10953    -0.11973     0.45652    -0.19433     0.01595    -0.01567
    12.55344     0.10548    -0.11840     0.39220    -0.18546     0.01679    -0.01626
    12.62944     0.10348    -0.11265     0.29424    -0.18064     0.01746    -0.01654
    12.70544     0.10134    -0.10512     0.20122    -0.17557     0.01786    -0.01685
    12.78244     0.09764    -0.09828     0.13829    -0.16637     0.01804    -0.01730
    12.85844     0.09413    -0.09350     0.10768    -0.15680     0.01856    -0.01780
    12.93444     0.09385    -0.09215     0.09816    -0.15846     0.02019    -0.01864
    13.01144     0.09820    -0.09498     0.09879    -0.18245     0.02310    -0.02027
    13.08744     0.10573    -0.10027     0.10376    -0.22984     0.02641    -0.02266
    13.16344     0.11244    -0.10428     0.11041    -0.28578     0.02882    -0.02513
    13.24044     0.11341    -0.10493     0.11587    -0.32321     0.02943    -0.02702
    13.31644     0.10636    -0.10327     0.11608    -0.32348     0.02824    -0.02831
    13.39244     0.09387    -0.10143     0.10863    -0.29795     0.02593    -0.02914
    13.46944     0.08179    -0.09961     0.09579    -0.27977     0.02358    -0.02945
    13.54544     0.07543    -0.09648     0.08327    -0.28634     0.02244    -0.02921
    13.62144     0.07734    -0.09264     0.07616    -0.29886     0.02374    -0.02917
    13.69844     0.08794    -0.09213     0.07605    -0.28477     0.02871    -0.03137
    13.77444     0.10746    -0.09997     0.08171    -0.23596     0.03834    -0.03807
    13.85044     0.13514    -0.11769     0.09120    -0.17426     0.05163    -0.04909
    13.92744     0.16508    -0.14055     0.10237    -0.12446     0.06350    -0.05976
    14.00344     0.18573    -0.15976     0.11191    -0.09510     0.06731    -0.06367
    14.08044     0.18749    -0.16826     0.11632    -0.08272     0.06130    -0.05905
    14.15644     0.17067    -0.16473     0.11431    -0.08155     0.05020    -0.05017
    14.23244     0.14460    -0.15261     0.10777    -0.08622     0.04007    -0.04208
    14.30944     0.12023    -0.13677     0.09975    -0.09191     0.03343    -0.03627
    14.38544     0.10422    -0.12138     0.09330    -0.09550     0.02980    -0.03188
    14.46144     0.09835    -0.10942     0.09111    -0.09633     0.02816    -0.02847
    14.53844     0.10126    -0.10290     0.09497    -0.09590     0.02810    -0.02637
    14.61444     0.10911    -0.10267     0.10389    -0.09634     0.02933    -0.02592
    14.69044     0.11659    -0.10756     0.11332    -0.09858     0.03080    -0.02678
    14.76744     0.11942    -0.11391     0.11718    -0.10119     0.03105    -0.02798
    14.84344     0.11674    -0.11797     0.11238    -0.10183     0.02956    -0.02856
    14.91944     0.11031    -0.11850     0.10183    -0.10002     0.02717    -0.02844
    14.99644     0.10254    -0.11680     0.09351    -0.09720     0.02498    -0.02816
    15.07244     0.09597    -0.11460     0.09738    -0.09419     0.02312    -0.02780
    15.14844     0.09505    -0.11460     0.12215    -0.09056     0.02119    -0.02660
    15.22544     0.10747    -0.12290     0.16932    -0.08634     0.01925    -0.02405
    15.30144     0.13901    -0.14598     0.22612    -0.08253     0.01783    -0.02070
    15.37744     0.18393    -0.18066     0.26800    -0.07945     0.01728    -0.01775
    15.45444     0.22368    -0.21087     0.27513    -0.07762     0.01746    -0.01605
    15.53044     0.24284    -0.22208     0.24797    -0.08063     0.01807    -0.01573
    15.60744     0.24225    -0.21748     0.20548    -0.09588     0.01889    -0.01643
    15.68344     0.23217    -0.20956     0.16840    -0.13009     0.01977    -0.01771
    15.75944     0.21697    -0.20210     0.14583    -0.18095     0.02067    -0.01919
    15.83644     0.19723    -0.19054     0.13628    -0.23270     0.02175    -0.02039
    15.91244     0.17865    -0.17538     0.13563    -0.26320     0.02340    -0.02105
    15.98844     0.16923    -0.16472     0.14063    -0.25995     0.02599    -0.02151
    16.06544     0.16987    -0.16401     0.14797    -0.22989     0.02922    -0.02246
    16.14144     0.17299    -0.16933     0.15497    -0.19290     0.03208    -0.02432
    16.21744     0.17008    -0.17151     0.16307    -0.16508     0.03352    -0.02695
    16.29444     0.15978    -0.16559     0.17873    -0.14996     0.03331    -0.02988
    16.37044     0.14782    -0.15451     0.20585    -0.14276     0.03207    -0.03239
    16.44644     0.13977    -0.14419     0.23556    -0.13904     0.03055    -0.03377
    16.52344     0.13565    -0.13691     0.24808    -0.13734     0.02939    -0.03390
    16.59944     0.13157    -0.13128     0.23149    -0.13677     0.02960    -0.03392
    16.67544     0.12486    -0.12581     0.19610    -0.13584     0.03274    -0.03602
    16.75244     0.11677    -0.12047     0.16504    -0.13400     0.03957    -0.04171
    16.82844     0.11069    -0.11632     0.15443    -0.13285     0.04786    -0.04951
    16.90444     0.10873    -0.11422     0.16470    -0.13498     0.05265    -0.05470
    16.98144     0.11047    -0.11448     0.18448    -0.14203     0.05045    -0.05308
    17.05744     0.11374    -0.11674     0.19836    -0.15370     0.04277    -0.04527
    17.13344     0.11616    -0.12007     0.19588    -0.16809     0.03466    -0.03607
    17.21044     0.11646    -0.12289     0.17753    -0.18207     0.02988    -0.02984
    17.28644     0.11513    -0.12387     0.15246    -0.19269     0.02842    -0.02772
    17.36344     0.11308    -0.12279     0.13084    -0.19913     0.02792    -0.02838
    17.43944     0.11033    -0.12048     0.11714    -0.20217     0.02649    -0.02963
    17.51544     0.10644    -0.11745     0.10940    -0.20150     0.02400    -0.02954
    17.59244     0.10218    -0.11351     0.10372    -0.19577     0.02137    -0.02734
    17.66844     0.09938    -0.10851     0.09973    -0.18476     0.01935    -0.02380
    17.74444     0.09934    -0.10289     0.10022    -0.16837     0.01804    -0.02029
    17.82144     0.10231    -0.09781     0.10663    -0.14663     0.01754    -0.01767
    17.89744     0.10800    -0.09523     0.11667    -0.12359     0.01835    -0.01628
    17.97344     0.11505    -0.09704     0.12610    -0.10716     0.02049    -0.01634
    18.05044     0.12128    -0.10398     0.13165    -0.10261     0.02299    -0.01802
    18.12644     0.12507    -0.11461     0.13346    -0.10786     0.02471    -0.02094
    18.20244     0.12648    -0.12534     0.13589    -0.11586     0.02551    -0.02417
    18.27944     0.12689    -0.13238     0.14448    -0.12059     0.02616    -0.02682
    18.35544     0.12854    -0.13500     0.16046    -0.12123     0.02730    -0.02849
    18.43144     0.13313    -0.13644     0.17759    -0.12149     0.02891    -0.02930
    18.50844     0.14051    -0.14115     0.18650    -0.12522     0.03060    -0.02967
    18.58444     0.14953    -0.15096     0.18315    -0.13272     0.03232    -0.03018
    18.66044     0.15951    -0.16341     0.17213    -0.14100     0.03440    -0.03134
    18.73744     0.16918    -0.17322     0.16039    -0.14745     0.03694    -0.03334
    18.81344     0.17594    -0.17628     0.15050    -0.15196     0.03929    -0.03604
    18.89044     0.17850    -0.17354     0.14219    -0.15492     0.04044    -0.03891
    18.96644     0.17835    -0.16992     0.13647    -0.15525     0.04004    -0.04112
    19.04244     0.17688    -0.16943     0.13574    -0.15199     0.03849    -0.04170
    19.11944     0.17420    -0.17153     0.14009    -0.14672     0.03643    -0.04003
    19.19544     0.17149    -0.17310     0.14617    -0.14268     0.03458    -0.03671
    19.27144     0.17171    -0.17300     0.14938    -0.14166     0.03366    -0.03332
    19.34844     0.17629    -0.17386     0.14683    -0.14297     0.03370    -0.03137
    19.42444     0.18270    -0.17903     0.13883    -0.14452     0.03385    -0.03119
    19.50044     0.18694    -0.18771     0.12867    -0.14401     0.03339    -0.03186
    19.57744     0.18635    -0.19360     0.12069    -0.13971     0.03241    -0.03216
    19.65344     0.18018    -0.19002     0.11765    -0.13171     0.03145    -0.03166
    19.72944     0.16945    -0.17605     0.12048    -0.12258     0.03058    -0.03083
    19.80644     0.15723    -0.15688     0.12856    -0.11634     0.02943    -0.03000
    19.88244     0.14707    -0.13919     0.13921    -0.11608     0.02764    -0.02883
    19.95844     0.14050    -0.12774     0.14778    -0.12171     0.02526    -0.02698
    20.03544     0.13638    -0.12412     0.15026    -0.12998     0.02262    -0.02488
    20.11144     0.13338    -0.12715     0.14584    -0.13691     0.02035    -0.02347
    20.18744     0.13167    -0.13356     0.13726    -0.14024     0.01929    -0.02320
    20.26444     0.13279    -0.14003     0.12900    -0.14019     0.02014    -0.02347
    20.34044     0.13780    -0.14464     0.12634    -0.13836     0.02312    -0.02338
    20.41744     0.14629    -0.14781     0.13299    -0.13708     0.02779    -0.02307
    20.49344     0.15584    -0.15118     0.14738    -0.13891     0.03290    -0.02374
    20.56944     0.16278    -0.15577     0.16163    -0.14458     0.03697    -0.02638
    20.64644     0.16373    -0.16050     0.16704    -0.15164     0.03916    -0.03048
    20.72244     0.15800    -0.16229     0.16118    -0.15558     0.03963    -0.03438
    20.79844     0.14826    -0.15801     0.14850    -0.15350     0.03844    -0.03691
    20.87544     0.13891    -0.14784     0.13537    -0.14641     0.03521    -0.03796
    20.95144     0.13287    -0.13577     0.12599    -0.13799     0.03023    -0.03745
    21.02744     0.12984    -0.12670     0.12185    -0.13165     0.02495    -0.03471
    21.10444     0.12737    -0.12287     0.12257    -0.12862     0.02092    -0.02994
    21.18044     0.12411    -0.12299     0.12633    -0.12829     0.01860    -0.02481
    21.25644     0.12089    -0.12456     0.13038    -0.12935     0.01756    -0.02110
    21.33344     0.11927    -0.12576     0.13299    -0.13001     0.01729    -0.01924
    21.40944     0.11977    -0.12553     0.13464    -0.12850     0.01743    -0.01849
    21.48544     0.12230    -0.12387     0.13707    -0.12440     0.01766    -0.01801
    21.56244     0.12613    -0.12249     0.14054    -0.11994     0.01776    -0.01740
    21.63844     0.12933    -0.12354     0.14322    -0.11870     0.01766    -0.01676
    21.71444     0.13011    -0.12706     0.14341    -0.12270     0.01741    -0.01639
    21.79144     0.12919    -0.13110     0.14206    -0.13111     0.01728    -0.01651
    21.86744     0.12930    -0.13470     0.14186    -0.14105     0.01761    -0.01726
    21.94344     0.13221    -0.13880     0.14408    -0.14918     0.01853    -0.01867
    22.02044     0.13695    -0.14342     0.14673    -0.15253     0.01974    -0.02036
    22.09644     0.14117    -0.14622     0.14691    -0.14923     0.02073    -0.02146
    22.17344     0.14627    -0.14708     0.14455    -0.14009     0.02113    -0.02127
    22.24944     0.16196    -0.15512     0.14260    -0.12966     0.02091    -0.02009
    22.32544     0.20401    -0.18869     0.14321    -0.12379     0.02032    -0.01890
    22.40244     0.28034    -0.26093     0.14480    -0.12546     0.01963    -0.01835
    22.47844     0.37178    -0.35664     0.14419    -0.13319     0.01888    -0.01830
    22.55444     0.43093    -0.42701     0.14123    -0.14279     0.01831    -0.01827
    22.63144     0.41634    -0.42535     0.13896    -0.14973     0.01866    -0.01803
    22.70744     0.33474    -0.35289     0.13927    -0.15148     0.02072    -0.01773
    22.78344     0.23498    -0.25652     0.14106    -0.14773     0.02412    -0.01796
    22.86044     0.16072    -0.18045     0.14284    -0.14052     0.02711    -0.01947
    22.93644     0.12301    -0.13812     0.14483    -0.13334     0.02781    -0.02239
    23.01244     0.11174    -0.12158     0.14728    -0.12936     0.02615    -0.02556
    23.08944     0.11482    -0.11974     0.14898    -0.12970     0.02381    -0.02726
    23.16544     0.12435    -0.12428     0.14889    -0.13323     0.02273    -0.02698
    23.24144     0.13547    -0.12931     0.14728    -0.13763     0.02372    -0.02587
    23.31844     0.14537    -0.13171     0.14492    -0.13990     0.02623    -0.02530
    23.39444     0.15301    -0.13162     0.14194    -0.13817     0.02882    -0.02569
    23.47044     0.15845    -0.13176     0.13846    -0.13346     0.03005    -0.02665
    23.54744     0.16177    -0.13489     0.13490    -0.12866     0.02943    -0.02760
    23.62344     0.16291    -0.14144     0.13214    -0.12588     0.02746    -0.02795
    23.70044     0.16194    -0.14932     0.13087    -0.12541     0.02493    -0.02727
    23.77644     0.15885    -0.15603     0.13076    -0.12677     0.02235    -0.02564
    23.85244     0.15389    -0.15970     0.13121    -0.12885     0.01994    -0.02352
    23.92944     0.14855    -0.15903     0.13315    -0.13012     0.01801    -0.02130
    24.00544     0.14515    -0.15450     0.13833    -0.12984     0.01702    -0.01924
    24.08144     0.14497    -0.14945     0.14621    -0.12902     0.01733    -0.01775
    24.15844     0.14715    -0.14777     0.15276    -0.12887     0.01895    -0.01752
    24.23444     0.14952    -0.15014     0.15409    -0.12842     0.02136    -0.01879
    24.31044     0.14985    -0.15313     0.15007    -0.12584     0.02340    -0.02086
    24.38744     0.14740    -0.15307     0.14388    -0.12186     0.02410    -0.02249
    24.46344     0.14388    -0.15011     0.13865    -0.12056     0.02352    -0.02304
    24.53944     0.14235    -0.14835     0.13558    -0.12542     0.02275    -0.02295
    24.61644     0.14538    -0.15178     0.13492    -0.13501     0.02300    -0.02318
    24.69244     0.15373    -0.16076     0.13725    -0.14402     0.02480    -0.02434
    24.76844     0.16454    -0.17198     0.14288    -0.14820     0.02784    -0.02648
    24.84544     0.17070    -0.17950     0.14985    -0.14659     0.03140    -0.02922
    24.92144     0.16640    -0.17708     0.15453    -0.14002     0.03483    -0.03187
    24.99744     0.15435    -0.16324     0.15514    -0.12983     0.03755    -0.03381
    25.07444     0.14409    -0.14524     0.15354    -0.12016     0.03857    -0.03491
    25.15044     0.14326    -0.13492     0.15270    -0.11755     0.03708    -0.03531
    25.22744     0.15287    -0.14003     0.15344    -0.12607     0.03362    -0.03505
    25.30344     0.16964    -0.15975     0.15530    -0.14349     0.02983    -0.03411
    25.37944     0.18935    -0.18587     0.15884    -0.16293     0.02706    -0.03275
    25.45644     0.20754    -0.20660     0.16614    -0.17683     0.02561    -0.03125
    25.53244     0.21987    -0.21311     0.17875    -0.17992     0.02477    -0.02941
    25.60844     0.22348    -0.20664     0.19588    -0.17190     0.02354    -0.02694
    25.68544     0.21756    -0.19791     0.21399    -0.15791     0.02153    -0.02407
    25.76144     0.20361    -0.19678     0.22864    -0.14503     0.01908    -0.02142
    25.83744     0.18632    -0.20256     0.23756    -0.13762     0.01686    -0.01937
    25.91444     0.17207    -0.20634     0.24175    -0.13634     0.01531    -0.01794
    25.99044     0.16497    -0.20116     0.24422    -0.13941     0.01444    -0.01701
    26.06644     0.16568    -0.18892     0.24744    -0.14435     0.01395    -0.01638
    26.14344     0.17277    -0.17693     0.25114    -0.14999     0.01355    -0.01573
    26.21944     0.18364    -0.17015     0.25064    -0.15753     0.01314    -0.01489
    26.29544     0.19407    -0.16907     0.24070    -0.17008     0.01275    -0.01390
    26.37244     0.19981    -0.17229     0.22198    -0.19031     0.01246    -0.01298
    26.44844     0.19924    -0.17804     0.20266    -0.21781     0.01238    -0.01241
    26.52444     0.19462    -0.18394     0.19213    -0.24739     0.01265    -0.01250
    26.60144     0.19057    -0.18778     0.19306    -0.27149     0.01344    -0.01348
    26.67744     0.19010    -0.18978     0.19876    -0.28545     0.01484    -0.01529
    26.75344     0.19174    -0.19151     0.19833    -0.28960     0.01651    -0.01734
    26.83044     0.19107    -0.19230     0.18580    -0.28480     0.01777    -0.01874
    26.90644     0.18624    -0.18922     0.16470    -0.26956     0.01808    -0.01880
    26.98344     0.17968    -0.18111     0.14354    -0.24414     0.01745    -0.01755
    27.05944     0.17486    -0.17059     0.12853    -0.21401     0.01629    -0.01566
    27.13544     0.17272    -0.16187     0.12220    -0.18623     0.01504    -0.01388
    27.21244     0.17160    -0.15818     0.12819    -0.16470     0.01406    -0.01271
    27.28844     0.16951    -0.16031     0.15540    -0.14953     0.01351    -0.01232
    27.36444     0.16608    -0.16573     0.21305    -0.13853     0.01346    -0.01259
    27.44144     0.16313    -0.16986     0.29512    -0.12871     0.01401    -0.01316
    27.51744     0.16286    -0.17017     0.37051    -0.11859     0.01545    -0.01376
    27.59344     0.16639    -0.16831     0.40193    -0.10957     0.01801    -0.01447
    27.67044     0.17358    -0.16840     0.38159    -0.10466     0.02152    -0.01561
    27.74644     0.18310    -0.17358     0.33778    -0.10579     0.02529    -0.01740
    27.82244     0.19259    -0.18390     0.30403    -0.11276     0.02851    -0.01980
    27.89944     0.20027    -0.19734     0.28925    -0.12458     0.03071    -0.02275
    27.97544     0.20700    -0.21250     0.28016    -0.14037     0.03172    -0.02621
    28.05144     0.21696    -0.23068     0.26257    -0.15869     0.03177    -0.02981
    28.12844     0.23553    -0.25424     0.23581    -0.17752     0.03169    -0.03283
    28.20444     0.26241    -0.28186     0.20944    -0.19722     0.03244    -0.03466
    28.28044     0.28740    -0.30543     0.19288    -0.22207     0.03427    -0.03556
    28.35744     0.29761    -0.31386     0.18980    -0.25659     0.03650    -0.03620
    28.43344     0.28993    -0.30291     0.19956    -0.30059     0.03833    -0.03675
    28.51044     0.27243    -0.27953     0.21838    -0.34699     0.03934    -0.03701
    28.58644     0.25555    -0.25614     0.23810    -0.38041     0.03934    -0.03719
    28.66244     0.24590    -0.24202     0.24820    -0.38308     0.03832    -0.03767
    28.73944     0.24565    -0.24005     0.24354    -0.35060     0.03669    -0.03822
    28.81544     0.25103    -0.24704     0.22824    -0.29910     0.03463    -0.03800
    28.89144     0.25201    -0.25439     0.21002    -0.25065     0.03156    -0.03616
    28.96844     0.23951    -0.25214     0.19382    -0.21643     0.02705    -0.03246
    29.04444     0.21492    -0.23566     0.18160    -0.19663     0.02189    -0.02743
    29.12044     0.19013    -0.20982     0.17426    -0.18738     0.01759    -0.02222
    29.19744     0.17668    -0.18614     0.17240    -0.18498     0.01507    -0.01816
    29.27344     0.17682    -0.17426     0.17538    -0.18626     0.01421    -0.01590
    29.34944     0.18403    -0.17560     0.18116    -0.18838     0.01431    -0.01516
    29.42644     0.18874    -0.18413     0.18728    -0.18882     0.01462    -0.01510
    29.50244     0.18536    -0.19195     0.19267    -0.18665     0.01460    -0.01502
    29.57844     0.17610    -0.19424     0.19754    -0.18338     0.01417    -0.01475
    29.65544     0.16764    -0.19036     0.20101    -0.18169     0.01345    -0.01445
    29.73144     0.16448    -0.18223     0.20085    -0.18311     0.01263    -0.01416
    29.80744     0.16763    -0.17310     0.19650    -0.18743     0.01200    -0.01374
    29.88444     0.17956    -0.16800     0.19085    -0.19368     0.01217    -0.01324
    29.96044     0.20617    -0.17460     0.18782    -0.20124     0.01371    -0.01316
    30.03644     0.24948    -0.19988     0.18854    -0.21005     0.01638    -0.01413
    30.11344     0.29774    -0.24278     0.19067    -0.21924     0.01903    -0.01625
    30.18944     0.32838    -0.28880     0.19105    -0.22518     0.02040    -0.01870
    30.26644     0.32634    -0.31691     0.18825    -0.22234     0.02023    -0.02029
    30.34244     0.29750    -0.31454     0.18298    -0.20807     0.01929    -0.02035
    30.41844     0.26273    -0.28747     0.17741    -0.18619     0.01868    -0.01917
    30.49544     0.24012    -0.25412     0.17380    -0.16508     0.01890    -0.01756
    30.57144     0.23562    -0.23291     0.17281    -0.15269     0.01963    -0.01647
    30.64744     0.24491    -0.23245     0.17444    -0.15189     0.02017    -0.01658
    30.72444     0.25927    -0.24840     0.17947    -0.15902     0.02016    -0.01787
    30.80044     0.26964    -0.26958     0.18812    -0.16791     0.01971    -0.01949
    30.87644     0.27062    -0.28620     0.19798    -0.17598     0.01897    -0.02044
    30.95344     0.26583    -0.29406     0.20533    -0.18452     0.01807    -0.02045
    31.02944     0.26617    -0.29314     0.20728    -0.19282     0.01725    -0.01991
    31.10544     0.28023    -0.28751     0.20200    -0.19584     0.01676    -0.01927
    31.18244     0.30715    -0.28344     0.19032    -0.18955     0.01665    -0.01861
    31.25844     0.33920    -0.28659     0.17800    -0.17619     0.01701    -0.01792
    31.33444     0.36901    -0.30086     0.17234    -0.16284     0.01802    -0.01739
    31.41144     0.39504    -0.32917     0.17502    -0.15546     0.01972    -0.01746
    31.48744     0.42031    -0.37100     0.18122    -0.15521     0.02173    -0.01846
    31.56344     0.44787    -0.41710     0.18630    -0.15914     0.02348    -0.02029
    31.64044     0.47736    -0.45286     0.19049    -0.16280     0.02480    -0.02238
    31.71644     0.50630    -0.47403     0.19670    -0.16367     0.02625    -0.02427
    31.79344     0.53485    -0.49817     0.20650    -0.16332     0.02865    -0.02619
    31.86944     0.56301    -0.55154     0.21800    -0.16606     0.03198    -0.02889
    31.94544     0.58566    -0.64116     0.22681    -0.17408     0.03496    -0.03250
    32.02244     0.59803    -0.74044     0.22977    -0.18462     0.03630    -0.03587
    32.09844     0.60976    -0.81099     0.22794    -0.19212     0.03608    -0.03750
    32.17444     0.64785    -0.83777     0.22569    -0.19292     0.03550    -0.03700
    32.25144     0.74247    -0.84817     0.22622    -0.18789     0.03540    -0.03547
    32.32744     0.91150    -0.90480     0.22861    -0.18190     0.03526    -0.03420
    32.40344     1.16004    -1.07794     0.22875    -0.18041     0.03390    -0.03342
    32.48044     1.48523    -1.41127     0.22277    -0.18594     0.03077    -0.03217
    32.55644     1.87536    -1.90077     0.21055    -0.19722     0.02660    -0.02963
    32.63244     2.31557    -2.48967     0.19648    -0.21108     0.02252    -0.02618
    32.70944     2.79792    -3.09977     0.18661    -0.22319     0.01915    -0.02281
    32.78544     3.33747    -3.66264     0.18377    -0.22785     0.01661    -0.02003
    32.86144     3.98708    -4.18092     0.18540    -0.22156     0.01488    -0.01780
    32.93844     4.87098    -4.78848     0.18640    -0.20788     0.01387    -0.01609
    33.01444     6.19232    -5.76543     0.18516    -0.19572     0.01349    -0.01511
    33.09044     8.08650    -7.39331     0.18500    -0.19091     0.01380    -0.01495
    33.16744    10.35530    -9.64880     0.18945    -0.19178     0.01486    -0.01541
    33.24344    12.40163   -12.00799     0.19710    -0.19357     0.01657    -0.01617
    33.32044    13.53075   -13.65224     0.20373    -0.19423     0.01870    -0.01710
    33.39644    13.50096   -13.98691     0.20703    -0.19454     0.02112    -0.01827
    33.47244    12.56151   -13.02698     0.20703    -0.19575     0.02361    -0.01974
    33.54944    11.13383   -11.31354     0.20353    -0.19881     0.02548    -0.02168
    33.62544     9.48120    -9.39888     0.19691    -0.20368     0.02591    -0.02410
    33.70144     7.74352    -7.59899     0.18970    -0.20768     0.02486    -0.02634
    33.77844     6.09582    -6.01748     0.18496    -0.20717     0.02323    -0.02711
    33.85444     4.69362    -4.71876     0.18307    -0.20105     0.02173    -0.02588
    33.93044     3.58882    -3.73199     0.18222    -0.19127     0.02047    -0.02359
    34.00744     2.75851    -2.99412     0.18099    -0.18015     0.01944    -0.02158
    34.08344     2.18702    -2.41692     0.17919    -0.16972     0.01895    -0.02032
    34.15944     1.85552    -1.96242     0.17777    -0.16235     0.01946    -0.01966
    34.23644     1.69160    -1.63024     0.17805    -0.15950     0.02112    -0.01957
    34.31244     1.57448    -1.39702     0.18076    -0.15977     0.02358    -0.02030
    34.38844     1.40920    -1.22081     0.18592    -0.16049     0.02590    -0.02192
    34.46544     1.18883    -1.06783     0.19246    -0.16037     0.02698    -0.02404
    34.54144     0.96226    -0.92633     0.19771    -0.15968     0.02619    -0.02564
    34.61744     0.77949    -0.79733     0.19907    -0.15925     0.02381    -0.02568
    34.69444     0.65891    -0.68773     0.19734    -0.16093     0.02086    -0.02391
    34.77044     0.59371    -0.60721     0.19644    -0.16774     0.01846    -0.02117
    34.84644     0.56748    -0.55777     0.19918    -0.18142     0.01720    -0.01867
    34.92344     0.56525    -0.52946     0.20454    -0.19956     0.01695    -0.01706
    34.99944     0.57403    -0.51265     0.20908    -0.21605     0.01714    -0.01634
    35.07644     0.57949    -0.50652     0.21083    -0.22447     0.01726    -0.01623
    35.15244     0.57092    -0.51190     0.21097    -0.22238     0.01722    -0.01643
    35.22844     0.54496    -0.52081     0.21212    -0.21241     0.01734    -0.01669
    35.30544     0.50418    -0.52015     0.21530    -0.20003     0.01801    -0.01697
    35.38144     0.45654    -0.50214     0.22005    -0.19075     0.01944    -0.01755
    35.45744     0.41578    -0.46995     0.22519    -0.18793     0.02131    -0.01887
    35.53444     0.39108    -0.43327     0.22775    -0.19103     0.02285    -0.02084
    35.61044     0.38052    -0.40030     0.22447    -0.19604     0.02349    -0.02265
    35.68644     0.37865    -0.37470     0.21591    -0.19851     0.02344    -0.02344
    35.76344     0.38209    -0.35898     0.20623    -0.19697     0.02336    -0.02331
    35.83944     0.38564    -0.35601     0.19859    -0.19405     0.02346    -0.02309
    35.91544     0.38138    -0.36482     0.19277    -0.19421     0.02349    -0.02347
    35.99244     0.36442    -0.37668     0.18742    -0.20008     0.02316    -0.02432
    36.06844     0.33861    -0.37906     0.18349    -0.20971     0.02239    -0.02496
    36.14444     0.31341    -0.36446     0.18384    -0.21680     0.02141    -0.02476
    36.22144     0.29800    -0.33588     0.18933    -0.21514     0.02065    -0.02360
    36.29744     0.29306    -0.30521     0.19556    -0.20478     0.02055    -0.02201
    36.37344     0.28974    -0.28420     0.19623    -0.19301     0.02108    -0.02089
    36.45044     0.27933    -0.27505     0.19055    -0.18623     0.02185    -0.02077
    36.52644     0.26158    -0.27023     0.18456    -0.18316     0.02240    -0.02149
    36.60344     0.24338    -0.26114     0.18430    -0.17761     0.02237    -0.02241
    36.67944     0.23107    -0.24579     0.19125    -0.16714     0.02161    -0.02278
    36.75544     0.22793    -0.22910     0.20517    -0.15612     0.02060    -0.02209
    36.83244     0.23450    -0.21779     0.22638    -0.15172     0.02031    -0.02063
    36.90844     0.24649    -0.21583     0.25135    -0.15740     0.02127    -0.01944
    36.98444     0.25628    -0.22297     0.26997    -0.17085     0.02290    -0.01945
    37.06144     0.25992    -0.23603     0.27283    -0.18652     0.02419    -0.02069
    37.13744     0.26058    -0.25108     0.26100    -0.20030     0.02481    -0.02251
    37.21344     0.26288    -0.26548     0.24407    -0.21238     0.02513    -0.02422
    37.29044     0.26699    -0.27817     0.22952    -0.22582     0.02541    -0.02553
    37.36644     0.26979    -0.28757     0.21852    -0.24081     0.02547    -0.02633
    37.44244     0.26923    -0.29079     0.21016    -0.25102     0.02508    -0.02646
    37.51944     0.26614    -0.28638     0.20508    -0.24840     0.02438    -0.02575
    37.59544     0.26249    -0.27657     0.20390    -0.23274     0.02375    -0.02433
    37.67144     0.26003    -0.26609     0.20532    -0.21357     0.02356    -0.02274
    37.74844     0.25972    -0.25899     0.20693    -0.20175     0.02397    -0.02168
    37.82444     0.26152    -0.25597     0.20698    -0.20037     0.02475    -0.02167
    37.90044     0.26404    -0.25548     0.20546    -0.20476     0.02545    -0.02273
    37.97744     0.26497    -0.25678     0.20386    -0.20851     0.02566    -0.02429
    38.05344     0.26310    -0.25982     0.20340    -0.20763     0.02534    -0.02555
    38.13044     0.25914    -0.26240     0.20324    -0.20181     0.02466    -0.02590
    38.20644     0.25433    -0.26101     0.20150    -0.19336     0.02380    -0.02533
    38.28244     0.24953    -0.25523     0.19812    -0.18541     0.02296    -0.02436
    38.35944     0.24490    -0.24849     0.19524    -0.17942     0.02248    -0.02362
    38.43544     0.24008    -0.24339     0.19417    -0.17499     0.02259    -0.02335
    38.51144     0.23521    -0.23896     0.19454    -0.17174     0.02320    -0.02344
    38.58844     0.23242    -0.23353     0.19641    -0.17078     0.02390    -0.02367
    38.66444     0.23445    -0.22824     0.20113    -0.17336     0.02421    -0.02391
    38.74044     0.24105    -0.22602     0.20862    -0.17890     0.02395    -0.02412
    38.81744     0.24831    -0.22727     0.21692    -0.18464     0.02350    -0.02430
    38.89344     0.25211    -0.22874     0.22487    -0.18831     0.02356    -0.02436
    38.96944     0.25024    -0.22776     0.23171    -0.19113     0.02442    -0.02432
    39.04644     0.24144    -0.22636     0.23427    -0.19694     0.02549    -0.02443
    39.12244     0.22659    -0.22804     0.22908    -0.20743     0.02585    -0.02495
    39.19844     0.21116    -0.23243     0.21782    -0.21836     0.02535    -0.02575
    39.27544     0.20394    -0.23620     0.20761    -0.22278     0.02494    -0.02646
    39.35144     0.21050    -0.23860     0.20541    -0.21802     0.02576    -0.02700
    39.42744     0.22949    -0.24190     0.21336    -0.20818     0.02822    -0.02769
    39.50444     0.25434    -0.24720     0.22822    -0.20009     0.03166    -0.02888
    39.58044     0.27635    -0.25268     0.24337    -0.19767     0.03461    -0.03052
    39.65644     0.28711    -0.25623     0.25233    -0.20110     0.03564    -0.03204
    39.73344     0.28240    -0.25741     0.25295    -0.20834     0.03436    -0.03271
    39.80944     0.26564    -0.25740     0.24798    -0.21597     0.03158    -0.03234
    39.88644     0.24545    -0.25696     0.24166    -0.22112     0.02845    -0.03133
    39.96244     0.22912    -0.25499     0.23620    -0.22353     0.02572    -0.03000
    40.03844     0.21926    -0.25007     0.23122    -0.22546     0.02360    -0.02845
    40.11544     0.21595    -0.24392     0.22570    -0.22834     0.02187    -0.02681
    40.19144     0.22173    -0.24203     0.21982    -0.22981     0.02032    -0.02512
    40.26744     0.24138    -0.25057     0.21429    -0.22530     0.01899    -0.02316
    40.34444     0.27316    -0.27047     0.20794    -0.21366     0.01812    -0.02089
    40.42044     0.30197    -0.29186     0.19768    -0.19947     0.01777    -0.01896
    40.49644     0.30921    -0.29953     0.18258    -0.18817     0.01763    -0.01808
    40.57344     0.29339    -0.28858     0.16571    -0.18080     0.01737    -0.01819
    40.64944     0.27313    -0.27114     0.15085    -0.17481     0.01704    -0.01843
    40.72544     0.26325    -0.26217     0.13909    -0.16802     0.01686    -0.01811
    40.80244     0.25669    -0.26357     0.12890    -0.16032     0.01653    -0.01728
    40.87844     0.23620    -0.26299     0.11804    -0.15183     0.01539    -0.01628
    40.95444     0.19751    -0.24565     0.10503    -0.14181     0.01327    -0.01498
    41.03144     0.15270    -0.20908     0.09041    -0.12929     0.01075    -0.01307
    41.10744     0.11543    -0.16436     0.07656    -0.11419     0.00845    -0.01075
    41.18344     0.09003    -0.12552     0.06544    -0.09733     0.00657    -0.00860
    41.26044     0.07362    -0.09855     0.05667    -0.08032     0.00506    -0.00701
    41.33644     0.06245    -0.08138     0.04905    -0.06472     0.00393    -0.00584
    41.41344     0.05470    -0.07002     0.04241    -0.05162     0.00322    -0.00480
    41.48944     0.04983    -0.06224     0.03726    -0.04152     0.00286    -0.00388
    41.56544     0.04729    -0.05683     0.03356    -0.03439     0.00272    -0.00325
    41.64244     0.04611    -0.05258     0.03068    -0.02993     0.00267    -0.00299
    41.71844     0.04533    -0.04911     0.02815    -0.02786     0.00260    -0.00296
    41.79444     0.04489    -0.04696     0.02635    -0.02778     0.00251    -0.00293
    41.87144     0.04599    -0.04676     0.02647    -0.02902     0.00251    -0.00285
    41.94744     0.05017    -0.04884     0.02929    -0.03092     0.00274    -0.00282
    42.02344     0.05837    -0.05405     0.03383    -0.03286     0.00328    -0.00303
    42.10044     0.07063    -0.06362     0.03745    -0.03385     0.00410    -0.00360
    42.17644     0.08612    -0.07801     0.03796    -0.03271     0.00512    -0.00452
    42.25244     0.10171    -0.09562     0.03561    -0.02923     0.00615    -0.00566
    42.32944     0.11130    -0.11169     0.03259    -0.02492     0.00685    -0.00670
    42.40544     0.10946    -0.11903     0.03028    -0.02222     0.00689    -0.00728
    42.48144     0.09661    -0.11287     0.02794    -0.02263     0.00630    -0.00717
    42.55844     0.07856    -0.09609     0.02468    -0.02546     0.00541    -0.00650
    42.63444     0.06131    -0.07672     0.02158    -0.02830     0.00451    -0.00565
    42.71044     0.04797    -0.06064     0.02063    -0.02887     0.00367    -0.00484
    42.78744     0.03925    -0.04879     0.02213    -0.02698     0.00289    -0.00410
    42.86344     0.03492    -0.04047     0.02420    -0.02439     0.00225    -0.00341
    42.93944     0.03448    -0.03586     0.02501    -0.02261     0.00189    -0.00290
    43.01644     0.03743    -0.03521     0.02446    -0.02160     0.00184    -0.00275
    43.09244     0.04315    -0.03761     0.02328    -0.02070     0.00205    -0.00293
    43.16944     0.05112    -0.04163     0.02183    -0.01991     0.00246    -0.00322
    43.24544     0.06095    -0.04646     0.02002    -0.01947     0.00312    -0.00345
    43.32144     0.07094    -0.05257     0.01769    -0.01914     0.00393    -0.00375
    43.39844     0.07658    -0.06056     0.01469    -0.01834     0.00458    -0.00436
    43.47444     0.07260    -0.06912     0.01126    -0.01685     0.00462    -0.00510
    43.55044     0.05798    -0.07385     0.00817    -0.01503     0.00393    -0.00547
    43.62744     0.03812    -0.06975     0.00614    -0.01350     0.00288    -0.00515
    43.70344     0.02061    -0.05594     0.00526    -0.01263     0.00200    -0.00433
    43.77944     0.00947    -0.03751     0.00501    -0.01213     0.00153    -0.00350
    43.85644     0.00408    -0.02127     0.00489    -0.01126     0.00133    -0.00293
    43.93244     0.00197    -0.01064     0.00473    -0.00967     0.00118    -0.00252
    44.00844     0.00124    -0.00506     0.00471    -0.00783     0.00095    -0.00204
    44.08544     0.00112    -0.00258     0.00505    -0.00654     0.00076    -0.00144
    44.16144     0.00142    -0.00176     0.00589    -0.00625     0.00074    -0.00091
    44.23744     0.00199    -0.00182     0.00710    -0.00677     0.00089    -0.00065
    44.31444     0.00266    -0.00230     0.00837    -0.00754     0.00105    -0.00067
    44.39044     0.00342    -0.00285     0.00974    -0.00798     0.00110    -0.00086
    44.46644     0.00456    -0.00318     0.01174    -0.00786     0.00102    -0.00100
    44.54344     0.00628    -0.00325     0.01476    -0.00748     0.00092    -0.00098
    44.61944     0.00808    -0.00335     0.01779    -0.00749     0.00087    -0.00084
    44.69644     0.00876    -0.00381     0.01861    -0.00831     0.00080    -0.00071
    44.77244     0.00759    -0.00451     0.01582    -0.00958     0.00065    -0.00066
    44.84844     0.00511    -0.00490     0.01057    -0.01021     0.00042    -0.00062
    44.92544     0.00265    -0.00448     0.00545    -0.00924     0.00021    -0.00054
    45.00144     0.00105    -0.00329     0.00216    -0.00676     0.00008    -0.00038
    45.07744     0.00032    -0.00190     0.00065    -0.00390     0.00002    -0.00021
    45.15444     0.00007    -0.00085     0.00015    -0.00175     0.00001    -0.00009
    45.23044     0.00001    -0.00029     0.00003    -0.00060     0.00000    -0.00003
    45.30644     0.00000    -0.00008     0.00000    -0.00016     0.00000    -0.00001
    45.38344     0.00000    -0.00002     0.00000    -0.00003     0.00000    -0.00000
    45.45944     0.00000    -0.00000     0.00000    -0.00000     0.00000    -0.00000
    45.53544     0.00000    -0.00000     0.00000    -0.00000     0.00000    -0.00000
    45.61244     0.00000    -0.00000     0.00000    -0.00000     0.00000    -0.00000
    45.68844     0.00000    -0.00000     0.00000    -0.00000     0.00000    -0.00000
    45.76444     0.00000    -0.00000     0.00000    -0.00000     0.00000    -0.00000
    45.84144     0.00000    -0.00000     0.00000    -0.00000     0.00000    -0.00000
    45.91744     0.00000    -0.00000     0.00000    -0.00000     0.00000    -0.00000
    45.99344     0.00000    -0.00000     0.00000    -0.00000     0.00000    -0.00000
    46.07044     0.00000    -0.00000     0.00000    -0.00000     0.00000    -0.00000
    46.14644     0.00000     0.00000     0.00000     0.00000     0.00000     0.00000
    46.22344     0.00000     0.00000     0.00000     0.00000     0.00000     0.00000
    46.29944     0.00000     0.00000     0.00000     0.00000     0.00000     0.00000
    46.37544     0.00000     0.00000     0.00000     0.00000     0.00000     0.00000
    46.45244     0.00000     0.00000     0.00000     0.00000     0.00000     0.00000
    46.52844     0.00000     0.00000     0.00000     0.00000     0.00000     0.00000
    46.60444     0.00000     0.00000     0.00000     0.00000     0.00000     0.00000
    46.68144     0.00000     0.00000     0.00000     0.00000     0.00000     0.00000
    46.75744     0.00000     0.00000     0.00000     0.00000     0.00000     0.00000
    46.83344     0.00000     0.00000     0.00000     0.00000     0.00000     0.00000
    46.91044     0.00000     0.00000     0.00000     0.00000     0.00000     0.00000
    46.98644     0.00000     0.00000     0.00000     0.00000     0.00000     0.00000
    47.06244     0.00000     0.00000     0.00000     0.00000     0.00000     0.00000
    47.13944     0.00000     0.00000     0.00000     0.00000     0.00000     0.00000
    47.21544     0.00000     0.00000     0.00000     0.00000     0.00000     0.00000
    47.29144     0.00000     0.00000     0.00000     0.00000     0.00000     0.00000
    47.36844     0.00000     0.00000     0.00000     0.00000     0.00000     0.00000
    47.44444     0.00000     0.00000     0.00000     0.00000     0.00000     0.00000
    47.52044     0.00000     0.00000     0.00000     0.00000     0.00000     0.00000
    47.59744     0.00000     0.00000     0.00000     0.00000     0.00000     0.00000
    47.67344     0.00000     0.00000     0.00000     0.00000     0.00000     0.00000
    47.74944     0.00000     0.00000     0.00000     0.00000     0.00000     0.00000
    47.82644     0.00000     0.00000     0.00000     0.00000     0.00000     0.00000
    47.90244     0.00000     0.00000     0.00000     0.00000     0.00000     0.00000
    47.97944     0.00000     0.00000     0.00000     0.00000     0.00000     0.00000
    48.05544     0.00000     0.00000     0.00000     0.00000     0.00000     0.00000
    48.13144     0.00000     0.00000     0.00000     0.00000     0.00000     0.00000
    48.20844     0.00000     0.00000     0.00000     0.00000     0.00000     0.00000
    48.28444     0.00000     0.00000     0.00000     0.00000     0.00000     0.00000
    48.36044     0.00000     0.00000     0.00000     0.00000     0.00000     0.00000
