   #Energy      xx              yy   
  0.00000000E+00  0.00000000E+00  0.00000000E+00
  0.61500000E-01  0.16960652E+00  0.16960652E+00
  0.12300000E+00  0.38245828E+00  0.38245828E+00
  0.18460000E+00  0.45174246E+00  0.45174246E+00
  0.24610000E+00  0.48885244E+00  0.48885244E+00
  0.30760000E+00  0.55525996E+00  0.55525996E+00
  0.36910000E+00  0.62006977E+00  0.62006977E+00
  0.43070000E+00  0.66589090E+00  0.66589090E+00
  0.49220000E+00  0.76125915E+00  0.76125915E+00
  0.55370000E+00  0.95036665E+00  0.95036665E+00
  0.61520000E+00  0.11962861E+01  0.11962861E+01
  0.67680000E+00  0.14525584E+01  0.14525584E+01
  0.73830000E+00  0.16895635E+01  0.16895635E+01
  0.79980000E+00  0.18629184E+01  0.18629184E+01
  0.86130000E+00  0.20244761E+01  0.20244761E+01
  0.92290000E+00  0.22570566E+01  0.22570566E+01
  0.98440000E+00  0.25294908E+01  0.25294908E+01
  0.10459000E+01  0.26840693E+01  0.26840693E+01
  0.11074000E+01  0.26111292E+01  0.26111292E+01
  0.11690000E+01  0.23569207E+01  0.23569207E+01
  0.12305000E+01  0.21784675E+01  0.21784675E+01
  0.12920000E+01  0.21940534E+01  0.21940534E+01
  0.13535000E+01  0.24482075E+01  0.24482075E+01
  0.14151000E+01  0.29386389E+01  0.29386389E+01
  0.14766000E+01  0.34966451E+01  0.34966451E+01
  0.15381000E+01  0.38577484E+01  0.38577484E+01
  0.15996000E+01  0.38090351E+01  0.38090351E+01
  0.16612000E+01  0.34227503E+01  0.34227503E+01
  0.17227000E+01  0.29679606E+01  0.29679606E+01
  0.17842000E+01  0.24854337E+01  0.24854337E+01
  0.18457000E+01  0.20985088E+01  0.20985088E+01
  0.19073000E+01  0.18918419E+01  0.18918419E+01
  0.19688000E+01  0.18035033E+01  0.18035033E+01
  0.20303000E+01  0.17002150E+01  0.17002150E+01
  0.20918000E+01  0.15789583E+01  0.15789583E+01
  0.21534000E+01  0.15138521E+01  0.15138521E+01
  0.22149000E+01  0.15052607E+01  0.15052607E+01
  0.22764000E+01  0.14859333E+01  0.14859333E+01
  0.23379000E+01  0.14581112E+01  0.14581112E+01
  0.23995000E+01  0.14708128E+01  0.14708128E+01
  0.24610000E+01  0.15576592E+01  0.15576592E+01
  0.25225000E+01  0.16620428E+01  0.16620428E+01
  0.25840000E+01  0.16596291E+01  0.16596291E+01
  0.26456000E+01  0.15271258E+01  0.15271258E+01
  0.27071000E+01  0.13631642E+01  0.13631642E+01
  0.27686000E+01  0.12164047E+01  0.12164047E+01
  0.28301000E+01  0.10922640E+01  0.10922640E+01
  0.28917000E+01  0.10052837E+01  0.10052837E+01
  0.29532000E+01  0.97536031E+00  0.97536031E+00
  0.30147000E+01  0.98689086E+00  0.98689086E+00
  0.30762000E+01  0.97670187E+00  0.97670187E+00
  0.31378000E+01  0.96629069E+00  0.96629069E+00
  0.31993000E+01  0.99745756E+00  0.99745756E+00
  0.32608000E+01  0.10359951E+01  0.10359951E+01
  0.33223000E+01  0.10218513E+01  0.10218513E+01
  0.33839000E+01  0.98378202E+00  0.98378202E+00
  0.34454000E+01  0.98580398E+00  0.98580398E+00
  0.35069000E+01  0.10417768E+01  0.10417768E+01
  0.35684000E+01  0.11093748E+01  0.11093748E+01
  0.36300000E+01  0.11962599E+01  0.11962599E+01
  0.36915000E+01  0.13399442E+01  0.13399442E+01
  0.37530000E+01  0.15016016E+01  0.15016016E+01
  0.38145000E+01  0.15779873E+01  0.15779873E+01
  0.38761000E+01  0.14996431E+01  0.14996431E+01
  0.39376000E+01  0.13228490E+01  0.13228490E+01
  0.39991000E+01  0.11375043E+01  0.11375043E+01
  0.40606000E+01  0.10247294E+01  0.10247294E+01
  0.41222000E+01  0.95834763E+00  0.95834763E+00
  0.41837000E+01  0.91558545E+00  0.91558545E+00
  0.42452000E+01  0.90994984E+00  0.90994984E+00
  0.43067000E+01  0.91238968E+00  0.91238968E+00
  0.43683000E+01  0.92723246E+00  0.92723246E+00
  0.44298000E+01  0.96078195E+00  0.96078195E+00
  0.44913000E+01  0.10018392E+01  0.10018392E+01
  0.45528000E+01  0.10908030E+01  0.10908030E+01
  0.46144000E+01  0.12392642E+01  0.12392642E+01
  0.46759000E+01  0.13984141E+01  0.13984141E+01
  0.47374000E+01  0.14584327E+01  0.14584327E+01
  0.47989000E+01  0.14506836E+01  0.14506836E+01
  0.48605000E+01  0.14603489E+01  0.14603489E+01
  0.49220000E+01  0.15122924E+01  0.15122924E+01
  0.49835000E+01  0.16033670E+01  0.16033670E+01
  0.50450000E+01  0.17248418E+01  0.17248418E+01
  0.51066000E+01  0.17971412E+01  0.17971412E+01
  0.51681000E+01  0.17935844E+01  0.17935844E+01
  0.52296000E+01  0.17821480E+01  0.17821480E+01
  0.52911000E+01  0.17956556E+01  0.17956556E+01
  0.53527000E+01  0.17383028E+01  0.17383028E+01
  0.54142000E+01  0.15807921E+01  0.15807921E+01
  0.54757000E+01  0.14612382E+01  0.14612382E+01
  0.55372000E+01  0.14575114E+01  0.14575114E+01
  0.55988000E+01  0.15550414E+01  0.15550414E+01
  0.56603000E+01  0.17214648E+01  0.17214648E+01
  0.57218000E+01  0.19053599E+01  0.19053599E+01
  0.57833000E+01  0.20341722E+01  0.20341722E+01
  0.58449000E+01  0.20415417E+01  0.20415417E+01
  0.59064000E+01  0.19589900E+01  0.19589900E+01
  0.59679000E+01  0.18986661E+01  0.18986661E+01
  0.60294000E+01  0.18961578E+01  0.18961578E+01
  0.60910000E+01  0.19461617E+01  0.19461617E+01
  0.61525000E+01  0.20409611E+01  0.20409611E+01
  0.62140000E+01  0.21355129E+01  0.21355129E+01
  0.62755000E+01  0.22018412E+01  0.22018412E+01
  0.63371000E+01  0.22588930E+01  0.22588930E+01
  0.63986000E+01  0.22756150E+01  0.22756150E+01
  0.64601000E+01  0.21932661E+01  0.21932661E+01
  0.65216000E+01  0.20757683E+01  0.20757683E+01
  0.65832000E+01  0.20313331E+01  0.20313331E+01
  0.66447000E+01  0.20733001E+01  0.20733001E+01
  0.67062000E+01  0.21674949E+01  0.21674949E+01
  0.67677000E+01  0.22244020E+01  0.22244020E+01
  0.68293000E+01  0.21620019E+01  0.21620019E+01
  0.68908000E+01  0.20737951E+01  0.20737951E+01
  0.69523000E+01  0.20661233E+01  0.20661233E+01
  0.70138000E+01  0.21382964E+01  0.21382964E+01
  0.70754000E+01  0.22424736E+01  0.22424736E+01
  0.71369000E+01  0.23334611E+01  0.23334611E+01
  0.71984000E+01  0.23438961E+01  0.23438961E+01
  0.72599000E+01  0.23022340E+01  0.23022340E+01
  0.73215000E+01  0.22420609E+01  0.22420609E+01
  0.73830000E+01  0.21789130E+01  0.21789130E+01
  0.74445000E+01  0.21108651E+01  0.21108651E+01
  0.75060000E+01  0.20227910E+01  0.20227910E+01
  0.75676000E+01  0.19120666E+01  0.19120666E+01
  0.76291000E+01  0.18644386E+01  0.18644386E+01
  0.76906000E+01  0.19553351E+01  0.19553351E+01
  0.77521000E+01  0.21292206E+01  0.21292206E+01
  0.78137000E+01  0.22414540E+01  0.22414540E+01
  0.78752000E+01  0.22285531E+01  0.22285531E+01
  0.79367000E+01  0.21997845E+01  0.21997845E+01
  0.79982000E+01  0.22246817E+01  0.22246817E+01
  0.80598000E+01  0.21758608E+01  0.21758608E+01
  0.81213000E+01  0.20379175E+01  0.20379175E+01
  0.81828000E+01  0.18947365E+01  0.18947365E+01
  0.82443000E+01  0.17601833E+01  0.17601833E+01
  0.83059000E+01  0.16331872E+01  0.16331872E+01
  0.83674000E+01  0.15248985E+01  0.15248985E+01
  0.84289000E+01  0.14366790E+01  0.14366790E+01
  0.84904000E+01  0.13701681E+01  0.13701681E+01
  0.85520000E+01  0.13443264E+01  0.13443264E+01
  0.86135000E+01  0.13453997E+01  0.13453997E+01
  0.86750000E+01  0.13134733E+01  0.13134733E+01
  0.87365000E+01  0.12586738E+01  0.12586738E+01
  0.87981000E+01  0.12111265E+01  0.12111265E+01
  0.88596000E+01  0.11709742E+01  0.11709742E+01
  0.89211000E+01  0.11529737E+01  0.11529737E+01
  0.89826000E+01  0.11573805E+01  0.11573805E+01
  0.90442000E+01  0.11610238E+01  0.11610238E+01
  0.91057000E+01  0.11864298E+01  0.11864298E+01
  0.91672000E+01  0.12488800E+01  0.12488800E+01
  0.92287000E+01  0.13156992E+01  0.13156992E+01
  0.92903000E+01  0.13581203E+01  0.13581203E+01
  0.93518000E+01  0.14094756E+01  0.14094756E+01
  0.94133000E+01  0.14766124E+01  0.14766124E+01
  0.94748000E+01  0.15208716E+01  0.15208716E+01
  0.95364000E+01  0.15210911E+01  0.15210911E+01
  0.95979000E+01  0.15044112E+01  0.15044112E+01
  0.96594000E+01  0.14831947E+01  0.14831947E+01
  0.97209000E+01  0.14584567E+01  0.14584567E+01
  0.97825000E+01  0.14455014E+01  0.14455014E+01
  0.98440000E+01  0.14367669E+01  0.14367669E+01
  0.99055000E+01  0.14485327E+01  0.14485327E+01
  0.99670000E+01  0.14908887E+01  0.14908887E+01
  0.10028600E+02  0.15347208E+01  0.15347208E+01
  0.10090100E+02  0.15492473E+01  0.15492473E+01
  0.10151600E+02  0.15388409E+01  0.15388409E+01
  0.10213100E+02  0.15152920E+01  0.15152920E+01
  0.10274700E+02  0.14628391E+01  0.14628391E+01
  0.10336200E+02  0.14011507E+01  0.14011507E+01
  0.10397700E+02  0.13651456E+01  0.13651456E+01
  0.10459200E+02  0.13547893E+01  0.13547893E+01
  0.10520800E+02  0.13687789E+01  0.13687789E+01
  0.10582300E+02  0.13932992E+01  0.13932992E+01
  0.10643800E+02  0.14040514E+01  0.14040514E+01
  0.10705300E+02  0.13932135E+01  0.13932135E+01
  0.10766900E+02  0.13484697E+01  0.13484697E+01
  0.10828400E+02  0.12995378E+01  0.12995378E+01
  0.10889900E+02  0.12725698E+01  0.12725698E+01
  0.10951400E+02  0.12693585E+01  0.12693585E+01
  0.11013000E+02  0.12889045E+01  0.12889045E+01
  0.11074500E+02  0.13476076E+01  0.13476076E+01
  0.11136000E+02  0.14577782E+01  0.14577782E+01
  0.11197500E+02  0.16008882E+01  0.16008882E+01
  0.11259100E+02  0.17678742E+01  0.17678742E+01
  0.11320600E+02  0.19378492E+01  0.19378492E+01
  0.11382100E+02  0.19850107E+01  0.19850107E+01
  0.11443600E+02  0.18857929E+01  0.18857929E+01
  0.11505200E+02  0.17828169E+01  0.17828169E+01
  0.11566700E+02  0.16953676E+01  0.16953676E+01
  0.11628200E+02  0.15622564E+01  0.15622564E+01
  0.11689700E+02  0.14139092E+01  0.14139092E+01
  0.11751300E+02  0.13149848E+01  0.13149848E+01
  0.11812800E+02  0.12614147E+01  0.12614147E+01
  0.11874300E+02  0.12302415E+01  0.12302415E+01
  0.11935800E+02  0.12264329E+01  0.12264329E+01
  0.11997400E+02  0.12372031E+01  0.12372031E+01
  0.12058900E+02  0.12619810E+01  0.12619810E+01
  0.12120400E+02  0.13206908E+01  0.13206908E+01
  0.12181900E+02  0.14091411E+01  0.14091411E+01
  0.12243500E+02  0.14976409E+01  0.14976409E+01
  0.12305000E+02  0.15409066E+01  0.15409066E+01
  0.12366500E+02  0.15572650E+01  0.15572650E+01
  0.12428000E+02  0.15772095E+01  0.15772095E+01
  0.12489600E+02  0.15773893E+01  0.15773893E+01
  0.12551100E+02  0.15519305E+01  0.15519305E+01
  0.12612600E+02  0.15498937E+01  0.15498937E+01
  0.12674100E+02  0.15887592E+01  0.15887592E+01
  0.12735700E+02  0.15998628E+01  0.15998628E+01
  0.12797200E+02  0.15539404E+01  0.15539404E+01
  0.12858700E+02  0.15304718E+01  0.15304718E+01
  0.12920200E+02  0.16347874E+01  0.16347874E+01
  0.12981800E+02  0.19107219E+01  0.19107219E+01
  0.13043300E+02  0.22774487E+01  0.22774487E+01
  0.13104800E+02  0.25683581E+01  0.25683581E+01
  0.13166300E+02  0.27556381E+01  0.27556381E+01
  0.13227900E+02  0.29231835E+01  0.29231835E+01
  0.13289400E+02  0.30530089E+01  0.30530089E+01
  0.13350900E+02  0.30507012E+01  0.30507012E+01
  0.13412400E+02  0.29433424E+01  0.29433424E+01
  0.13474000E+02  0.28829200E+01  0.28829200E+01
  0.13535500E+02  0.28669991E+01  0.28669991E+01
  0.13597000E+02  0.28488447E+01  0.28488447E+01
  0.13658500E+02  0.28730501E+01  0.28730501E+01
  0.13720100E+02  0.29403231E+01  0.29403231E+01
  0.13781600E+02  0.30707160E+01  0.30707160E+01
  0.13843100E+02  0.31608306E+01  0.31608306E+01
  0.13904600E+02  0.30946537E+01  0.30946537E+01
  0.13966200E+02  0.29147370E+01  0.29147370E+01
  0.14027700E+02  0.26930231E+01  0.26930231E+01
  0.14089200E+02  0.24846706E+01  0.24846706E+01
  0.14150700E+02  0.23226736E+01  0.23226736E+01
  0.14212300E+02  0.22328358E+01  0.22328358E+01
  0.14273800E+02  0.22018400E+01  0.22018400E+01
  0.14335300E+02  0.21895261E+01  0.21895261E+01
  0.14396800E+02  0.21555944E+01  0.21555944E+01
  0.14458400E+02  0.20911756E+01  0.20911756E+01
  0.14519900E+02  0.20214421E+01  0.20214421E+01
  0.14581400E+02  0.19640659E+01  0.19640659E+01
  0.14642900E+02  0.19335861E+01  0.19335861E+01
  0.14704500E+02  0.19401822E+01  0.19401822E+01
  0.14766000E+02  0.19429502E+01  0.19429502E+01
  0.14827500E+02  0.19240790E+01  0.19240790E+01
  0.14889000E+02  0.18988741E+01  0.18988741E+01
  0.14950600E+02  0.18736482E+01  0.18736482E+01
  0.15012100E+02  0.18584048E+01  0.18584048E+01
  0.15073600E+02  0.18523126E+01  0.18523126E+01
  0.15135100E+02  0.18419679E+01  0.18419679E+01
  0.15196700E+02  0.18193842E+01  0.18193842E+01
  0.15258200E+02  0.18136103E+01  0.18136103E+01
  0.15319700E+02  0.18262208E+01  0.18262208E+01
  0.15381200E+02  0.18373888E+01  0.18373888E+01
  0.15442800E+02  0.18816522E+01  0.18816522E+01
  0.15504300E+02  0.19480295E+01  0.19480295E+01
  0.15565800E+02  0.20458104E+01  0.20458104E+01
  0.15627300E+02  0.21925883E+01  0.21925883E+01
  0.15688900E+02  0.23427451E+01  0.23427451E+01
  0.15750400E+02  0.24202382E+01  0.24202382E+01
  0.15811900E+02  0.24459737E+01  0.24459737E+01
  0.15873400E+02  0.23766818E+01  0.23766818E+01
  0.15935000E+02  0.21660089E+01  0.21660089E+01
  0.15996500E+02  0.19424255E+01  0.19424255E+01
  0.16058000E+02  0.17823092E+01  0.17823092E+01
  0.16119500E+02  0.16634522E+01  0.16634522E+01
  0.16181100E+02  0.15711177E+01  0.15711177E+01
  0.16242600E+02  0.15335679E+01  0.15335679E+01
  0.16304100E+02  0.15459340E+01  0.15459340E+01
  0.16365600E+02  0.15487366E+01  0.15487366E+01
  0.16427200E+02  0.14814706E+01  0.14814706E+01
  0.16488700E+02  0.13729168E+01  0.13729168E+01
  0.16550200E+02  0.12890803E+01  0.12890803E+01
  0.16611700E+02  0.12446820E+01  0.12446820E+01
  0.16673300E+02  0.12179042E+01  0.12179042E+01
  0.16734800E+02  0.12114894E+01  0.12114894E+01
  0.16796300E+02  0.12293214E+01  0.12293214E+01
  0.16857800E+02  0.12772289E+01  0.12772289E+01
  0.16919400E+02  0.13567731E+01  0.13567731E+01
  0.16980900E+02  0.14035151E+01  0.14035151E+01
  0.17042400E+02  0.13758242E+01  0.13758242E+01
  0.17103900E+02  0.13064717E+01  0.13064717E+01
  0.17165500E+02  0.12415643E+01  0.12415643E+01
  0.17227000E+02  0.12035963E+01  0.12035963E+01
  0.17288500E+02  0.12013549E+01  0.12013549E+01
  0.17350000E+02  0.12250335E+01  0.12250335E+01
  0.17411600E+02  0.12610457E+01  0.12610457E+01
  0.17473100E+02  0.13072567E+01  0.13072567E+01
  0.17534600E+02  0.13507988E+01  0.13507988E+01
  0.17596100E+02  0.13997111E+01  0.13997111E+01
  0.17657700E+02  0.15135872E+01  0.15135872E+01
  0.17719200E+02  0.17003577E+01  0.17003577E+01
  0.17780700E+02  0.18974016E+01  0.18974016E+01
  0.17842200E+02  0.20593021E+01  0.20593021E+01
  0.17903700E+02  0.21779029E+01  0.21779029E+01
  0.17965300E+02  0.22774784E+01  0.22774784E+01
  0.18026800E+02  0.24116140E+01  0.24116140E+01
  0.18088300E+02  0.25613118E+01  0.25613118E+01
  0.18149800E+02  0.27086126E+01  0.27086126E+01
  0.18211400E+02  0.28146659E+01  0.28146659E+01
  0.18272900E+02  0.28424029E+01  0.28424029E+01
  0.18334400E+02  0.28232019E+01  0.28232019E+01
  0.18395900E+02  0.27583655E+01  0.27583655E+01
  0.18457500E+02  0.26792349E+01  0.26792349E+01
  0.18519000E+02  0.26702807E+01  0.26702807E+01
  0.18580500E+02  0.27290835E+01  0.27290835E+01
  0.18642000E+02  0.28083170E+01  0.28083170E+01
  0.18703600E+02  0.28699695E+01  0.28699695E+01
  0.18765100E+02  0.29262137E+01  0.29262137E+01
  0.18826600E+02  0.29850370E+01  0.29850370E+01
  0.18888100E+02  0.30412943E+01  0.30412943E+01
  0.18949700E+02  0.31518476E+01  0.31518476E+01
  0.19011200E+02  0.32902669E+01  0.32902669E+01
  0.19072700E+02  0.33512477E+01  0.33512477E+01
  0.19134200E+02  0.33247952E+01  0.33247952E+01
  0.19195800E+02  0.33154195E+01  0.33154195E+01
  0.19257300E+02  0.33652443E+01  0.33652443E+01
  0.19318800E+02  0.34546476E+01  0.34546476E+01
  0.19380300E+02  0.35011999E+01  0.35011999E+01
  0.19441900E+02  0.34345791E+01  0.34345791E+01
  0.19503400E+02  0.32874130E+01  0.32874130E+01
  0.19564900E+02  0.31387780E+01  0.31387780E+01
  0.19626400E+02  0.30441002E+01  0.30441002E+01
  0.19688000E+02  0.30048619E+01  0.30048619E+01
  0.19749500E+02  0.29705474E+01  0.29705474E+01
  0.19811000E+02  0.28855881E+01  0.28855881E+01
  0.19872500E+02  0.27096992E+01  0.27096992E+01
  0.19934100E+02  0.25331601E+01  0.25331601E+01
  0.19995600E+02  0.24196624E+01  0.24196624E+01
  0.20057100E+02  0.23609357E+01  0.23609357E+01
  0.20118600E+02  0.23345034E+01  0.23345034E+01
  0.20180200E+02  0.23172946E+01  0.23172946E+01
  0.20241700E+02  0.22974827E+01  0.22974827E+01
  0.20303200E+02  0.22665618E+01  0.22665618E+01
  0.20364700E+02  0.21923155E+01  0.21923155E+01
  0.20426300E+02  0.20927716E+01  0.20927716E+01
  0.20487800E+02  0.20179649E+01  0.20179649E+01
  0.20549300E+02  0.19863231E+01  0.19863231E+01
  0.20610800E+02  0.20007257E+01  0.20007257E+01
  0.20672400E+02  0.20358145E+01  0.20358145E+01
  0.20733900E+02  0.20719010E+01  0.20719010E+01
  0.20795400E+02  0.21190420E+01  0.21190420E+01
  0.20856900E+02  0.21717957E+01  0.21717957E+01
  0.20918500E+02  0.22226461E+01  0.22226461E+01
  0.20980000E+02  0.22556844E+01  0.22556844E+01
  0.21041500E+02  0.22280963E+01  0.22280963E+01
  0.21103000E+02  0.21590462E+01  0.21590462E+01
  0.21164600E+02  0.20951854E+01  0.20951854E+01
  0.21226100E+02  0.20565257E+01  0.20565257E+01
  0.21287600E+02  0.20516931E+01  0.20516931E+01
  0.21349100E+02  0.20459391E+01  0.20459391E+01
  0.21410700E+02  0.20192817E+01  0.20192817E+01
  0.21472200E+02  0.19894905E+01  0.19894905E+01
  0.21533700E+02  0.19577627E+01  0.19577627E+01
  0.21595200E+02  0.19223458E+01  0.19223458E+01
  0.21656800E+02  0.18830447E+01  0.18830447E+01
  0.21718300E+02  0.18342183E+01  0.18342183E+01
  0.21779800E+02  0.18082180E+01  0.18082180E+01
  0.21841300E+02  0.18207051E+01  0.18207051E+01
  0.21902900E+02  0.18480463E+01  0.18480463E+01
  0.21964400E+02  0.18792153E+01  0.18792153E+01
  0.22025900E+02  0.19468617E+01  0.19468617E+01
  0.22087400E+02  0.20656856E+01  0.20656856E+01
  0.22149000E+02  0.21787348E+01  0.21787348E+01
  0.22210500E+02  0.22728906E+01  0.22728906E+01
  0.22272000E+02  0.23928029E+01  0.23928029E+01
  0.22333500E+02  0.25526978E+01  0.25526978E+01
  0.22395100E+02  0.27406593E+01  0.27406593E+01
  0.22456600E+02  0.29474917E+01  0.29474917E+01
  0.22518100E+02  0.31083066E+01  0.31083066E+01
  0.22579600E+02  0.32252613E+01  0.32252613E+01
  0.22641200E+02  0.33069323E+01  0.33069323E+01
  0.22702700E+02  0.33272407E+01  0.33272407E+01
  0.22764200E+02  0.32737931E+01  0.32737931E+01
  0.22825700E+02  0.31068706E+01  0.31068706E+01
  0.22887300E+02  0.28668229E+01  0.28668229E+01
  0.22948800E+02  0.26326281E+01  0.26326281E+01
  0.23010300E+02  0.24399064E+01  0.24399064E+01
  0.23071800E+02  0.23344837E+01  0.23344837E+01
  0.23133400E+02  0.23299205E+01  0.23299205E+01
  0.23194900E+02  0.23708287E+01  0.23708287E+01
  0.23256400E+02  0.23802961E+01  0.23802961E+01
  0.23317900E+02  0.23545067E+01  0.23545067E+01
  0.23379500E+02  0.23281818E+01  0.23281818E+01
  0.23441000E+02  0.23124267E+01  0.23124267E+01
  0.23502500E+02  0.23343789E+01  0.23343789E+01
  0.23564000E+02  0.24019195E+01  0.24019195E+01
  0.23625600E+02  0.24543930E+01  0.24543930E+01
  0.23687100E+02  0.24710742E+01  0.24710742E+01
  0.23748600E+02  0.24880000E+01  0.24880000E+01
  0.23810100E+02  0.25224145E+01  0.25224145E+01
  0.23871700E+02  0.25475722E+01  0.25475722E+01
  0.23933200E+02  0.25525948E+01  0.25525948E+01
  0.23994700E+02  0.25317380E+01  0.25317380E+01
  0.24056200E+02  0.25010624E+01  0.25010624E+01
  0.24117800E+02  0.24892250E+01  0.24892250E+01
  0.24179300E+02  0.24971290E+01  0.24971290E+01
  0.24240800E+02  0.25087468E+01  0.25087468E+01
  0.24302300E+02  0.24795222E+01  0.24795222E+01
  0.24363900E+02  0.23828854E+01  0.23828854E+01
  0.24425400E+02  0.22582036E+01  0.22582036E+01
  0.24486900E+02  0.21490202E+01  0.21490202E+01
  0.24548400E+02  0.20592100E+01  0.20592100E+01
  0.24610000E+02  0.19752674E+01  0.19752674E+01
  0.24671500E+02  0.18968266E+01  0.18968266E+01
  0.24733000E+02  0.18189651E+01  0.18189651E+01
  0.24794500E+02  0.17546584E+01  0.17546584E+01
  0.24856100E+02  0.17036171E+01  0.17036171E+01
  0.24917600E+02  0.16571066E+01  0.16571066E+01
  0.24979100E+02  0.16185863E+01  0.16185863E+01
  0.25040600E+02  0.15782443E+01  0.15782443E+01
  0.25102200E+02  0.15207242E+01  0.15207242E+01
  0.25163700E+02  0.14535830E+01  0.14535830E+01
  0.25225200E+02  0.13952291E+01  0.13952291E+01
  0.25286700E+02  0.13510195E+01  0.13510195E+01
  0.25348300E+02  0.13188212E+01  0.13188212E+01
  0.25409800E+02  0.12805161E+01  0.12805161E+01
  0.25471300E+02  0.12383209E+01  0.12383209E+01
  0.25532800E+02  0.12053576E+01  0.12053576E+01
  0.25594400E+02  0.11794337E+01  0.11794337E+01
  0.25655900E+02  0.11510956E+01  0.11510956E+01
  0.25717400E+02  0.11182625E+01  0.11182625E+01
  0.25778900E+02  0.10914821E+01  0.10914821E+01
  0.25840500E+02  0.10749613E+01  0.10749613E+01
  0.25902000E+02  0.10564695E+01  0.10564695E+01
  0.25963500E+02  0.10414293E+01  0.10414293E+01
  0.26025000E+02  0.10388703E+01  0.10388703E+01
  0.26086600E+02  0.10453174E+01  0.10453174E+01
  0.26148100E+02  0.10509378E+01  0.10509378E+01
  0.26209600E+02  0.10616344E+01  0.10616344E+01
  0.26271100E+02  0.10833618E+01  0.10833618E+01
  0.26332700E+02  0.11041240E+01  0.11041240E+01
  0.26394200E+02  0.11279405E+01  0.11279405E+01
  0.26455700E+02  0.11827225E+01  0.11827225E+01
  0.26517200E+02  0.12857548E+01  0.12857548E+01
  0.26578800E+02  0.14151350E+01  0.14151350E+01
  0.26640300E+02  0.15225877E+01  0.15225877E+01
  0.26701800E+02  0.15914180E+01  0.15914180E+01
  0.26763300E+02  0.16409525E+01  0.16409525E+01
  0.26824900E+02  0.17092667E+01  0.17092667E+01
  0.26886400E+02  0.18064274E+01  0.18064274E+01
  0.26947900E+02  0.19027136E+01  0.19027136E+01
  0.27009400E+02  0.19511736E+01  0.19511736E+01
  0.27071000E+02  0.19257818E+01  0.19257818E+01
  0.27132500E+02  0.18548368E+01  0.18548368E+01
  0.27194000E+02  0.17745790E+01  0.17745790E+01
  0.27255500E+02  0.17040273E+01  0.17040273E+01
  0.27317100E+02  0.16804030E+01  0.16804030E+01
  0.27378600E+02  0.16965229E+01  0.16965229E+01
  0.27440100E+02  0.17109319E+01  0.17109319E+01
  0.27501600E+02  0.17198562E+01  0.17198562E+01
  0.27563200E+02  0.17259263E+01  0.17259263E+01
  0.27624700E+02  0.17299995E+01  0.17299995E+01
  0.27686200E+02  0.17314004E+01  0.17314004E+01
  0.27747700E+02  0.17321207E+01  0.17321207E+01
  0.27809300E+02  0.17431265E+01  0.17431265E+01
  0.27870800E+02  0.17960942E+01  0.17960942E+01
  0.27932300E+02  0.18926563E+01  0.18926563E+01
  0.27993800E+02  0.20026905E+01  0.20026905E+01
  0.28055400E+02  0.20874626E+01  0.20874626E+01
  0.28116900E+02  0.21232596E+01  0.21232596E+01
  0.28178400E+02  0.21201948E+01  0.21201948E+01
  0.28239900E+02  0.20811941E+01  0.20811941E+01
  0.28301500E+02  0.20217431E+01  0.20217431E+01
  0.28363000E+02  0.19722765E+01  0.19722765E+01
  0.28424500E+02  0.19765530E+01  0.19765530E+01
  0.28486000E+02  0.20269007E+01  0.20269007E+01
  0.28547600E+02  0.20593079E+01  0.20593079E+01
  0.28609100E+02  0.20533852E+01  0.20533852E+01
  0.28670600E+02  0.20464952E+01  0.20464952E+01
  0.28732100E+02  0.20668372E+01  0.20668372E+01
  0.28793700E+02  0.20986073E+01  0.20986073E+01
  0.28855200E+02  0.21167883E+01  0.21167883E+01
  0.28916700E+02  0.21012898E+01  0.21012898E+01
  0.28978200E+02  0.20528292E+01  0.20528292E+01
  0.29039800E+02  0.19887289E+01  0.19887289E+01
  0.29101300E+02  0.18765628E+01  0.18765628E+01
  0.29162800E+02  0.17125153E+01  0.17125153E+01
  0.29224300E+02  0.15738608E+01  0.15738608E+01
  0.29285900E+02  0.14826842E+01  0.14826842E+01
  0.29347400E+02  0.14208591E+01  0.14208591E+01
  0.29408900E+02  0.13755630E+01  0.13755630E+01
  0.29470400E+02  0.13511696E+01  0.13511696E+01
  0.29532000E+02  0.13471027E+01  0.13471027E+01
  0.29593500E+02  0.13346682E+01  0.13346682E+01
  0.29655000E+02  0.13030812E+01  0.13030812E+01
  0.29716500E+02  0.12519837E+01  0.12519837E+01
  0.29778100E+02  0.11927605E+01  0.11927605E+01
  0.29839600E+02  0.11402407E+01  0.11402407E+01
  0.29901100E+02  0.10884567E+01  0.10884567E+01
  0.29962600E+02  0.10477812E+01  0.10477812E+01
  0.30024200E+02  0.10267430E+01  0.10267430E+01
  0.30085700E+02  0.10312669E+01  0.10312669E+01
  0.30147200E+02  0.10474444E+01  0.10474444E+01
  0.30208700E+02  0.10471505E+01  0.10471505E+01
  0.30270300E+02  0.10344282E+01  0.10344282E+01
  0.30331800E+02  0.10316486E+01  0.10316486E+01
  0.30393300E+02  0.10293384E+01  0.10293384E+01
  0.30454800E+02  0.10223543E+01  0.10223543E+01
  0.30516400E+02  0.10128815E+01  0.10128815E+01
  0.30577900E+02  0.10031127E+01  0.10031127E+01
  0.30639400E+02  0.99132420E+00  0.99132420E+00
  0.30700900E+02  0.97775101E+00  0.97775101E+00
  0.30762500E+02  0.96164334E+00  0.96164334E+00
  0.30824000E+02  0.94719639E+00  0.94719639E+00
  0.30885500E+02  0.94063666E+00  0.94063666E+00
  0.30947000E+02  0.93304723E+00  0.93304723E+00
  0.31008600E+02  0.91768844E+00  0.91768844E+00
  0.31070100E+02  0.89375827E+00  0.89375827E+00
  0.31131600E+02  0.86772219E+00  0.86772219E+00
  0.31193100E+02  0.84383518E+00  0.84383518E+00
  0.31254700E+02  0.81859240E+00  0.81859240E+00
  0.31316200E+02  0.79500489E+00  0.79500489E+00
  0.31377700E+02  0.77561053E+00  0.77561053E+00
  0.31439200E+02  0.76195238E+00  0.76195238E+00
  0.31500800E+02  0.75229272E+00  0.75229272E+00
  0.31562300E+02  0.74792030E+00  0.74792030E+00
  0.31623800E+02  0.74810535E+00  0.74810535E+00
  0.31685300E+02  0.75746375E+00  0.75746375E+00
  0.31746900E+02  0.78524751E+00  0.78524751E+00
  0.31808400E+02  0.82951116E+00  0.82951116E+00
  0.31869900E+02  0.88727486E+00  0.88727486E+00
  0.31931400E+02  0.94448451E+00  0.94448451E+00
  0.31993000E+02  0.97977224E+00  0.97977224E+00
  0.32054500E+02  0.99713104E+00  0.99713104E+00
  0.32116000E+02  0.10148076E+01  0.10148076E+01
  0.32177500E+02  0.10296966E+01  0.10296966E+01
  0.32239100E+02  0.10368560E+01  0.10368560E+01
  0.32300600E+02  0.10297373E+01  0.10297373E+01
  0.32362100E+02  0.99940851E+00  0.99940851E+00
  0.32423600E+02  0.96086933E+00  0.96086933E+00
  0.32485200E+02  0.92662319E+00  0.92662319E+00
  0.32546700E+02  0.90768863E+00  0.90768863E+00
  0.32608200E+02  0.90074531E+00  0.90074531E+00
  0.32669700E+02  0.89666092E+00  0.89666092E+00
  0.32731300E+02  0.90335562E+00  0.90335562E+00
  0.32792800E+02  0.91903776E+00  0.91903776E+00
  0.32854300E+02  0.93424362E+00  0.93424362E+00
  0.32915800E+02  0.95055938E+00  0.95055938E+00
  0.32977400E+02  0.97197414E+00  0.97197414E+00
  0.33038900E+02  0.98601561E+00  0.98601561E+00
  0.33100400E+02  0.97693113E+00  0.97693113E+00
  0.33161900E+02  0.95099554E+00  0.95099554E+00
  0.33223500E+02  0.92656378E+00  0.92656378E+00
  0.33285000E+02  0.90926342E+00  0.90926342E+00
  0.33346500E+02  0.89672253E+00  0.89672253E+00
  0.33408000E+02  0.87955935E+00  0.87955935E+00
  0.33469600E+02  0.84913330E+00  0.84913330E+00
  0.33531100E+02  0.82101508E+00  0.82101508E+00
  0.33592600E+02  0.80468116E+00  0.80468116E+00
  0.33654100E+02  0.79342701E+00  0.79342701E+00
  0.33715700E+02  0.78429898E+00  0.78429898E+00
  0.33777200E+02  0.78409889E+00  0.78409889E+00
  0.33838700E+02  0.79478405E+00  0.79478405E+00
  0.33900200E+02  0.81450441E+00  0.81450441E+00
  0.33961800E+02  0.84303819E+00  0.84303819E+00
  0.34023300E+02  0.87303636E+00  0.87303636E+00
  0.34084800E+02  0.88969874E+00  0.88969874E+00
  0.34146300E+02  0.89075453E+00  0.89075453E+00
  0.34207900E+02  0.88630595E+00  0.88630595E+00
  0.34269400E+02  0.89506875E+00  0.89506875E+00
  0.34330900E+02  0.90910584E+00  0.90910584E+00
  0.34392400E+02  0.90796706E+00  0.90796706E+00
  0.34454000E+02  0.89240502E+00  0.89240502E+00
  0.34515500E+02  0.88316666E+00  0.88316666E+00
  0.34577000E+02  0.89086114E+00  0.89086114E+00
  0.34638500E+02  0.91223443E+00  0.91223443E+00
  0.34700100E+02  0.94931648E+00  0.94931648E+00
  0.34761600E+02  0.99071718E+00  0.99071718E+00
  0.34823100E+02  0.10207702E+01  0.10207702E+01
  0.34884600E+02  0.10531687E+01  0.10531687E+01
  0.34946200E+02  0.11115478E+01  0.11115478E+01
  0.35007700E+02  0.11892775E+01  0.11892775E+01
  0.35069200E+02  0.12469563E+01  0.12469563E+01
  0.35130700E+02  0.12776933E+01  0.12776933E+01
  0.35192300E+02  0.12955081E+01  0.12955081E+01
  0.35253800E+02  0.13122390E+01  0.13122390E+01
  0.35315300E+02  0.13179381E+01  0.13179381E+01
  0.35376800E+02  0.13296269E+01  0.13296269E+01
  0.35438400E+02  0.13864060E+01  0.13864060E+01
  0.35499900E+02  0.14942155E+01  0.14942155E+01
  0.35561400E+02  0.16109743E+01  0.16109743E+01
  0.35622900E+02  0.16914387E+01  0.16914387E+01
  0.35684400E+02  0.17144580E+01  0.17144580E+01
  0.35746000E+02  0.16716850E+01  0.16716850E+01
  0.35807500E+02  0.15875484E+01  0.15875484E+01
  0.35869000E+02  0.14984951E+01  0.14984951E+01
  0.35930500E+02  0.14302322E+01  0.14302322E+01
  0.35992100E+02  0.13773693E+01  0.13773693E+01
  0.36053600E+02  0.13347571E+01  0.13347571E+01
  0.36115100E+02  0.13143674E+01  0.13143674E+01
  0.36176600E+02  0.13113660E+01  0.13113660E+01
  0.36238200E+02  0.13150569E+01  0.13150569E+01
  0.36299700E+02  0.13213778E+01  0.13213778E+01
  0.36361200E+02  0.13490707E+01  0.13490707E+01
  0.36422700E+02  0.14014677E+01  0.14014677E+01
  0.36484300E+02  0.14543315E+01  0.14543315E+01
  0.36545800E+02  0.14903060E+01  0.14903060E+01
  0.36607300E+02  0.14951704E+01  0.14951704E+01
  0.36668800E+02  0.14551948E+01  0.14551948E+01
  0.36730400E+02  0.13890724E+01  0.13890724E+01
  0.36791900E+02  0.13360384E+01  0.13360384E+01
  0.36853400E+02  0.13029837E+01  0.13029837E+01
  0.36914900E+02  0.12781282E+01  0.12781282E+01
  0.36976500E+02  0.12734179E+01  0.12734179E+01
  0.37038000E+02  0.12722576E+01  0.12722576E+01
  0.37099500E+02  0.12558621E+01  0.12558621E+01
  0.37161000E+02  0.12394052E+01  0.12394052E+01
  0.37222600E+02  0.12330735E+01  0.12330735E+01
  0.37284100E+02  0.12420108E+01  0.12420108E+01
  0.37345600E+02  0.12768137E+01  0.12768137E+01
  0.37407100E+02  0.13210553E+01  0.13210553E+01
  0.37468700E+02  0.13563944E+01  0.13563944E+01
  0.37530200E+02  0.13945567E+01  0.13945567E+01
  0.37591700E+02  0.14491706E+01  0.14491706E+01
  0.37653200E+02  0.15257697E+01  0.15257697E+01
  0.37714800E+02  0.16144508E+01  0.16144508E+01
  0.37776300E+02  0.16930742E+01  0.16930742E+01
  0.37837800E+02  0.17570266E+01  0.17570266E+01
  0.37899300E+02  0.17958668E+01  0.17958668E+01
  0.37960900E+02  0.18339123E+01  0.18339123E+01
  0.38022400E+02  0.19005196E+01  0.19005196E+01
  0.38083900E+02  0.19881705E+01  0.19881705E+01
  0.38145400E+02  0.20739461E+01  0.20739461E+01
  0.38207000E+02  0.21390884E+01  0.21390884E+01
  0.38268500E+02  0.21871805E+01  0.21871805E+01
  0.38330000E+02  0.21953218E+01  0.21953218E+01
  0.38391500E+02  0.21460200E+01  0.21460200E+01
  0.38453100E+02  0.20931509E+01  0.20931509E+01
  0.38514600E+02  0.20642686E+01  0.20642686E+01
  0.38576100E+02  0.20144867E+01  0.20144867E+01
  0.38637600E+02  0.19095073E+01  0.19095073E+01
  0.38699200E+02  0.17531205E+01  0.17531205E+01
  0.38760700E+02  0.15893605E+01  0.15893605E+01
  0.38822200E+02  0.14531861E+01  0.14531861E+01
  0.38883700E+02  0.13603745E+01  0.13603745E+01
  0.38945300E+02  0.13070633E+01  0.13070633E+01
  0.39006800E+02  0.12724052E+01  0.12724052E+01
  0.39068300E+02  0.12489483E+01  0.12489483E+01
  0.39129800E+02  0.12329677E+01  0.12329677E+01
  0.39191400E+02  0.12276556E+01  0.12276556E+01
  0.39252900E+02  0.12469535E+01  0.12469535E+01
  0.39314400E+02  0.12726327E+01  0.12726327E+01
  0.39375900E+02  0.13097920E+01  0.13097920E+01
  0.39437500E+02  0.13829229E+01  0.13829229E+01
  0.39499000E+02  0.14867834E+01  0.14867834E+01
  0.39560500E+02  0.15995551E+01  0.15995551E+01
  0.39622000E+02  0.17184090E+01  0.17184090E+01
  0.39683600E+02  0.18465694E+01  0.18465694E+01
  0.39745100E+02  0.19671193E+01  0.19671193E+01
  0.39806600E+02  0.20483163E+01  0.20483163E+01
  0.39868100E+02  0.20553304E+01  0.20553304E+01
  0.39929700E+02  0.19897500E+01  0.19897500E+01
  0.39991200E+02  0.18988534E+01  0.18988534E+01
  0.40052700E+02  0.17954211E+01  0.17954211E+01
  0.40114200E+02  0.16832702E+01  0.16832702E+01
  0.40175800E+02  0.15807922E+01  0.15807922E+01
  0.40237300E+02  0.14961191E+01  0.14961191E+01
  0.40298800E+02  0.14364722E+01  0.14364722E+01
  0.40360300E+02  0.14123592E+01  0.14123592E+01
  0.40421900E+02  0.14206946E+01  0.14206946E+01
  0.40483400E+02  0.14629228E+01  0.14629228E+01
  0.40544900E+02  0.15290883E+01  0.15290883E+01
  0.40606400E+02  0.15977349E+01  0.15977349E+01
  0.40668000E+02  0.16656048E+01  0.16656048E+01
  0.40729500E+02  0.17287529E+01  0.17287529E+01
  0.40791000E+02  0.17458050E+01  0.17458050E+01
  0.40852500E+02  0.17211537E+01  0.17211537E+01
  0.40914100E+02  0.16967537E+01  0.16967537E+01
  0.40975600E+02  0.16778733E+01  0.16778733E+01
  0.41037100E+02  0.16516641E+01  0.16516641E+01
  0.41098600E+02  0.16111489E+01  0.16111489E+01
  0.41160200E+02  0.15572613E+01  0.15572613E+01
  0.41221700E+02  0.15081767E+01  0.15081767E+01
  0.41283200E+02  0.14805305E+01  0.14805305E+01
  0.41344700E+02  0.14720905E+01  0.14720905E+01
  0.41406300E+02  0.14662876E+01  0.14662876E+01
  0.41467800E+02  0.14414385E+01  0.14414385E+01
  0.41529300E+02  0.14051477E+01  0.14051477E+01
  0.41590800E+02  0.13751016E+01  0.13751016E+01
  0.41652400E+02  0.13590401E+01  0.13590401E+01
  0.41713900E+02  0.13563477E+01  0.13563477E+01
  0.41775400E+02  0.13680955E+01  0.13680955E+01
  0.41836900E+02  0.13933374E+01  0.13933374E+01
  0.41898500E+02  0.14058400E+01  0.14058400E+01
  0.41960000E+02  0.13960866E+01  0.13960866E+01
  0.42021500E+02  0.13869748E+01  0.13869748E+01
  0.42083000E+02  0.14001791E+01  0.14001791E+01
  0.42144600E+02  0.14239318E+01  0.14239318E+01
  0.42206100E+02  0.14334810E+01  0.14334810E+01
  0.42267600E+02  0.14209454E+01  0.14209454E+01
  0.42329100E+02  0.14063237E+01  0.14063237E+01
  0.42390700E+02  0.13930211E+01  0.13930211E+01
  0.42452200E+02  0.13789875E+01  0.13789875E+01
  0.42513700E+02  0.13792748E+01  0.13792748E+01
  0.42575200E+02  0.13888068E+01  0.13888068E+01
  0.42636800E+02  0.14038529E+01  0.14038529E+01
  0.42698300E+02  0.14117185E+01  0.14117185E+01
  0.42759800E+02  0.13989572E+01  0.13989572E+01
  0.42821300E+02  0.13909771E+01  0.13909771E+01
  0.42882900E+02  0.14116109E+01  0.14116109E+01
  0.42944400E+02  0.14495723E+01  0.14495723E+01
  0.43005900E+02  0.14924812E+01  0.14924812E+01
  0.43067400E+02  0.15542200E+01  0.15542200E+01
  0.43129000E+02  0.16296669E+01  0.16296669E+01
  0.43190500E+02  0.17021914E+01  0.17021914E+01
  0.43252000E+02  0.18051937E+01  0.18051937E+01
  0.43313500E+02  0.19611083E+01  0.19611083E+01
  0.43375100E+02  0.21059457E+01  0.21059457E+01
  0.43436600E+02  0.22012018E+01  0.22012018E+01
  0.43498100E+02  0.22610189E+01  0.22610189E+01
  0.43559600E+02  0.22789365E+01  0.22789365E+01
  0.43621200E+02  0.22382851E+01  0.22382851E+01
  0.43682700E+02  0.21658708E+01  0.21658708E+01
  0.43744200E+02  0.20520617E+01  0.20520617E+01
  0.43805700E+02  0.19143080E+01  0.19143080E+01
  0.43867300E+02  0.17973418E+01  0.17973418E+01
  0.43928800E+02  0.16987696E+01  0.16987696E+01
  0.43990300E+02  0.16151348E+01  0.16151348E+01
  0.44051800E+02  0.15748578E+01  0.15748578E+01
  0.44113400E+02  0.15738654E+01  0.15738654E+01
  0.44174900E+02  0.15639744E+01  0.15639744E+01
  0.44236400E+02  0.15476427E+01  0.15476427E+01
  0.44297900E+02  0.15255565E+01  0.15255565E+01
  0.44359500E+02  0.15041202E+01  0.15041202E+01
  0.44421000E+02  0.15012015E+01  0.15012015E+01
  0.44482500E+02  0.15218920E+01  0.15218920E+01
  0.44544000E+02  0.15501606E+01  0.15501606E+01
  0.44605600E+02  0.15523044E+01  0.15523044E+01
  0.44667100E+02  0.15102373E+01  0.15102373E+01
  0.44728600E+02  0.14597707E+01  0.14597707E+01
  0.44790100E+02  0.14124031E+01  0.14124031E+01
  0.44851700E+02  0.13649031E+01  0.13649031E+01
  0.44913200E+02  0.13136504E+01  0.13136504E+01
  0.44974700E+02  0.12716612E+01  0.12716612E+01
  0.45036200E+02  0.12505702E+01  0.12505702E+01
  0.45097800E+02  0.12486520E+01  0.12486520E+01
  0.45159300E+02  0.12550786E+01  0.12550786E+01
  0.45220800E+02  0.12549685E+01  0.12549685E+01
  0.45282300E+02  0.12628693E+01  0.12628693E+01
  0.45343900E+02  0.12842894E+01  0.12842894E+01
  0.45405400E+02  0.13075870E+01  0.13075870E+01
  0.45466900E+02  0.13393573E+01  0.13393573E+01
  0.45528400E+02  0.13704761E+01  0.13704761E+01
  0.45590000E+02  0.14031445E+01  0.14031445E+01
  0.45651500E+02  0.14436070E+01  0.14436070E+01
  0.45713000E+02  0.14746099E+01  0.14746099E+01
  0.45774500E+02  0.14776988E+01  0.14776988E+01
  0.45836100E+02  0.14612466E+01  0.14612466E+01
  0.45897600E+02  0.14454803E+01  0.14454803E+01
  0.45959100E+02  0.14418701E+01  0.14418701E+01
  0.46020600E+02  0.14512055E+01  0.14512055E+01
  0.46082200E+02  0.14679798E+01  0.14679798E+01
  0.46143700E+02  0.14755083E+01  0.14755083E+01
  0.46205200E+02  0.14640906E+01  0.14640906E+01
  0.46266700E+02  0.14295558E+01  0.14295558E+01
  0.46328300E+02  0.14005188E+01  0.14005188E+01
  0.46389800E+02  0.13900600E+01  0.13900600E+01
  0.46451300E+02  0.13803161E+01  0.13803161E+01
  0.46512800E+02  0.13653019E+01  0.13653019E+01
  0.46574400E+02  0.13472480E+01  0.13472480E+01
  0.46635900E+02  0.13272624E+01  0.13272624E+01
  0.46697400E+02  0.13057165E+01  0.13057165E+01
  0.46758900E+02  0.13006638E+01  0.13006638E+01
  0.46820500E+02  0.13238512E+01  0.13238512E+01
  0.46882000E+02  0.13531280E+01  0.13531280E+01
  0.46943500E+02  0.13703898E+01  0.13703898E+01
  0.47005000E+02  0.13895833E+01  0.13895833E+01
  0.47066600E+02  0.14163996E+01  0.14163996E+01
  0.47128100E+02  0.14425199E+01  0.14425199E+01
  0.47189600E+02  0.14531356E+01  0.14531356E+01
  0.47251100E+02  0.14360193E+01  0.14360193E+01
  0.47312700E+02  0.13979183E+01  0.13979183E+01
  0.47374200E+02  0.13623786E+01  0.13623786E+01
  0.47435700E+02  0.13381925E+01  0.13381925E+01
  0.47497200E+02  0.13231115E+01  0.13231115E+01
  0.47558800E+02  0.13056936E+01  0.13056936E+01
  0.47620300E+02  0.12744293E+01  0.12744293E+01
  0.47681800E+02  0.12311862E+01  0.12311862E+01
  0.47743300E+02  0.11889798E+01  0.11889798E+01
  0.47804900E+02  0.11620492E+01  0.11620492E+01
  0.47866400E+02  0.11442866E+01  0.11442866E+01
  0.47927900E+02  0.11187615E+01  0.11187615E+01
  0.47989400E+02  0.10885334E+01  0.10885334E+01
  0.48051000E+02  0.10678924E+01  0.10678924E+01
  0.48112500E+02  0.10673235E+01  0.10673235E+01
  0.48174000E+02  0.10787661E+01  0.10787661E+01
  0.48235500E+02  0.10816958E+01  0.10816958E+01
  0.48297100E+02  0.10760821E+01  0.10760821E+01
  0.48358600E+02  0.10751176E+01  0.10751176E+01
  0.48420100E+02  0.10823290E+01  0.10823290E+01
  0.48481600E+02  0.10918959E+01  0.10918959E+01
  0.48543200E+02  0.11003140E+01  0.11003140E+01
  0.48604700E+02  0.11161784E+01  0.11161784E+01
  0.48666200E+02  0.11481345E+01  0.11481345E+01
  0.48727700E+02  0.11946749E+01  0.11946749E+01
  0.48789300E+02  0.12397613E+01  0.12397613E+01
  0.48850800E+02  0.12672669E+01  0.12672669E+01
  0.48912300E+02  0.12806693E+01  0.12806693E+01
  0.48973800E+02  0.13153808E+01  0.13153808E+01
  0.49035400E+02  0.13659606E+01  0.13659606E+01
  0.49096900E+02  0.14154752E+01  0.14154752E+01
  0.49158400E+02  0.14765804E+01  0.14765804E+01
  0.49219900E+02  0.15782305E+01  0.15782305E+01
  0.49281500E+02  0.17078911E+01  0.17078911E+01
  0.49343000E+02  0.17997519E+01  0.17997519E+01
  0.49404500E+02  0.18214740E+01  0.18214740E+01
  0.49466000E+02  0.17899094E+01  0.17899094E+01
  0.49527600E+02  0.17339547E+01  0.17339547E+01
  0.49589100E+02  0.16746597E+01  0.16746597E+01
  0.49650600E+02  0.16252000E+01  0.16252000E+01
  0.49712100E+02  0.15760127E+01  0.15760127E+01
  0.49773700E+02  0.15206942E+01  0.15206942E+01
  0.49835200E+02  0.14728500E+01  0.14728500E+01
  0.49896700E+02  0.14365262E+01  0.14365262E+01
  0.49958200E+02  0.14061381E+01  0.14061381E+01
  0.50019800E+02  0.13841256E+01  0.13841256E+01
  0.50081300E+02  0.13503657E+01  0.13503657E+01
  0.50142800E+02  0.12915036E+01  0.12915036E+01
  0.50204300E+02  0.12203742E+01  0.12203742E+01
  0.50265900E+02  0.11672696E+01  0.11672696E+01
  0.50327400E+02  0.11354915E+01  0.11354915E+01
  0.50388900E+02  0.11109303E+01  0.11109303E+01
  0.50450400E+02  0.10883355E+01  0.10883355E+01
  0.50512000E+02  0.10721875E+01  0.10721875E+01
  0.50573500E+02  0.10690166E+01  0.10690166E+01
  0.50635000E+02  0.10752058E+01  0.10752058E+01
  0.50696500E+02  0.10838543E+01  0.10838543E+01
  0.50758100E+02  0.10872134E+01  0.10872134E+01
  0.50819600E+02  0.10738097E+01  0.10738097E+01
  0.50881100E+02  0.10493164E+01  0.10493164E+01
  0.50942600E+02  0.10341886E+01  0.10341886E+01
  0.51004200E+02  0.10276415E+01  0.10276415E+01
  0.51065700E+02  0.10231281E+01  0.10231281E+01
  0.51127200E+02  0.10181894E+01  0.10181894E+01
  0.51188700E+02  0.10025269E+01  0.10025269E+01
  0.51250300E+02  0.97074296E+00  0.97074296E+00
  0.51311800E+02  0.93640059E+00  0.93640059E+00
  0.51373300E+02  0.91726779E+00  0.91726779E+00
  0.51434800E+02  0.91588268E+00  0.91588268E+00
  0.51496400E+02  0.91905138E+00  0.91905138E+00
  0.51557900E+02  0.91765983E+00  0.91765983E+00
  0.51619400E+02  0.91501629E+00  0.91501629E+00
  0.51680900E+02  0.91943322E+00  0.91943322E+00
  0.51742500E+02  0.92802325E+00  0.92802325E+00
  0.51804000E+02  0.93412830E+00  0.93412830E+00
  0.51865500E+02  0.93732392E+00  0.93732392E+00
  0.51927000E+02  0.93175016E+00  0.93175016E+00
  0.51988600E+02  0.92323409E+00  0.92323409E+00
  0.52050100E+02  0.92181334E+00  0.92181334E+00
  0.52111600E+02  0.92457976E+00  0.92457976E+00
  0.52173100E+02  0.93154818E+00  0.93154818E+00
  0.52234700E+02  0.94483678E+00  0.94483678E+00
  0.52296200E+02  0.95773149E+00  0.95773149E+00
  0.52357700E+02  0.95548745E+00  0.95548745E+00
  0.52419200E+02  0.93973836E+00  0.93973836E+00
  0.52480800E+02  0.92606284E+00  0.92606284E+00
  0.52542300E+02  0.92376584E+00  0.92376584E+00
  0.52603800E+02  0.93796850E+00  0.93796850E+00
  0.52665300E+02  0.97042376E+00  0.97042376E+00
  0.52726900E+02  0.10038027E+01  0.10038027E+01
  0.52788400E+02  0.10223885E+01  0.10223885E+01
  0.52849900E+02  0.10354867E+01  0.10354867E+01
  0.52911400E+02  0.10460581E+01  0.10460581E+01
  0.52973000E+02  0.10472759E+01  0.10472759E+01
  0.53034500E+02  0.10540393E+01  0.10540393E+01
  0.53096000E+02  0.10625245E+01  0.10625245E+01
  0.53157500E+02  0.10616166E+01  0.10616166E+01
  0.53219000E+02  0.10491418E+01  0.10491418E+01
  0.53280600E+02  0.10319213E+01  0.10319213E+01
  0.53342100E+02  0.10228113E+01  0.10228113E+01
  0.53403600E+02  0.10300065E+01  0.10300065E+01
  0.53465100E+02  0.10406570E+01  0.10406570E+01
  0.53526700E+02  0.10401333E+01  0.10401333E+01
  0.53588200E+02  0.10258054E+01  0.10258054E+01
  0.53649700E+02  0.10006498E+01  0.10006498E+01
  0.53711200E+02  0.97456942E+00  0.97456942E+00
  0.53772800E+02  0.95491862E+00  0.95491862E+00
  0.53834300E+02  0.94128291E+00  0.94128291E+00
  0.53895800E+02  0.93108289E+00  0.93108289E+00
  0.53957300E+02  0.91304222E+00  0.91304222E+00
  0.54018900E+02  0.88713583E+00  0.88713583E+00
  0.54080400E+02  0.86508275E+00  0.86508275E+00
  0.54141900E+02  0.85343275E+00  0.85343275E+00
  0.54203400E+02  0.84916847E+00  0.84916847E+00
  0.54265000E+02  0.84751369E+00  0.84751369E+00
  0.54326500E+02  0.84454001E+00  0.84454001E+00
  0.54388000E+02  0.84462081E+00  0.84462081E+00
  0.54449500E+02  0.84864273E+00  0.84864273E+00
  0.54511100E+02  0.85091867E+00  0.85091867E+00
  0.54572600E+02  0.83563152E+00  0.83563152E+00
  0.54634100E+02  0.81283441E+00  0.81283441E+00
  0.54695600E+02  0.80230673E+00  0.80230673E+00
  0.54757200E+02  0.80629451E+00  0.80629451E+00
  0.54818700E+02  0.81734523E+00  0.81734523E+00
  0.54880200E+02  0.82223648E+00  0.82223648E+00
  0.54941700E+02  0.81210583E+00  0.81210583E+00
  0.55003300E+02  0.79487064E+00  0.79487064E+00
  0.55064800E+02  0.77449189E+00  0.77449189E+00
  0.55126300E+02  0.75406563E+00  0.75406563E+00
  0.55187800E+02  0.73847655E+00  0.73847655E+00
  0.55249400E+02  0.73129878E+00  0.73129878E+00
  0.55310900E+02  0.72766228E+00  0.72766228E+00
  0.55372400E+02  0.72089704E+00  0.72089704E+00
  0.55433900E+02  0.71143872E+00  0.71143872E+00
  0.55495500E+02  0.69972621E+00  0.69972621E+00
  0.55557000E+02  0.68843174E+00  0.68843174E+00
  0.55618500E+02  0.68113830E+00  0.68113830E+00
  0.55680000E+02  0.68054740E+00  0.68054740E+00
  0.55741600E+02  0.68533697E+00  0.68533697E+00
  0.55803100E+02  0.69103226E+00  0.69103226E+00
  0.55864600E+02  0.70258205E+00  0.70258205E+00
  0.55926100E+02  0.71505560E+00  0.71505560E+00
  0.55987700E+02  0.71854619E+00  0.71854619E+00
  0.56049200E+02  0.71257057E+00  0.71257057E+00
  0.56110700E+02  0.70567713E+00  0.70567713E+00
  0.56172200E+02  0.70193075E+00  0.70193075E+00
  0.56233800E+02  0.69862819E+00  0.69862819E+00
  0.56295300E+02  0.69486250E+00  0.69486250E+00
  0.56356800E+02  0.69607508E+00  0.69607508E+00
  0.56418300E+02  0.70364414E+00  0.70364414E+00
  0.56479900E+02  0.70759362E+00  0.70759362E+00
  0.56541400E+02  0.70426952E+00  0.70426952E+00
  0.56602900E+02  0.70184741E+00  0.70184741E+00
  0.56664400E+02  0.70215403E+00  0.70215403E+00
  0.56726000E+02  0.70063515E+00  0.70063515E+00
  0.56787500E+02  0.70642103E+00  0.70642103E+00
  0.56849000E+02  0.71770695E+00  0.71770695E+00
  0.56910500E+02  0.73038941E+00  0.73038941E+00
  0.56972100E+02  0.74218206E+00  0.74218206E+00
  0.57033600E+02  0.74849021E+00  0.74849021E+00
  0.57095100E+02  0.74837850E+00  0.74837850E+00
  0.57156600E+02  0.74780490E+00  0.74780490E+00
  0.57218200E+02  0.74584844E+00  0.74584844E+00
  0.57279700E+02  0.73881488E+00  0.73881488E+00
  0.57341200E+02  0.73130311E+00  0.73130311E+00
  0.57402700E+02  0.73070180E+00  0.73070180E+00
  0.57464300E+02  0.73610974E+00  0.73610974E+00
  0.57525800E+02  0.74430355E+00  0.74430355E+00
  0.57587300E+02  0.75436668E+00  0.75436668E+00
  0.57648800E+02  0.76444960E+00  0.76444960E+00
  0.57710400E+02  0.76805261E+00  0.76805261E+00
  0.57771900E+02  0.76375768E+00  0.76375768E+00
  0.57833400E+02  0.75619442E+00  0.75619442E+00
  0.57894900E+02  0.74768165E+00  0.74768165E+00
  0.57956500E+02  0.74054939E+00  0.74054939E+00
  0.58018000E+02  0.72686331E+00  0.72686331E+00
  0.58079500E+02  0.70753857E+00  0.70753857E+00
  0.58141000E+02  0.69659215E+00  0.69659215E+00
  0.58202600E+02  0.70107675E+00  0.70107675E+00
  0.58264100E+02  0.71213150E+00  0.71213150E+00
  0.58325600E+02  0.72273871E+00  0.72273871E+00
  0.58387100E+02  0.73853456E+00  0.73853456E+00
  0.58448700E+02  0.75530398E+00  0.75530398E+00
  0.58510200E+02  0.76739783E+00  0.76739783E+00
  0.58571700E+02  0.78234317E+00  0.78234317E+00
  0.58633200E+02  0.80156428E+00  0.80156428E+00
  0.58694800E+02  0.82035310E+00  0.82035310E+00
  0.58756300E+02  0.83681428E+00  0.83681428E+00
  0.58817800E+02  0.85756757E+00  0.85756757E+00
  0.58879300E+02  0.88736398E+00  0.88736398E+00
  0.58940900E+02  0.91722231E+00  0.91722231E+00
  0.59002400E+02  0.94524049E+00  0.94524049E+00
  0.59063900E+02  0.96808731E+00  0.96808731E+00
  0.59125400E+02  0.97813451E+00  0.97813451E+00
  0.59187000E+02  0.97343868E+00  0.97343868E+00
  0.59248500E+02  0.96396195E+00  0.96396195E+00
  0.59310000E+02  0.94921389E+00  0.94921389E+00
  0.59371500E+02  0.92535637E+00  0.92535637E+00
  0.59433100E+02  0.90288357E+00  0.90288357E+00
  0.59494600E+02  0.88897763E+00  0.88897763E+00
  0.59556100E+02  0.86929046E+00  0.86929046E+00
  0.59617600E+02  0.84956073E+00  0.84956073E+00
  0.59679200E+02  0.83555226E+00  0.83555226E+00
  0.59740700E+02  0.82391518E+00  0.82391518E+00
  0.59802200E+02  0.81513951E+00  0.81513951E+00
  0.59863700E+02  0.80778912E+00  0.80778912E+00
  0.59925300E+02  0.79994105E+00  0.79994105E+00
  0.59986800E+02  0.80124468E+00  0.80124468E+00
  0.60048300E+02  0.81366228E+00  0.81366228E+00
  0.60109800E+02  0.83384230E+00  0.83384230E+00
  0.60171400E+02  0.86326242E+00  0.86326242E+00
  0.60232900E+02  0.89031627E+00  0.89031627E+00
  0.60294400E+02  0.91451264E+00  0.91451264E+00
  0.60355900E+02  0.93875651E+00  0.93875651E+00
  0.60417500E+02  0.95624348E+00  0.95624348E+00
  0.60479000E+02  0.95867677E+00  0.95867677E+00
  0.60540500E+02  0.95283178E+00  0.95283178E+00
  0.60602000E+02  0.95087394E+00  0.95087394E+00
  0.60663600E+02  0.94695924E+00  0.94695924E+00
  0.60725100E+02  0.93374933E+00  0.93374933E+00
  0.60786600E+02  0.90681555E+00  0.90681555E+00
  0.60848100E+02  0.88080458E+00  0.88080458E+00
  0.60909700E+02  0.86454264E+00  0.86454264E+00
  0.60971200E+02  0.85315060E+00  0.85315060E+00
  0.61032700E+02  0.84369820E+00  0.84369820E+00
  0.61094200E+02  0.83029230E+00  0.83029230E+00
  0.61155800E+02  0.81292237E+00  0.81292237E+00
  0.61217300E+02  0.79058867E+00  0.79058867E+00
  0.61278800E+02  0.76870153E+00  0.76870153E+00
  0.61340300E+02  0.74676886E+00  0.74676886E+00
  0.61401900E+02  0.72232153E+00  0.72232153E+00
  0.61463400E+02  0.70425177E+00  0.70425177E+00
  0.61524900E+02  0.70495644E+00  0.70495644E+00
  0.61586400E+02  0.71458099E+00  0.71458099E+00
  0.61648000E+02  0.71876804E+00  0.71876804E+00
  0.61709500E+02  0.71253353E+00  0.71253353E+00
  0.61771000E+02  0.69535043E+00  0.69535043E+00
  0.61832500E+02  0.67415146E+00  0.67415146E+00
  0.61894100E+02  0.65689420E+00  0.65689420E+00
  0.61955600E+02  0.64508393E+00  0.64508393E+00
  0.62017100E+02  0.64322920E+00  0.64322920E+00
  0.62078600E+02  0.64986117E+00  0.64986117E+00
  0.62140200E+02  0.65400605E+00  0.65400605E+00
  0.62201700E+02  0.65064933E+00  0.65064933E+00
  0.62263200E+02  0.64778568E+00  0.64778568E+00
  0.62324700E+02  0.63939872E+00  0.63939872E+00
  0.62386300E+02  0.62597510E+00  0.62597510E+00
  0.62447800E+02  0.62005995E+00  0.62005995E+00
  0.62509300E+02  0.62117357E+00  0.62117357E+00
  0.62570800E+02  0.62077778E+00  0.62077778E+00
  0.62632400E+02  0.61634927E+00  0.61634927E+00
  0.62693900E+02  0.61090096E+00  0.61090096E+00
  0.62755400E+02  0.60746059E+00  0.60746059E+00
  0.62816900E+02  0.61209950E+00  0.61209950E+00
  0.62878500E+02  0.62332459E+00  0.62332459E+00
  0.62940000E+02  0.63203729E+00  0.63203729E+00
  0.63001500E+02  0.63620341E+00  0.63620341E+00
  0.63063000E+02  0.63783931E+00  0.63783931E+00
  0.63124600E+02  0.63846235E+00  0.63846235E+00
  0.63186100E+02  0.64366017E+00  0.64366017E+00
  0.63247600E+02  0.65446496E+00  0.65446496E+00
  0.63309100E+02  0.66528954E+00  0.66528954E+00
  0.63370700E+02  0.67358545E+00  0.67358545E+00
  0.63432200E+02  0.68393677E+00  0.68393677E+00
  0.63493700E+02  0.69788315E+00  0.69788315E+00
  0.63555200E+02  0.71134388E+00  0.71134388E+00
  0.63616800E+02  0.71766408E+00  0.71766408E+00
  0.63678300E+02  0.71989501E+00  0.71989501E+00
  0.63739800E+02  0.73084779E+00  0.73084779E+00
  0.63801300E+02  0.76132845E+00  0.76132845E+00
  0.63862900E+02  0.79854800E+00  0.79854800E+00
  0.63924400E+02  0.82349197E+00  0.82349197E+00
  0.63985900E+02  0.83303678E+00  0.83303678E+00
  0.64047400E+02  0.84414447E+00  0.84414447E+00
  0.64109000E+02  0.87487545E+00  0.87487545E+00
  0.64170500E+02  0.91030958E+00  0.91030958E+00
  0.64232000E+02  0.92410291E+00  0.92410291E+00
  0.64293500E+02  0.92136639E+00  0.92136639E+00
  0.64355100E+02  0.91707089E+00  0.91707089E+00
  0.64416600E+02  0.91069078E+00  0.91069078E+00
  0.64478100E+02  0.89080758E+00  0.89080758E+00
  0.64539600E+02  0.85997927E+00  0.85997927E+00
  0.64601200E+02  0.82649283E+00  0.82649283E+00
  0.64662700E+02  0.80802848E+00  0.80802848E+00
  0.64724200E+02  0.80879699E+00  0.80879699E+00
  0.64785700E+02  0.81529970E+00  0.81529970E+00
  0.64847300E+02  0.81555312E+00  0.81555312E+00
  0.64908800E+02  0.81214832E+00  0.81214832E+00
  0.64970300E+02  0.81030394E+00  0.81030394E+00
  0.65031800E+02  0.80165207E+00  0.80165207E+00
  0.65093400E+02  0.78512710E+00  0.78512710E+00
  0.65154900E+02  0.77276233E+00  0.77276233E+00
  0.65216400E+02  0.77191747E+00  0.77191747E+00
  0.65277900E+02  0.77684742E+00  0.77684742E+00
  0.65339500E+02  0.78441521E+00  0.78441521E+00
  0.65401000E+02  0.79567838E+00  0.79567838E+00
  0.65462500E+02  0.81433566E+00  0.81433566E+00
  0.65524000E+02  0.83988061E+00  0.83988061E+00
  0.65585600E+02  0.86652885E+00  0.86652885E+00
  0.65647100E+02  0.88688563E+00  0.88688563E+00
  0.65708600E+02  0.89247495E+00  0.89247495E+00
  0.65770100E+02  0.88484287E+00  0.88484287E+00
  0.65831700E+02  0.86872095E+00  0.86872095E+00
  0.65893200E+02  0.84726400E+00  0.84726400E+00
  0.65954700E+02  0.82788826E+00  0.82788826E+00
  0.66016200E+02  0.80688134E+00  0.80688134E+00
  0.66077800E+02  0.78530335E+00  0.78530335E+00
  0.66139300E+02  0.77219749E+00  0.77219749E+00
  0.66200800E+02  0.76865410E+00  0.76865410E+00
  0.66262300E+02  0.77096769E+00  0.77096769E+00
  0.66323900E+02  0.76848240E+00  0.76848240E+00
  0.66385400E+02  0.75851173E+00  0.75851173E+00
  0.66446900E+02  0.75172921E+00  0.75172921E+00
  0.66508400E+02  0.75617104E+00  0.75617104E+00
  0.66570000E+02  0.76865567E+00  0.76865567E+00
  0.66631500E+02  0.78116094E+00  0.78116094E+00
  0.66693000E+02  0.78671169E+00  0.78671169E+00
  0.66754500E+02  0.78690001E+00  0.78690001E+00
  0.66816100E+02  0.78440038E+00  0.78440038E+00
  0.66877600E+02  0.78027925E+00  0.78027925E+00
  0.66939100E+02  0.77345613E+00  0.77345613E+00
  0.67000600E+02  0.76392359E+00  0.76392359E+00
  0.67062200E+02  0.74843767E+00  0.74843767E+00
  0.67123700E+02  0.72805998E+00  0.72805998E+00
  0.67185200E+02  0.71196848E+00  0.71196848E+00
  0.67246700E+02  0.70612708E+00  0.70612708E+00
  0.67308300E+02  0.71218981E+00  0.71218981E+00
  0.67369800E+02  0.71609304E+00  0.71609304E+00
  0.67431300E+02  0.71132095E+00  0.71132095E+00
  0.67492800E+02  0.70545282E+00  0.70545282E+00
  0.67554400E+02  0.70120456E+00  0.70120456E+00
  0.67615900E+02  0.69966666E+00  0.69966666E+00
  0.67677400E+02  0.69649113E+00  0.69649113E+00
  0.67738900E+02  0.68622297E+00  0.68622297E+00
  0.67800500E+02  0.66829831E+00  0.66829831E+00
  0.67862000E+02  0.64924690E+00  0.64924690E+00
  0.67923500E+02  0.63562526E+00  0.63562526E+00
  0.67985000E+02  0.62854230E+00  0.62854230E+00
  0.68046600E+02  0.62418404E+00  0.62418404E+00
  0.68108100E+02  0.62200805E+00  0.62200805E+00
  0.68169600E+02  0.62092415E+00  0.62092415E+00
  0.68231100E+02  0.61764122E+00  0.61764122E+00
  0.68292700E+02  0.61325325E+00  0.61325325E+00
  0.68354200E+02  0.61160548E+00  0.61160548E+00
  0.68415700E+02  0.60554976E+00  0.60554976E+00
  0.68477200E+02  0.59231924E+00  0.59231924E+00
  0.68538800E+02  0.57685885E+00  0.57685885E+00
  0.68600300E+02  0.56081691E+00  0.56081691E+00
  0.68661800E+02  0.55027008E+00  0.55027008E+00
  0.68723300E+02  0.54689213E+00  0.54689213E+00
  0.68784900E+02  0.54129416E+00  0.54129416E+00
  0.68846400E+02  0.53125279E+00  0.53125279E+00
  0.68907900E+02  0.52396491E+00  0.52396491E+00
  0.68969400E+02  0.52165777E+00  0.52165777E+00
  0.69031000E+02  0.52101279E+00  0.52101279E+00
  0.69092500E+02  0.51869723E+00  0.51869723E+00
  0.69154000E+02  0.51470741E+00  0.51470741E+00
  0.69215500E+02  0.51627902E+00  0.51627902E+00
  0.69277100E+02  0.52119794E+00  0.52119794E+00
  0.69338600E+02  0.52389233E+00  0.52389233E+00
  0.69400100E+02  0.52044805E+00  0.52044805E+00
  0.69461600E+02  0.51420227E+00  0.51420227E+00
  0.69523200E+02  0.50794534E+00  0.50794534E+00
  0.69584700E+02  0.49831636E+00  0.49831636E+00
  0.69646200E+02  0.48474676E+00  0.48474676E+00
  0.69707700E+02  0.47451779E+00  0.47451779E+00
  0.69769300E+02  0.47156876E+00  0.47156876E+00
  0.69830800E+02  0.47647953E+00  0.47647953E+00
  0.69892300E+02  0.48814679E+00  0.48814679E+00
  0.69953800E+02  0.50208534E+00  0.50208534E+00
  0.70015400E+02  0.51210479E+00  0.51210479E+00
  0.70076900E+02  0.51481007E+00  0.51481007E+00
  0.70138400E+02  0.51639060E+00  0.51639060E+00
  0.70199900E+02  0.51853796E+00  0.51853796E+00
  0.70261500E+02  0.51447016E+00  0.51447016E+00
  0.70323000E+02  0.50416939E+00  0.50416939E+00
  0.70384500E+02  0.49441615E+00  0.49441615E+00
  0.70446000E+02  0.49201398E+00  0.49201398E+00
  0.70507600E+02  0.49471354E+00  0.49471354E+00
  0.70569100E+02  0.49287374E+00  0.49287374E+00
  0.70630600E+02  0.48477845E+00  0.48477845E+00
  0.70692100E+02  0.47609949E+00  0.47609949E+00
  0.70753700E+02  0.47025192E+00  0.47025192E+00
  0.70815200E+02  0.47123048E+00  0.47123048E+00
  0.70876700E+02  0.48019425E+00  0.48019425E+00
  0.70938200E+02  0.48974367E+00  0.48974367E+00
  0.70999700E+02  0.49816634E+00  0.49816634E+00
  0.71061300E+02  0.50831893E+00  0.50831893E+00
  0.71122800E+02  0.51734309E+00  0.51734309E+00
  0.71184300E+02  0.52351821E+00  0.52351821E+00
  0.71245800E+02  0.53027650E+00  0.53027650E+00
  0.71307400E+02  0.53991526E+00  0.53991526E+00
  0.71368900E+02  0.55186617E+00  0.55186617E+00
  0.71430400E+02  0.56268735E+00  0.56268735E+00
  0.71491900E+02  0.57180059E+00  0.57180059E+00
  0.71553500E+02  0.57517202E+00  0.57517202E+00
  0.71615000E+02  0.57854759E+00  0.57854759E+00
  0.71676500E+02  0.58192811E+00  0.58192811E+00
  0.71738000E+02  0.58185018E+00  0.58185018E+00
  0.71799600E+02  0.58234981E+00  0.58234981E+00
  0.71861100E+02  0.58284862E+00  0.58284862E+00
  0.71922600E+02  0.58103256E+00  0.58103256E+00
  0.71984100E+02  0.58095018E+00  0.58095018E+00
  0.72045700E+02  0.58492557E+00  0.58492557E+00
  0.72107200E+02  0.58542488E+00  0.58542488E+00
  0.72168700E+02  0.58069791E+00  0.58069791E+00
  0.72230200E+02  0.57363725E+00  0.57363725E+00
  0.72291800E+02  0.56307439E+00  0.56307439E+00
  0.72353300E+02  0.54783446E+00  0.54783446E+00
  0.72414800E+02  0.53198513E+00  0.53198513E+00
  0.72476300E+02  0.52077347E+00  0.52077347E+00
  0.72537900E+02  0.51537941E+00  0.51537941E+00
  0.72599400E+02  0.51873718E+00  0.51873718E+00
  0.72660900E+02  0.52268456E+00  0.52268456E+00
  0.72722400E+02  0.51903088E+00  0.51903088E+00
  0.72784000E+02  0.51185710E+00  0.51185710E+00
  0.72845500E+02  0.51053117E+00  0.51053117E+00
  0.72907000E+02  0.51624193E+00  0.51624193E+00
  0.72968500E+02  0.52548441E+00  0.52548441E+00
  0.73030100E+02  0.53297957E+00  0.53297957E+00
  0.73091600E+02  0.53048778E+00  0.53048778E+00
  0.73153100E+02  0.51739591E+00  0.51739591E+00
  0.73214600E+02  0.50310304E+00  0.50310304E+00
  0.73276200E+02  0.49704063E+00  0.49704063E+00
  0.73337700E+02  0.49568748E+00  0.49568748E+00
  0.73399200E+02  0.49492196E+00  0.49492196E+00
  0.73460700E+02  0.49415446E+00  0.49415446E+00
  0.73522300E+02  0.48687816E+00  0.48687816E+00
  0.73583800E+02  0.47129915E+00  0.47129915E+00
  0.73645300E+02  0.46043405E+00  0.46043405E+00
  0.73706800E+02  0.45785318E+00  0.45785318E+00
  0.73768400E+02  0.46120368E+00  0.46120368E+00
  0.73829900E+02  0.46931102E+00  0.46931102E+00
  0.73891400E+02  0.47445843E+00  0.47445843E+00
  0.73952900E+02  0.47604343E+00  0.47604343E+00
  0.74014500E+02  0.47763105E+00  0.47763105E+00
  0.74076000E+02  0.47385561E+00  0.47385561E+00
  0.74137500E+02  0.46768709E+00  0.46768709E+00
  0.74199000E+02  0.46329877E+00  0.46329877E+00
  0.74260600E+02  0.46129328E+00  0.46129328E+00
  0.74322100E+02  0.46107729E+00  0.46107729E+00
  0.74383600E+02  0.46385290E+00  0.46385290E+00
  0.74445100E+02  0.46603345E+00  0.46603345E+00
  0.74506700E+02  0.46581957E+00  0.46581957E+00
  0.74568200E+02  0.46260403E+00  0.46260403E+00
  0.74629700E+02  0.45938257E+00  0.45938257E+00
  0.74691200E+02  0.45495317E+00  0.45495317E+00
  0.74752800E+02  0.44931348E+00  0.44931348E+00
  0.74814300E+02  0.44486725E+00  0.44486725E+00
  0.74875800E+02  0.44222054E+00  0.44222054E+00
  0.74937300E+02  0.44017187E+00  0.44017187E+00
  0.74998900E+02  0.43872328E+00  0.43872328E+00
  0.75060400E+02  0.43908304E+00  0.43908304E+00
  0.75121900E+02  0.44065172E+00  0.44065172E+00
  0.75183400E+02  0.44161742E+00  0.44161742E+00
  0.75245000E+02  0.44440106E+00  0.44440106E+00
  0.75306500E+02  0.44415834E+00  0.44415834E+00
  0.75368000E+02  0.43724377E+00  0.43724377E+00
  0.75429500E+02  0.42849653E+00  0.42849653E+00
  0.75491100E+02  0.42520188E+00  0.42520188E+00
  0.75552600E+02  0.42615620E+00  0.42615620E+00
  0.75614100E+02  0.42832835E+00  0.42832835E+00
  0.75675600E+02  0.43172131E+00  0.43172131E+00
  0.75737200E+02  0.43633861E+00  0.43633861E+00
  0.75798700E+02  0.43852265E+00  0.43852265E+00
  0.75860200E+02  0.43399524E+00  0.43399524E+00
  0.75921700E+02  0.42762722E+00  0.42762722E+00
  0.75983300E+02  0.42063748E+00  0.42063748E+00
  0.76044800E+02  0.41547096E+00  0.41547096E+00
  0.76106300E+02  0.41335744E+00  0.41335744E+00
  0.76167800E+02  0.41553010E+00  0.41553010E+00
  0.76229400E+02  0.42077313E+00  0.42077313E+00
  0.76290900E+02  0.42418193E+00  0.42418193E+00
  0.76352400E+02  0.42145207E+00  0.42145207E+00
  0.76413900E+02  0.41195383E+00  0.41195383E+00
  0.76475500E+02  0.40182494E+00  0.40182494E+00
  0.76537000E+02  0.39845299E+00  0.39845299E+00
  0.76598500E+02  0.39384243E+00  0.39384243E+00
  0.76660000E+02  0.37997140E+00  0.37997140E+00
  0.76721600E+02  0.36484341E+00  0.36484341E+00
  0.76783100E+02  0.35772195E+00  0.35772195E+00
  0.76844600E+02  0.35924511E+00  0.35924511E+00
  0.76906100E+02  0.36200789E+00  0.36200789E+00
  0.76967700E+02  0.36477510E+00  0.36477510E+00
  0.77029200E+02  0.36816560E+00  0.36816560E+00
  0.77090700E+02  0.36845955E+00  0.36845955E+00
  0.77152200E+02  0.36751189E+00  0.36751189E+00
  0.77213800E+02  0.36842662E+00  0.36842662E+00
  0.77275300E+02  0.36747649E+00  0.36747649E+00
  0.77336800E+02  0.36465754E+00  0.36465754E+00
  0.77398300E+02  0.35996530E+00  0.35996530E+00
  0.77459900E+02  0.35090270E+00  0.35090270E+00
  0.77521400E+02  0.33745841E+00  0.33745841E+00
  0.77582900E+02  0.32836218E+00  0.32836218E+00
  0.77644400E+02  0.32549869E+00  0.32549869E+00
  0.77706000E+02  0.32763268E+00  0.32763268E+00
  0.77767500E+02  0.33227222E+00  0.33227222E+00
  0.77829000E+02  0.33691869E+00  0.33691869E+00
  0.77890500E+02  0.34157209E+00  0.34157209E+00
  0.77952100E+02  0.34246945E+00  0.34246945E+00
  0.78013600E+02  0.33771782E+00  0.33771782E+00
  0.78075100E+02  0.33107359E+00  0.33107359E+00
  0.78136600E+02  0.32693336E+00  0.32693336E+00
  0.78198200E+02  0.32215739E+00  0.32215739E+00
  0.78259700E+02  0.31989192E+00  0.31989192E+00
  0.78321200E+02  0.32203391E+00  0.32203391E+00
  0.78382700E+02  0.32607097E+00  0.32607097E+00
  0.78444300E+02  0.32695842E+00  0.32695842E+00
  0.78505800E+02  0.32342462E+00  0.32342462E+00
  0.78567300E+02  0.31862052E+00  0.31862052E+00
  0.78628800E+02  0.31380850E+00  0.31380850E+00
  0.78690400E+02  0.31152165E+00  0.31152165E+00
  0.78751900E+02  0.30923044E+00  0.30923044E+00
  0.78813400E+02  0.30756944E+00  0.30756944E+00
  0.78874900E+02  0.30780944E+00  0.30780944E+00
  0.78936500E+02  0.30550922E+00  0.30550922E+00
  0.78998000E+02  0.29939075E+00  0.29939075E+00
  0.79059500E+02  0.29389853E+00  0.29389853E+00
  0.79121000E+02  0.29094396E+00  0.29094396E+00
  0.79182600E+02  0.28862194E+00  0.28862194E+00
  0.79244100E+02  0.28757085E+00  0.28757085E+00
  0.79305600E+02  0.28715590E+00  0.28715590E+00
  0.79367100E+02  0.28801721E+00  0.28801721E+00
  0.79428700E+02  0.28951898E+00  0.28951898E+00
  0.79490200E+02  0.28910354E+00  0.28910354E+00
  0.79551700E+02  0.28996731E+00  0.28996731E+00
  0.79613200E+02  0.29211328E+00  0.29211328E+00
  0.79674800E+02  0.29426259E+00  0.29426259E+00
  0.79736300E+02  0.29320654E+00  0.29320654E+00
  0.79797800E+02  0.28893810E+00  0.28893810E+00
  0.79859300E+02  0.28209241E+00  0.28209241E+00
  0.79920900E+02  0.27652233E+00  0.27652233E+00
  0.79982400E+02  0.27416083E+00  0.27416083E+00
  0.80043900E+02  0.27179538E+00  0.27179538E+00
  0.80105400E+02  0.27007053E+00  0.27007053E+00
  0.80167000E+02  0.26769799E+00  0.26769799E+00
  0.80228500E+02  0.26532115E+00  0.26532115E+00
  0.80290000E+02  0.26423245E+00  0.26423245E+00
  0.80351500E+02  0.26508138E+00  0.26508138E+00
  0.80413100E+02  0.26787274E+00  0.26787274E+00
  0.80474600E+02  0.27261033E+00  0.27261033E+00
  0.80536100E+02  0.27605879E+00  0.27605879E+00
  0.80597600E+02  0.27432403E+00  0.27432403E+00
  0.80659200E+02  0.26869255E+00  0.26869255E+00
  0.80720700E+02  0.26370134E+00  0.26370134E+00
  0.80782200E+02  0.26065222E+00  0.26065222E+00
  0.80843700E+02  0.25954965E+00  0.25954965E+00
  0.80905300E+02  0.25649244E+00  0.25649244E+00
  0.80966800E+02  0.25212698E+00  0.25212698E+00
  0.81028300E+02  0.24905856E+00  0.24905856E+00
  0.81089800E+02  0.24859511E+00  0.24859511E+00
  0.81151400E+02  0.25204884E+00  0.25204884E+00
  0.81212900E+02  0.25354679E+00  0.25354679E+00
  0.81274400E+02  0.24916103E+00  0.24916103E+00
  0.81335900E+02  0.24673173E+00  0.24673173E+00
  0.81397500E+02  0.24691859E+00  0.24691859E+00
  0.81459000E+02  0.24710515E+00  0.24710515E+00
  0.81520500E+02  0.24466793E+00  0.24466793E+00
  0.81582000E+02  0.24157030E+00  0.24157030E+00
  0.81643600E+02  0.23978190E+00  0.23978190E+00
  0.81705100E+02  0.23996252E+00  0.23996252E+00
  0.81766600E+02  0.24014314E+00  0.24014314E+00
  0.81828100E+02  0.24032376E+00  0.24032376E+00
  0.81889700E+02  0.23589226E+00  0.23589226E+00
  0.81951200E+02  0.22815647E+00  0.22815647E+00
  0.82012700E+02  0.22040881E+00  0.22040881E+00
  0.82074200E+02  0.21661168E+00  0.21661168E+00
  0.82135800E+02  0.21346977E+00  0.21346977E+00
  0.82197300E+02  0.20899987E+00  0.20899987E+00
  0.82258800E+02  0.20319926E+00  0.20319926E+00
  0.82320300E+02  0.19738975E+00  0.19738975E+00
  0.82381900E+02  0.19621170E+00  0.19621170E+00
  0.82443400E+02  0.19967503E+00  0.19967503E+00
  0.82504900E+02  0.20181559E+00  0.20181559E+00
  0.82566400E+02  0.20329475E+00  0.20329475E+00
  0.82628000E+02  0.20477613E+00  0.20477613E+00
  0.82689500E+02  0.20692460E+00  0.20692460E+00
  0.82751000E+02  0.20907605E+00  0.20907605E+00
  0.82812500E+02  0.20723240E+00  0.20723240E+00
  0.82874100E+02  0.20271869E+00  0.20271869E+00
  0.82935600E+02  0.19753046E+00  0.19753046E+00
  0.82997100E+02  0.19366997E+00  0.19366997E+00
  0.83058600E+02  0.19247684E+00  0.19247684E+00
  0.83120200E+02  0.19195077E+00  0.19195077E+00
  0.83181700E+02  0.19008485E+00  0.19008485E+00
  0.83243200E+02  0.18553674E+00  0.18553674E+00
  0.83304700E+02  0.18232230E+00  0.18232230E+00
  0.83366300E+02  0.18245712E+00  0.18245712E+00
  0.83427800E+02  0.18259172E+00  0.18259172E+00
  0.83489300E+02  0.18003917E+00  0.18003917E+00
  0.83550800E+02  0.17412124E+00  0.17412124E+00
  0.83612400E+02  0.16954017E+00  0.16954017E+00
  0.83673900E+02  0.16899160E+00  0.16899160E+00
  0.83735400E+02  0.17046334E+00  0.17046334E+00
  0.83796900E+02  0.16924001E+00  0.16924001E+00
  0.83858500E+02  0.16599063E+00  0.16599063E+00
  0.83920000E+02  0.16543711E+00  0.16543711E+00
  0.83981500E+02  0.16758560E+00  0.16758560E+00
  0.84043000E+02  0.16906081E+00  0.16906081E+00
  0.84104600E+02  0.17053820E+00  0.17053820E+00
  0.84166100E+02  0.16930843E+00  0.16930843E+00
  0.84227600E+02  0.16401032E+00  0.16401032E+00
  0.84289100E+02  0.15938251E+00  0.15938251E+00
  0.84350700E+02  0.15814155E+00  0.15814155E+00
  0.84412200E+02  0.15893606E+00  0.15893606E+00
  0.84473700E+02  0.15973157E+00  0.15973157E+00
  0.84535200E+02  0.15848745E+00  0.15848745E+00
  0.84596800E+02  0.15724154E+00  0.15724154E+00
  0.84658300E+02  0.15531227E+00  0.15531227E+00
  0.84719800E+02  0.14997158E+00  0.14997158E+00
  0.84781300E+02  0.14325861E+00  0.14325861E+00
  0.84842900E+02  0.14063198E+00  0.14063198E+00
  0.84904400E+02  0.14278345E+00  0.14278345E+00
  0.84965900E+02  0.14698889E+00  0.14698889E+00
  0.85027400E+02  0.15051610E+00  0.15051610E+00
  0.85089000E+02  0.15267912E+00  0.15267912E+00
  0.85150500E+02  0.15415979E+00  0.15415979E+00
  0.85212000E+02  0.15358548E+00  0.15358548E+00
  0.85273500E+02  0.15232404E+00  0.15232404E+00
  0.85335100E+02  0.15243407E+00  0.15243407E+00
  0.85396600E+02  0.15185680E+00  0.15185680E+00
  0.85458100E+02  0.15127853E+00  0.15127853E+00
  0.85519600E+02  0.14932302E+00  0.14932302E+00
  0.85581200E+02  0.14598748E+00  0.14598748E+00
  0.85642700E+02  0.14333593E+00  0.14333593E+00
  0.85704200E+02  0.14137003E+00  0.14137003E+00
  0.85765700E+02  0.13871105E+00  0.13871105E+00
  0.85827300E+02  0.13742948E+00  0.13742948E+00
  0.85888800E+02  0.13752796E+00  0.13752796E+00
  0.85950300E+02  0.13831802E+00  0.13831802E+00
  0.86011800E+02  0.13841699E+00  0.13841699E+00
  0.86073400E+02  0.13920871E+00  0.13920871E+00
  0.86134900E+02  0.13861510E+00  0.13861510E+00
  0.86196400E+02  0.13732693E+00  0.13732693E+00
  0.86257900E+02  0.13534271E+00  0.13534271E+00
  0.86319500E+02  0.13196656E+00  0.13196656E+00
  0.86381000E+02  0.12858530E+00  0.12858530E+00
  0.86442500E+02  0.12728575E+00  0.12728575E+00
  0.86504000E+02  0.12737631E+00  0.12737631E+00
  0.86565600E+02  0.12816355E+00  0.12816355E+00
  0.86627100E+02  0.12755757E+00  0.12755757E+00
  0.86688600E+02  0.12416048E+00  0.12416048E+00
  0.86750100E+02  0.12075843E+00  0.12075843E+00
  0.86811700E+02  0.11805010E+00  0.11805010E+00
  0.86873200E+02  0.11813373E+00  0.11813373E+00
  0.86934700E+02  0.11961638E+00  0.11961638E+00
  0.86996200E+02  0.12040100E+00  0.12040100E+00
  0.87057800E+02  0.12258776E+00  0.12258776E+00
  0.87119300E+02  0.12617934E+00  0.12617934E+00
  0.87180800E+02  0.12837289E+00  0.12837289E+00
  0.87242300E+02  0.12565550E+00  0.12565550E+00
  0.87303900E+02  0.12223182E+00  0.12223182E+00
  0.87365400E+02  0.11880304E+00  0.11880304E+00
  0.87426900E+02  0.11466584E+00  0.11466584E+00
  0.87488400E+02  0.11052270E+00  0.11052270E+00
  0.87550000E+02  0.10707821E+00  0.10707821E+00
  0.87611500E+02  0.10644847E+00  0.10644847E+00
  0.87673000E+02  0.10793410E+00  0.10793410E+00
  0.87734500E+02  0.10871576E+00  0.10871576E+00
  0.87796100E+02  0.10879209E+00  0.10879209E+00
  0.87857600E+02  0.10886830E+00  0.10886830E+00
  0.87919100E+02  0.10752964E+00  0.10752964E+00
  0.87980600E+02  0.10335730E+00  0.10335730E+00
  0.88042200E+02  0.10059598E+00  0.10059598E+00
  0.88103700E+02  0.99957328E-01  0.99957328E-01
  0.88165200E+02  0.10073651E+00  0.10073651E+00
  0.88226700E+02  0.10080678E+00  0.10080678E+00
  0.88288300E+02  0.10087717E+00  0.10087717E+00
  0.88349800E+02  0.10165833E+00  0.10165833E+00
  0.88411300E+02  0.10244049E+00  0.10244049E+00
  0.88472800E+02  0.10179986E+00  0.10179986E+00
  0.88534400E+02  0.10044598E+00  0.10044598E+00
  0.88595900E+02  0.99089994E-01  0.99089994E-01
  0.88657400E+02  0.97732034E-01  0.97732034E-01
  0.88718900E+02  0.96372094E-01  0.96372094E-01
  0.88780400E+02  0.94295812E-01  0.94295812E-01
  0.88842000E+02  0.91501808E-01  0.91501808E-01
  0.88903500E+02  0.88703738E-01  0.88703738E-01
  0.88965000E+02  0.87333405E-01  0.87333405E-01
  0.89026500E+02  0.88110119E-01  0.88110119E-01
  0.89088100E+02  0.88887923E-01  0.88887923E-01
  0.89149600E+02  0.88949285E-01  0.88949285E-01
  0.89211100E+02  0.87574991E-01  0.87574991E-01
  0.89272600E+02  0.87635364E-01  0.87635364E-01
  0.89334200E+02  0.86977015E-01  0.86977015E-01
  0.89395700E+02  0.86317580E-01  0.86317580E-01
  0.89457200E+02  0.86376962E-01  0.86376962E-01
  0.89518700E+02  0.88597253E-01  0.88597253E-01
  0.89580300E+02  0.90820614E-01  0.90820614E-01
  0.89641800E+02  0.90161673E-01  0.90161673E-01
  0.89703300E+02  0.89501741E-01  0.89501741E-01
  0.89764800E+02  0.88840820E-01  0.88840820E-01
  0.89826400E+02  0.86010671E-01  0.86010671E-01
  0.89887900E+02  0.81729917E-01  0.81729917E-01
  0.89949400E+02  0.78890761E-01  0.78890761E-01
  0.90010900E+02  0.76771910E-01  0.76771910E-01
  0.90072500E+02  0.74650173E-01  0.74650173E-01
  0.90134000E+02  0.75426397E-01  0.75426397E-01
  0.90195500E+02  0.76203610E-01  0.76203610E-01
  0.90257000E+02  0.76981813E-01  0.76981813E-01
  0.90318600E+02  0.77761092E-01  0.77761092E-01
  0.90380100E+02  0.80722978E-01  0.80722978E-01
  0.90441600E+02  0.82961093E-01  0.82961093E-01
  0.90503100E+02  0.81561059E-01  0.81561059E-01
  0.90564700E+02  0.78701695E-01  0.78701695E-01
  0.90626200E+02  0.76567497E-01  0.76567497E-01
  0.90687700E+02  0.74430329E-01  0.74430329E-01
  0.90749200E+02  0.71559988E-01  0.71559988E-01
  0.90810800E+02  0.70877863E-01  0.70877863E-01
  0.90872300E+02  0.71657058E-01  0.71657058E-01
  0.90933800E+02  0.72437243E-01  0.72437243E-01
  0.90995300E+02  0.74682786E-01  0.74682786E-01
  0.91056900E+02  0.76931383E-01  0.76931383E-01
  0.91118400E+02  0.75516993E-01  0.75516993E-01
  0.91179900E+02  0.72633285E-01  0.72633285E-01
  0.91241400E+02  0.70479782E-01  0.70479782E-01
  0.91303000E+02  0.69792705E-01  0.69792705E-01
  0.91364500E+02  0.70574871E-01  0.70574871E-01
  0.91426000E+02  0.74300626E-01  0.74300626E-01
  0.91487500E+02  0.78031329E-01  0.78031329E-01
  0.91549100E+02  0.78083869E-01  0.78083869E-01
  0.91610600E+02  0.73713512E-01  0.73713512E-01
  0.91672100E+02  0.67861958E-01  0.67861958E-01
  0.91733600E+02  0.59788111E-01  0.59788111E-01
  0.91795200E+02  0.51703434E-01  0.51703434E-01
  0.91856700E+02  0.47303382E-01  0.47303382E-01
  0.91918200E+02  0.45855832E-01  0.45855832E-01
  0.91979700E+02  0.46626618E-01  0.46626618E-01
  0.92041300E+02  0.47398445E-01  0.47398445E-01
  0.92102800E+02  0.48171211E-01  0.48171211E-01
  0.92164300E+02  0.49686558E-01  0.49686558E-01
  0.92225800E+02  0.50461798E-01  0.50461798E-01
  0.92287400E+02  0.50495503E-01  0.50495503E-01
  0.92348900E+02  0.49786077E-01  0.49786077E-01
  0.92410400E+02  0.49075662E-01  0.49075662E-01
  0.92471900E+02  0.47620191E-01  0.47620191E-01
  0.92533500E+02  0.46162791E-01  0.46162791E-01
  0.92595000E+02  0.43958304E-01  0.43958304E-01
  0.92656500E+02  0.42496398E-01  0.42496398E-01
  0.92718000E+02  0.41032514E-01  0.41032514E-01
  0.92779600E+02  0.38820151E-01  0.38820151E-01
  0.92841100E+02  0.38098847E-01  0.38098847E-01
  0.92902600E+02  0.38124084E-01  0.38124084E-01
  0.92964100E+02  0.38897348E-01  0.38897348E-01
  0.93025700E+02  0.38174601E-01  0.38174601E-01
  0.93087200E+02  0.36701805E-01  0.36701805E-01
  0.93148700E+02  0.35227030E-01  0.35227030E-01
  0.93210200E+02  0.33000270E-01  0.33000270E-01
  0.93271800E+02  0.30770574E-01  0.30770574E-01
  0.93333300E+02  0.28537873E-01  0.28537873E-01
  0.93394800E+02  0.26302203E-01  0.26302203E-01
  0.93456300E+02  0.25567536E-01  0.25567536E-01
  0.93517900E+02  0.24831906E-01  0.24831906E-01
  0.93579400E+02  0.23342283E-01  0.23342283E-01
  0.93640900E+02  0.21850680E-01  0.21850680E-01
  0.93702400E+02  0.21865031E-01  0.21865031E-01
  0.93764000E+02  0.22633867E-01  0.22633867E-01
  0.93825500E+02  0.22648713E-01  0.22648713E-01
  0.93887000E+02  0.23419010E-01  0.23419010E-01
  0.93948500E+02  0.23434351E-01  0.23434351E-01
  0.94010100E+02  0.24206158E-01  0.24206158E-01
  0.94071600E+02  0.24978931E-01  0.24978931E-01
  0.94133100E+02  0.24995261E-01  0.24995261E-01
  0.94194600E+02  0.24253664E-01  0.24253664E-01
  0.94256200E+02  0.23511103E-01  0.23511103E-01
  0.94317700E+02  0.22008608E-01  0.22008608E-01
  0.94379200E+02  0.21263547E-01  0.21263547E-01
  0.94440700E+02  0.19757588E-01  0.19757588E-01
  0.94502300E+02  0.17489266E-01  0.17489266E-01
  0.94563800E+02  0.16739750E-01  0.16739750E-01
  0.94625300E+02  0.16750637E-01  0.16750637E-01
  0.94686800E+02  0.18285299E-01  0.18285299E-01
  0.94748400E+02  0.18297195E-01  0.18297195E-01
  0.94809900E+02  0.18309071E-01  0.18309071E-01
  0.94871400E+02  0.17557575E-01  0.17557575E-01
  0.94932900E+02  0.17568956E-01  0.17568956E-01
  0.94994500E+02  0.16815993E-01  0.16815993E-01
  0.95056000E+02  0.16826880E-01  0.16826880E-01
  0.95117500E+02  0.16837767E-01  0.16837767E-01
  0.95179000E+02  0.16082806E-01  0.16082806E-01
  0.95240600E+02  0.15326871E-01  0.15326871E-01
  0.95302100E+02  0.13803091E-01  0.13803091E-01
  0.95363600E+02  0.13044665E-01  0.13044665E-01
  0.95425100E+02  0.12285250E-01  0.12285250E-01
  0.95486700E+02  0.12293180E-01  0.12293180E-01
  0.95548200E+02  0.13069916E-01  0.13069916E-01
  0.95609700E+02  0.13847642E-01  0.13847642E-01
  0.95671200E+02  0.14626358E-01  0.14626358E-01
  0.95732800E+02  0.15406080E-01  0.15406080E-01
  0.95794300E+02  0.14645178E-01  0.14645178E-01
  0.95855800E+02  0.13883286E-01  0.13883286E-01
  0.95917300E+02  0.12348617E-01  0.12348617E-01
  0.95978900E+02  0.11584263E-01  0.11584263E-01
  0.96040400E+02  0.10818907E-01  0.10818907E-01
  0.96101900E+02  0.10825835E-01  0.10825835E-01
  0.96163400E+02  0.10058994E-01  0.10058994E-01
  0.96225000E+02  0.10065437E-01  0.10065437E-01
  0.96286500E+02  0.92971112E-02  0.92971112E-02
  0.96348000E+02  0.85277953E-02  0.85277953E-02
  0.96409500E+02  0.85332387E-02  0.85332387E-02
  0.96471100E+02  0.85386909E-02  0.85386909E-02
  0.96532600E+02  0.85441343E-02  0.85441343E-02
  0.96594100E+02  0.85495777E-02  0.85495777E-02
  0.96655600E+02  0.93327503E-02  0.93327503E-02
  0.96717200E+02  0.85604733E-02  0.85604733E-02
  0.96778700E+02  0.85659167E-02  0.85659167E-02
  0.96840200E+02  0.85713601E-02  0.85713601E-02
  0.96901700E+02  0.77970941E-02  0.77970941E-02
  0.96963300E+02  0.78020507E-02  0.78020507E-02
  0.97024800E+02  0.78069992E-02  0.78069992E-02
  0.97086300E+02  0.78119477E-02  0.78119477E-02
  0.97147800E+02  0.78168963E-02  0.78168963E-02
  0.97209400E+02  0.78218528E-02  0.78218528E-02
  0.97270900E+02  0.70441212E-02  0.70441212E-02
  0.97332400E+02  0.70485749E-02  0.70485749E-02
  0.97393900E+02  0.70530286E-02  0.70530286E-02
  0.97455500E+02  0.62733240E-02  0.62733240E-02
  0.97517000E+02  0.62772828E-02  0.62772828E-02
  0.97578500E+02  0.62812417E-02  0.62812417E-02
  0.97640000E+02  0.62852005E-02  0.62852005E-02
  0.97701600E+02  0.55030200E-02  0.55030200E-02
  0.97763100E+02  0.55064840E-02  0.55064840E-02
  0.97824600E+02  0.55099480E-02  0.55099480E-02
  0.97886100E+02  0.55134120E-02  0.55134120E-02
  0.97947700E+02  0.55168816E-02  0.55168816E-02
  0.98009200E+02  0.55203455E-02  0.55203455E-02
  0.98070700E+02  0.55238095E-02  0.55238095E-02
  0.98132200E+02  0.47376630E-02  0.47376630E-02
  0.98193800E+02  0.47406369E-02  0.47406369E-02
  0.98255300E+02  0.47436061E-02  0.47436061E-02
  0.98316800E+02  0.47465752E-02  0.47465752E-02
  0.98378300E+02  0.47495443E-02  0.47495443E-02
  0.98439900E+02  0.47525182E-02  0.47525182E-02
  0.98501400E+02  0.47554874E-02  0.47554874E-02
  0.98562900E+02  0.47584565E-02  0.47584565E-02
  0.98624400E+02  0.47614256E-02  0.47614256E-02
  0.98686000E+02  0.47643996E-02  0.47643996E-02
  0.98747500E+02  0.47673687E-02  0.47673687E-02
  0.98809000E+02  0.47703378E-02  0.47703378E-02
  0.98870500E+02  0.39777558E-02  0.39777558E-02
  0.98932100E+02  0.39802340E-02  0.39802340E-02
  0.98993600E+02  0.39827083E-02  0.39827083E-02
  0.99055100E+02  0.31881461E-02  0.31881461E-02
  0.99116600E+02  0.31901255E-02  0.31901255E-02
  0.99178200E+02  0.31921081E-02  0.31921081E-02
  0.99239700E+02  0.31940875E-02  0.31940875E-02
  0.99301200E+02  0.31960669E-02  0.31960669E-02
  0.99362700E+02  0.31980464E-02  0.31980464E-02
  0.99424300E+02  0.32000290E-02  0.32000290E-02
  0.99485800E+02  0.32020084E-02  0.32020084E-02
  0.99547300E+02  0.32039878E-02  0.32039878E-02
  0.99608800E+02  0.32059672E-02  0.32059672E-02
  0.99670400E+02  0.32079499E-02  0.32079499E-02
  0.99731900E+02  0.32099293E-02  0.32099293E-02
  0.99793400E+02  0.32119087E-02  0.32119087E-02
  0.99854900E+02  0.32138881E-02  0.32138881E-02
  0.99916500E+02  0.24119030E-02  0.24119030E-02
  0.99978000E+02  0.24133876E-02  0.24133876E-02
  0.10003950E+03  0.24148722E-02  0.24148722E-02
  0.10010100E+03  0.24163567E-02  0.24163567E-02
  0.10016260E+03  0.24178437E-02  0.24178437E-02
  0.10022410E+03  0.32257710E-02  0.32257710E-02
  0.10028560E+03  0.24208128E-02  0.24208128E-02
  0.10034710E+03  0.24222974E-02  0.24222974E-02
  0.10040870E+03  0.24237844E-02  0.24237844E-02
  0.10047020E+03  0.24252689E-02  0.24252689E-02
  0.10053170E+03  0.24267535E-02  0.24267535E-02
  0.10059320E+03  0.24282380E-02  0.24282380E-02
  0.10065480E+03  0.24297250E-02  0.24297250E-02
  0.10071630E+03  0.24312096E-02  0.24312096E-02
  0.10077780E+03  0.24326941E-02  0.24326941E-02
  0.10083930E+03  0.24341787E-02  0.24341787E-02
  0.10090090E+03  0.24356657E-02  0.24356657E-02
  0.10096240E+03  0.24371502E-02  0.24371502E-02
  0.10102390E+03  0.24386348E-02  0.24386348E-02
  0.10108540E+03  0.24401193E-02  0.24401193E-02
  0.10114700E+03  0.24416063E-02  0.24416063E-02
  0.10120850E+03  0.24430909E-02  0.24430909E-02
  0.10127000E+03  0.24445754E-02  0.24445754E-02
  0.10133150E+03  0.24460600E-02  0.24460600E-02
  0.10139310E+03  0.24475470E-02  0.24475470E-02
  0.10145460E+03  0.24490315E-02  0.24490315E-02
  0.10151610E+03  0.24505161E-02  0.24505161E-02
  0.10157760E+03  0.24520006E-02  0.24520006E-02
  0.10163920E+03  0.24534876E-02  0.24534876E-02
  0.10170070E+03  0.24549722E-02  0.24549722E-02
  0.10176220E+03  0.24564567E-02  0.24564567E-02
  0.10182370E+03  0.24579413E-02  0.24579413E-02
  0.10188530E+03  0.24594283E-02  0.24594283E-02
  0.10194680E+03  0.24609128E-02  0.24609128E-02
  0.10200830E+03  0.24623974E-02  0.24623974E-02
  0.10206980E+03  0.24638820E-02  0.24638820E-02
  0.10213140E+03  0.24653689E-02  0.24653689E-02
  0.10219290E+03  0.24668535E-02  0.24668535E-02
  0.10225440E+03  0.24683380E-02  0.24683380E-02
  0.10231590E+03  0.24698226E-02  0.24698226E-02
  0.10237750E+03  0.24713096E-02  0.24713096E-02
  0.10243900E+03  0.24727941E-02  0.24727941E-02
  0.10250050E+03  0.24742787E-02  0.24742787E-02
  0.10256200E+03  0.24757633E-02  0.24757633E-02
  0.10262360E+03  0.24772502E-02  0.24772502E-02
  0.10268510E+03  0.24787348E-02  0.24787348E-02
  0.10274660E+03  0.24802194E-02  0.24802194E-02
  0.10280810E+03  0.24817039E-02  0.24817039E-02
  0.10286970E+03  0.24831909E-02  0.24831909E-02
  0.10293120E+03  0.24846755E-02  0.24846755E-02
  0.10299270E+03  0.24861600E-02  0.24861600E-02
  0.10305420E+03  0.24876446E-02  0.24876446E-02
  0.10311580E+03  0.24891315E-02  0.24891315E-02
  0.10317730E+03  0.24906161E-02  0.24906161E-02
  0.10323880E+03  0.24921007E-02  0.24921007E-02
  0.10330030E+03  0.24935852E-02  0.24935852E-02
  0.10336190E+03  0.24950722E-02  0.24950722E-02
  0.10342340E+03  0.24965568E-02  0.24965568E-02
  0.10348490E+03  0.16653609E-02  0.16653609E-02
  0.10354640E+03  0.16663506E-02  0.16663506E-02
  0.10360800E+03  0.16673419E-02  0.16673419E-02
  0.10366950E+03  0.16683316E-02  0.16683316E-02
  0.10373100E+03  0.16693213E-02  0.16693213E-02
  0.10379250E+03  0.16703110E-02  0.16703110E-02
  0.10385410E+03  0.16713023E-02  0.16713023E-02
  0.10391560E+03  0.16722920E-02  0.16722920E-02
  0.10397710E+03  0.16732818E-02  0.16732818E-02
  0.10403860E+03  0.16742715E-02  0.16742715E-02
  0.10410020E+03  0.16752628E-02  0.16752628E-02
  0.10416170E+03  0.16762525E-02  0.16762525E-02
  0.10422320E+03  0.16772422E-02  0.16772422E-02
  0.10428470E+03  0.16782319E-02  0.16782319E-02
  0.10434630E+03  0.16792232E-02  0.16792232E-02
  0.10440780E+03  0.16802129E-02  0.16802129E-02
  0.10446930E+03  0.16812026E-02  0.16812026E-02
  0.10453080E+03  0.16821923E-02  0.16821923E-02
  0.10459240E+03  0.16831836E-02  0.16831836E-02
  0.10465390E+03  0.16841734E-02  0.16841734E-02
  0.10471540E+03  0.16851631E-02  0.16851631E-02
  0.10477690E+03  0.16861528E-02  0.16861528E-02
  0.10483850E+03  0.16871441E-02  0.16871441E-02
  0.10490000E+03  0.16881338E-02  0.16881338E-02
  0.10496150E+03  0.16891235E-02  0.16891235E-02
  0.10502300E+03  0.16901132E-02  0.16901132E-02
  0.10508460E+03  0.16911045E-02  0.16911045E-02
  0.10514610E+03  0.16920942E-02  0.16920942E-02
  0.10520760E+03  0.16930839E-02  0.16930839E-02
  0.10526910E+03  0.16940736E-02  0.16940736E-02
  0.10533070E+03  0.16950650E-02  0.16950650E-02
  0.10539220E+03  0.16960547E-02  0.16960547E-02
  0.10545370E+03  0.16970444E-02  0.16970444E-02
  0.10551520E+03  0.16980341E-02  0.16980341E-02
  0.10557680E+03  0.16990254E-02  0.16990254E-02
  0.10563830E+03  0.17000151E-02  0.17000151E-02
  0.10569980E+03  0.17010048E-02  0.17010048E-02
  0.10576130E+03  0.17019945E-02  0.17019945E-02
  0.10582290E+03  0.17029858E-02  0.17029858E-02
  0.10588440E+03  0.17039755E-02  0.17039755E-02
  0.10594590E+03  0.17049652E-02  0.17049652E-02
  0.10600740E+03  0.17059549E-02  0.17059549E-02
  0.10606900E+03  0.17069463E-02  0.17069463E-02
  0.10613050E+03  0.17079360E-02  0.17079360E-02
  0.10619200E+03  0.17089257E-02  0.17089257E-02
  0.10625350E+03  0.17099154E-02  0.17099154E-02
  0.10631510E+03  0.17109067E-02  0.17109067E-02
  0.10637660E+03  0.17118964E-02  0.17118964E-02
  0.10643810E+03  0.17128861E-02  0.17128861E-02
  0.10649960E+03  0.17138758E-02  0.17138758E-02
  0.10656110E+03  0.17148655E-02  0.17148655E-02
  0.10662270E+03  0.17158568E-02  0.17158568E-02
  0.10668420E+03  0.17168465E-02  0.17168465E-02
  0.10674570E+03  0.17178363E-02  0.17178363E-02
  0.10680720E+03  0.17188260E-02  0.17188260E-02
  0.10686880E+03  0.17198173E-02  0.17198173E-02
  0.10693030E+03  0.17208070E-02  0.17208070E-02
  0.10699180E+03  0.17217967E-02  0.17217967E-02
  0.10705330E+03  0.17227864E-02  0.17227864E-02
  0.10711490E+03  0.17237777E-02  0.17237777E-02
  0.10717640E+03  0.17247674E-02  0.17247674E-02
  0.10723790E+03  0.17257571E-02  0.17257571E-02
  0.10729940E+03  0.17267468E-02  0.17267468E-02
  0.10736100E+03  0.17277381E-02  0.17277381E-02
  0.10742250E+03  0.17287279E-02  0.17287279E-02
  0.10748400E+03  0.17297176E-02  0.17297176E-02
  0.10754550E+03  0.17307073E-02  0.17307073E-02
  0.10760710E+03  0.17316986E-02  0.17316986E-02
  0.10766860E+03  0.17326883E-02  0.17326883E-02
  0.10773010E+03  0.17336780E-02  0.17336780E-02
  0.10779160E+03  0.17346677E-02  0.17346677E-02
  0.10785320E+03  0.17356590E-02  0.17356590E-02
  0.10791470E+03  0.17366487E-02  0.17366487E-02
  0.10797620E+03  0.17376384E-02  0.17376384E-02
  0.10803770E+03  0.17386281E-02  0.17386281E-02
  0.10809930E+03  0.17396195E-02  0.17396195E-02
  0.10816080E+03  0.17406092E-02  0.17406092E-02
  0.10822230E+03  0.17415989E-02  0.17415989E-02
  0.10828380E+03  0.17425886E-02  0.17425886E-02
  0.10834540E+03  0.17435799E-02  0.17435799E-02
  0.10840690E+03  0.17445696E-02  0.17445696E-02
  0.10846840E+03  0.17455593E-02  0.17455593E-02
  0.10852990E+03  0.17465490E-02  0.17465490E-02
  0.10859150E+03  0.17475403E-02  0.17475403E-02
  0.10865300E+03  0.17485300E-02  0.17485300E-02
  0.10871450E+03  0.17495197E-02  0.17495197E-02
  0.10877600E+03  0.17505094E-02  0.17505094E-02
  0.10883760E+03  0.17515008E-02  0.17515008E-02
  0.10889910E+03  0.17524905E-02  0.17524905E-02
  0.10896060E+03  0.17534802E-02  0.17534802E-02
  0.10902210E+03  0.17544699E-02  0.17544699E-02
  0.10908370E+03  0.17554612E-02  0.17554612E-02
  0.10914520E+03  0.17564509E-02  0.17564509E-02
  0.10920670E+03  0.17574406E-02  0.17574406E-02
  0.10926820E+03  0.17584303E-02  0.17584303E-02
  0.10932980E+03  0.17594216E-02  0.17594216E-02
  0.10939130E+03  0.17604113E-02  0.17604113E-02
  0.10945280E+03  0.17614010E-02  0.17614010E-02
  0.10951430E+03  0.17623908E-02  0.17623908E-02
  0.10957590E+03  0.17633821E-02  0.17633821E-02
  0.10963740E+03  0.17643718E-02  0.17643718E-02
  0.10969890E+03  0.17653615E-02  0.17653615E-02
  0.10976040E+03  0.17663512E-02  0.17663512E-02
  0.10982200E+03  0.17673425E-02  0.17673425E-02
  0.10988350E+03  0.17683322E-02  0.17683322E-02
  0.10994500E+03  0.17693219E-02  0.17693219E-02
  0.11000650E+03  0.17703116E-02  0.17703116E-02
  0.11006810E+03  0.17713029E-02  0.17713029E-02
  0.11012960E+03  0.17722926E-02  0.17722926E-02
  0.11019110E+03  0.17732824E-02  0.17732824E-02
  0.11025260E+03  0.17742721E-02  0.17742721E-02
  0.11031420E+03  0.17752634E-02  0.17752634E-02
  0.11037570E+03  0.17762531E-02  0.17762531E-02
  0.11043720E+03  0.17772428E-02  0.17772428E-02
  0.11049870E+03  0.17782325E-02  0.17782325E-02
  0.11056030E+03  0.17792238E-02  0.17792238E-02
  0.11062180E+03  0.17802135E-02  0.17802135E-02
  0.11068330E+03  0.17812032E-02  0.17812032E-02
  0.11074480E+03  0.17821929E-02  0.17821929E-02
  0.11080640E+03  0.17831842E-02  0.17831842E-02
  0.11086790E+03  0.17841740E-02  0.17841740E-02
  0.11092940E+03  0.17851637E-02  0.17851637E-02
  0.11099090E+03  0.17861534E-02  0.17861534E-02
  0.11105250E+03  0.17871447E-02  0.17871447E-02
  0.11111400E+03  0.17881344E-02  0.17881344E-02
  0.11117550E+03  0.17891241E-02  0.17891241E-02
  0.11123700E+03  0.17901138E-02  0.17901138E-02
  0.11129860E+03  0.17911051E-02  0.17911051E-02
  0.11136010E+03  0.17920948E-02  0.17920948E-02
  0.11142160E+03  0.17930845E-02  0.17930845E-02
  0.11148310E+03  0.17940742E-02  0.17940742E-02
  0.11154470E+03  0.17950656E-02  0.17950656E-02
  0.11160620E+03  0.17960553E-02  0.17960553E-02
  0.11166770E+03  0.17970450E-02  0.17970450E-02
  0.11172920E+03  0.17980347E-02  0.17980347E-02
  0.11179080E+03  0.17990260E-02  0.17990260E-02
  0.11185230E+03  0.18000157E-02  0.18000157E-02
  0.11191380E+03  0.18010054E-02  0.18010054E-02
  0.11197530E+03  0.18019951E-02  0.18019951E-02
  0.11203690E+03  0.18029864E-02  0.18029864E-02
  0.11209840E+03  0.18039761E-02  0.18039761E-02
  0.11215990E+03  0.18049658E-02  0.18049658E-02
  0.11222140E+03  0.18059555E-02  0.18059555E-02
  0.11228300E+03  0.18069469E-02  0.18069469E-02
  0.11234450E+03  0.18079366E-02  0.18079366E-02
  0.11240600E+03  0.18089263E-02  0.18089263E-02
  0.11246750E+03  0.18099160E-02  0.18099160E-02
  0.11252910E+03  0.18109073E-02  0.18109073E-02
  0.11259060E+03  0.18118970E-02  0.18118970E-02
  0.11265210E+03  0.18128867E-02  0.18128867E-02
  0.11271360E+03  0.18138764E-02  0.18138764E-02
  0.11277520E+03  0.18148677E-02  0.18148677E-02
  0.11283670E+03  0.18158574E-02  0.18158574E-02
  0.11289820E+03  0.18168471E-02  0.18168471E-02
  0.11295970E+03  0.18178369E-02  0.18178369E-02
  0.11302130E+03  0.18188282E-02  0.18188282E-02
  0.11308280E+03  0.18198179E-02  0.18198179E-02
  0.11314430E+03  0.18208076E-02  0.18208076E-02
  0.11320580E+03  0.18217973E-02  0.18217973E-02
  0.11326740E+03  0.18227886E-02  0.18227886E-02
  0.11332890E+03  0.18237783E-02  0.18237783E-02
  0.11339040E+03  0.18247680E-02  0.18247680E-02
  0.11345190E+03  0.18257577E-02  0.18257577E-02
  0.11351350E+03  0.18267490E-02  0.18267490E-02
  0.11357500E+03  0.18277388E-02  0.18277388E-02
  0.11363650E+03  0.18287285E-02  0.18287285E-02
  0.11369800E+03  0.18297182E-02  0.18297182E-02
  0.11375960E+03  0.18307095E-02  0.18307095E-02
  0.11382110E+03  0.18316992E-02  0.18316992E-02
  0.11388260E+03  0.18326889E-02  0.18326889E-02
  0.11394410E+03  0.18336786E-02  0.18336786E-02
  0.11400570E+03  0.18346699E-02  0.18346699E-02
  0.11406720E+03  0.18356596E-02  0.18356596E-02
  0.11412870E+03  0.18366493E-02  0.18366493E-02
  0.11419020E+03  0.18376390E-02  0.18376390E-02
  0.11425180E+03  0.18386304E-02  0.18386304E-02
  0.11431330E+03  0.18396201E-02  0.18396201E-02
  0.11437480E+03  0.18406098E-02  0.18406098E-02
  0.11443630E+03  0.18415995E-02  0.18415995E-02
  0.11449790E+03  0.18425908E-02  0.18425908E-02
  0.11455940E+03  0.18435805E-02  0.18435805E-02
  0.11462090E+03  0.18445702E-02  0.18445702E-02
  0.11468240E+03  0.18455599E-02  0.18455599E-02
  0.11474400E+03  0.18465512E-02  0.18465512E-02
  0.11480550E+03  0.18475409E-02  0.18475409E-02
  0.11486700E+03  0.18485306E-02  0.18485306E-02
  0.11492850E+03  0.18495203E-02  0.18495203E-02
  0.11499010E+03  0.18505117E-02  0.18505117E-02
  0.11505160E+03  0.18515014E-02  0.18515014E-02
  0.11511310E+03  0.18524911E-02  0.18524911E-02
  0.11517460E+03  0.18534808E-02  0.18534808E-02
  0.11523620E+03  0.18544721E-02  0.18544721E-02
  0.11529770E+03  0.18554618E-02  0.18554618E-02
  0.11535920E+03  0.18564515E-02  0.18564515E-02
  0.11542070E+03  0.18574412E-02  0.18574412E-02
  0.11548230E+03  0.18584325E-02  0.18584325E-02
  0.11554380E+03  0.18594222E-02  0.18594222E-02
  0.11560530E+03  0.93020597E-03  0.93020597E-03
  0.11566680E+03  0.93070083E-03  0.93070083E-03
  0.11572840E+03  0.93119648E-03  0.93119648E-03
  0.11578990E+03  0.93169134E-03  0.93169134E-03
  0.11585140E+03  0.93218619E-03  0.93218619E-03
  0.11591290E+03  0.93268104E-03  0.93268104E-03
  0.11597450E+03  0.93317670E-03  0.93317670E-03
  0.11603600E+03  0.93367155E-03  0.93367155E-03
  0.11609750E+03  0.93416641E-03  0.93416641E-03
  0.11615900E+03  0.93466126E-03  0.93466126E-03
  0.11622060E+03  0.93515692E-03  0.93515692E-03
  0.11628210E+03  0.93565177E-03  0.93565177E-03
  0.11634360E+03  0.93614663E-03  0.93614663E-03
  0.11640510E+03  0.93664148E-03  0.93664148E-03
  0.11646670E+03  0.93713714E-03  0.93713714E-03
  0.11652820E+03  0.93763199E-03  0.93763199E-03
  0.11658970E+03  0.93812684E-03  0.93812684E-03
  0.11665120E+03  0.93862170E-03  0.93862170E-03
  0.11671280E+03  0.93911736E-03  0.93911736E-03
  0.11677430E+03  0.93961221E-03  0.93961221E-03
  0.11683580E+03  0.94010706E-03  0.94010706E-03
  0.11689730E+03  0.94060192E-03  0.94060192E-03
  0.11695890E+03  0.94109757E-03  0.94109757E-03
  0.11702040E+03  0.94159243E-03  0.94159243E-03
  0.11708190E+03  0.94208728E-03  0.94208728E-03
  0.11714340E+03  0.94258213E-03  0.94258213E-03
  0.11720500E+03  0.94307779E-03  0.94307779E-03
  0.11726650E+03  0.94357264E-03  0.94357264E-03
  0.11732800E+03  0.94406750E-03  0.94406750E-03
  0.11738950E+03  0.94456235E-03  0.94456235E-03
  0.11745110E+03  0.94505801E-03  0.94505801E-03
  0.11751260E+03  0.94555286E-03  0.94555286E-03
  0.11757410E+03  0.94604772E-03  0.94604772E-03
  0.11763560E+03  0.94654257E-03  0.94654257E-03
  0.11769720E+03  0.94703823E-03  0.94703823E-03
  0.11775870E+03  0.94753308E-03  0.94753308E-03
  0.11782020E+03  0.94802793E-03  0.94802793E-03
  0.11788170E+03  0.94852279E-03  0.94852279E-03
  0.11794330E+03  0.94901844E-03  0.94901844E-03
  0.11800480E+03  0.94951330E-03  0.94951330E-03
  0.11806630E+03  0.95000815E-03  0.95000815E-03
  0.11812780E+03  0.95050300E-03  0.95050300E-03
  0.11818940E+03  0.95099866E-03  0.95099866E-03
  0.11825090E+03  0.95149352E-03  0.95149352E-03
  0.11831240E+03  0.95198837E-03  0.95198837E-03
  0.11837390E+03  0.95248322E-03  0.95248322E-03
  0.11843550E+03  0.95297888E-03  0.95297888E-03
  0.11849700E+03  0.95347373E-03  0.95347373E-03
  0.11855850E+03  0.95396859E-03  0.95396859E-03
  0.11862000E+03  0.95446344E-03  0.95446344E-03
  0.11868160E+03  0.95495910E-03  0.95495910E-03
  0.11874310E+03  0.95545395E-03  0.95545395E-03
  0.11880460E+03  0.95594881E-03  0.95594881E-03
  0.11886610E+03  0.95644366E-03  0.95644366E-03
  0.11892770E+03  0.95693932E-03  0.95693932E-03
  0.11898920E+03  0.95743417E-03  0.95743417E-03
  0.11905070E+03  0.95792902E-03  0.95792902E-03
  0.11911220E+03  0.95842388E-03  0.95842388E-03
  0.11917380E+03  0.95891953E-03  0.95891953E-03
  0.11923530E+03  0.95941439E-03  0.95941439E-03
  0.11929680E+03  0.95990924E-03  0.95990924E-03
  0.11935830E+03  0.96040409E-03  0.96040409E-03
  0.11941990E+03  0.96089975E-03  0.96089975E-03
  0.11948140E+03  0.96139461E-03  0.96139461E-03
  0.11954290E+03  0.96188946E-03  0.96188946E-03
  0.11960440E+03  0.96238431E-03  0.96238431E-03
  0.11966600E+03  0.96287997E-03  0.96287997E-03
  0.11972750E+03  0.96337482E-03  0.96337482E-03
  0.11978900E+03  0.96386968E-03  0.96386968E-03
  0.11985050E+03  0.96436453E-03  0.96436453E-03
  0.11991210E+03  0.96486019E-03  0.96486019E-03
  0.11997360E+03  0.96535504E-03  0.96535504E-03
  0.12003510E+03  0.96584990E-03  0.96584990E-03
  0.12009660E+03  0.96634475E-03  0.96634475E-03
  0.12015820E+03  0.96684041E-03  0.96684041E-03
  0.12021970E+03  0.96733526E-03  0.96733526E-03
  0.12028120E+03  0.96783011E-03  0.96783011E-03
  0.12034270E+03  0.96832497E-03  0.96832497E-03
  0.12040430E+03  0.96882062E-03  0.96882062E-03
  0.12046580E+03  0.96931548E-03  0.96931548E-03
  0.12052730E+03  0.96981033E-03  0.96981033E-03
  0.12058880E+03  0.97030518E-03  0.97030518E-03
  0.12065040E+03  0.97080084E-03  0.97080084E-03
  0.12071190E+03  0.97129570E-03  0.97129570E-03
  0.12077340E+03  0.97179055E-03  0.97179055E-03
  0.12083490E+03  0.97228540E-03  0.97228540E-03
  0.12089650E+03  0.97278106E-03  0.97278106E-03
  0.12095800E+03  0.97327591E-03  0.97327591E-03
  0.12101950E+03  0.97377077E-03  0.97377077E-03
  0.12108100E+03  0.97426562E-03  0.97426562E-03
  0.12114260E+03  0.97476128E-03  0.97476128E-03
  0.12120410E+03  0.97525613E-03  0.97525613E-03
  0.12126560E+03  0.97575098E-03  0.97575098E-03
  0.12132710E+03  0.97624584E-03  0.97624584E-03
  0.12138870E+03  0.97674150E-03  0.97674150E-03
  0.12145020E+03  0.97723635E-03  0.97723635E-03
  0.12151170E+03  0.97773120E-03  0.97773120E-03
  0.12157320E+03  0.97822606E-03  0.97822606E-03
  0.12163480E+03  0.97872171E-03  0.97872171E-03
  0.12169630E+03  0.97921657E-03  0.97921657E-03
  0.12175780E+03  0.97971142E-03  0.97971142E-03
  0.12181930E+03  0.98020627E-03  0.98020627E-03
  0.12188090E+03  0.98070193E-03  0.98070193E-03
  0.12194240E+03  0.98119679E-03  0.98119679E-03
  0.12200390E+03  0.98169164E-03  0.98169164E-03
  0.12206540E+03  0.98218649E-03  0.98218649E-03
  0.12212700E+03  0.98268215E-03  0.98268215E-03
  0.12218850E+03  0.98317700E-03  0.98317700E-03
  0.12225000E+03  0.98367186E-03  0.98367186E-03
  0.12231150E+03  0.98416671E-03  0.98416671E-03
  0.12237310E+03  0.98466237E-03  0.98466237E-03
  0.12243460E+03  0.98515722E-03  0.98515722E-03
  0.12249610E+03  0.98565207E-03  0.98565207E-03
  0.12255760E+03  0.98614693E-03  0.98614693E-03
  0.12261920E+03  0.98664259E-03  0.98664259E-03
  0.12268070E+03  0.98713744E-03  0.98713744E-03
  0.12274220E+03  0.98763229E-03  0.98763229E-03
  0.12280370E+03  0.98812715E-03  0.98812715E-03
  0.12286530E+03  0.98862280E-03  0.98862280E-03
  0.12292680E+03  0.98911766E-03  0.98911766E-03
  0.12298830E+03  0.98961251E-03  0.98961251E-03
  0.12304980E+03  0.99010736E-03  0.99010736E-03
