   #Energy      xx              yy   
  0.00000000E+00  0.00000000E+00  0.00000000E+00
  0.53800000E-01  0.26657124E+00  0.26657124E+00
  0.10770000E+00  0.74896133E+00  0.74896133E+00
  0.16150000E+00  0.10909030E+01  0.10909030E+01
  0.21540000E+00  0.11788642E+01  0.11788642E+01
  0.26920000E+00  0.10960744E+01  0.10960744E+01
  0.32300000E+00  0.10068698E+01  0.10068698E+01
  0.37690000E+00  0.94796318E+00  0.94796318E+00
  0.43070000E+00  0.89707906E+00  0.89707906E+00
  0.48460000E+00  0.89691607E+00  0.89691607E+00
  0.53840000E+00  0.99635679E+00  0.99635679E+00
  0.59220000E+00  0.12046398E+01  0.12046398E+01
  0.64610000E+00  0.14405756E+01  0.14405756E+01
  0.69990000E+00  0.15534203E+01  0.15534203E+01
  0.75370000E+00  0.15681071E+01  0.15681071E+01
  0.80760000E+00  0.15890757E+01  0.15890757E+01
  0.86140000E+00  0.16360354E+01  0.16360354E+01
  0.91530000E+00  0.18095831E+01  0.18095831E+01
  0.96910000E+00  0.21649958E+01  0.21649958E+01
  0.10229000E+01  0.26197573E+01  0.26197573E+01
  0.10768000E+01  0.31222930E+01  0.31222930E+01
  0.11306000E+01  0.35715648E+01  0.35715648E+01
  0.11845000E+01  0.37494154E+01  0.37494154E+01
  0.12383000E+01  0.35634351E+01  0.35634351E+01
  0.12921000E+01  0.31205150E+01  0.31205150E+01
  0.13460000E+01  0.26498030E+01  0.26498030E+01
  0.13998000E+01  0.22899021E+01  0.22899021E+01
  0.14537000E+01  0.20426289E+01  0.20426289E+01
  0.15075000E+01  0.18757347E+01  0.18757347E+01
  0.15613000E+01  0.17212192E+01  0.17212192E+01
  0.16152000E+01  0.15390034E+01  0.15390034E+01
  0.16690000E+01  0.13540829E+01  0.13540829E+01
  0.17228000E+01  0.12013246E+01  0.12013246E+01
  0.17767000E+01  0.10891054E+01  0.10891054E+01
  0.18305000E+01  0.10180955E+01  0.10180955E+01
  0.18844000E+01  0.98894325E+00  0.98894325E+00
  0.19382000E+01  0.10072858E+01  0.10072858E+01
  0.19920000E+01  0.10819255E+01  0.10819255E+01
  0.20459000E+01  0.11752506E+01  0.11752506E+01
  0.20997000E+01  0.12214524E+01  0.12214524E+01
  0.21536000E+01  0.12405853E+01  0.12405853E+01
  0.22074000E+01  0.13166762E+01  0.13166762E+01
  0.22612000E+01  0.14138235E+01  0.14138235E+01
  0.23151000E+01  0.14430332E+01  0.14430332E+01
  0.23689000E+01  0.14039691E+01  0.14039691E+01
  0.24228000E+01  0.13510732E+01  0.13510732E+01
  0.24766000E+01  0.13268868E+01  0.13268868E+01
  0.25304000E+01  0.13529613E+01  0.13529613E+01
  0.25843000E+01  0.13903934E+01  0.13903934E+01
  0.26381000E+01  0.13823654E+01  0.13823654E+01
  0.26919000E+01  0.13423832E+01  0.13423832E+01
  0.27458000E+01  0.13123888E+01  0.13123888E+01
  0.27996000E+01  0.12750451E+01  0.12750451E+01
  0.28535000E+01  0.12022891E+01  0.12022891E+01
  0.29073000E+01  0.11166675E+01  0.11166675E+01
  0.29611000E+01  0.10657255E+01  0.10657255E+01
  0.30150000E+01  0.10609993E+01  0.10609993E+01
  0.30688000E+01  0.10723231E+01  0.10723231E+01
  0.31227000E+01  0.10680807E+01  0.10680807E+01
  0.31765000E+01  0.10178500E+01  0.10178500E+01
  0.32303000E+01  0.95174642E+00  0.95174642E+00
  0.32842000E+01  0.94843312E+00  0.94843312E+00
  0.33380000E+01  0.10068828E+01  0.10068828E+01
  0.33919000E+01  0.10633887E+01  0.10633887E+01
  0.34457000E+01  0.10579264E+01  0.10579264E+01
  0.34995000E+01  0.98280404E+00  0.98280404E+00
  0.35534000E+01  0.92142311E+00  0.92142311E+00
  0.36072000E+01  0.92271326E+00  0.92271326E+00
  0.36611000E+01  0.97973610E+00  0.97973610E+00
  0.37149000E+01  0.10314249E+01  0.10314249E+01
  0.37687000E+01  0.10278257E+01  0.10278257E+01
  0.38226000E+01  0.10128614E+01  0.10128614E+01
  0.38764000E+01  0.10477120E+01  0.10477120E+01
  0.39302000E+01  0.11145194E+01  0.11145194E+01
  0.39841000E+01  0.11652439E+01  0.11652439E+01
  0.40379000E+01  0.12223256E+01  0.12223256E+01
  0.40918000E+01  0.12960218E+01  0.12960218E+01
  0.41456000E+01  0.13448993E+01  0.13448993E+01
  0.41994000E+01  0.13599527E+01  0.13599527E+01
  0.42533000E+01  0.14082916E+01  0.14082916E+01
  0.43071000E+01  0.15172585E+01  0.15172585E+01
  0.43610000E+01  0.15913976E+01  0.15913976E+01
  0.44148000E+01  0.15624479E+01  0.15624479E+01
  0.44686000E+01  0.14848306E+01  0.14848306E+01
  0.45225000E+01  0.14142006E+01  0.14142006E+01
  0.45763000E+01  0.13838697E+01  0.13838697E+01
  0.46302000E+01  0.14172401E+01  0.14172401E+01
  0.46840000E+01  0.14983739E+01  0.14983739E+01
  0.47378000E+01  0.16320619E+01  0.16320619E+01
  0.47917000E+01  0.17988278E+01  0.17988278E+01
  0.48455000E+01  0.19759474E+01  0.19759474E+01
  0.48993000E+01  0.21877877E+01  0.21877877E+01
  0.49532000E+01  0.24073161E+01  0.24073161E+01
  0.50070000E+01  0.26268541E+01  0.26268541E+01
  0.50609000E+01  0.28242453E+01  0.28242453E+01
  0.51147000E+01  0.28849427E+01  0.28849427E+01
  0.51685000E+01  0.26648171E+01  0.26648171E+01
  0.52224000E+01  0.22812414E+01  0.22812414E+01
  0.52762000E+01  0.19726840E+01  0.19726840E+01
  0.53301000E+01  0.18320621E+01  0.18320621E+01
  0.53839000E+01  0.18111577E+01  0.18111577E+01
  0.54377000E+01  0.18357785E+01  0.18357785E+01
  0.54916000E+01  0.18840363E+01  0.18840363E+01
  0.55454000E+01  0.18767362E+01  0.18767362E+01
  0.55993000E+01  0.17424455E+01  0.17424455E+01
  0.56531000E+01  0.15686471E+01  0.15686471E+01
  0.57069000E+01  0.14418028E+01  0.14418028E+01
  0.57608000E+01  0.13748676E+01  0.13748676E+01
  0.58146000E+01  0.13787671E+01  0.13787671E+01
  0.58684000E+01  0.14550159E+01  0.14550159E+01
  0.59223000E+01  0.16131679E+01  0.16131679E+01
  0.59761000E+01  0.18288647E+01  0.18288647E+01
  0.60300000E+01  0.20197699E+01  0.20197699E+01
  0.60838000E+01  0.21290304E+01  0.21290304E+01
  0.61376000E+01  0.21437075E+01  0.21437075E+01
  0.61915000E+01  0.21253016E+01  0.21253016E+01
  0.62453000E+01  0.21791123E+01  0.21791123E+01
  0.62992000E+01  0.23444673E+01  0.23444673E+01
  0.63530000E+01  0.24786394E+01  0.24786394E+01
  0.64068000E+01  0.24022046E+01  0.24022046E+01
  0.64607000E+01  0.22210361E+01  0.22210361E+01
  0.65145000E+01  0.21262043E+01  0.21262043E+01
  0.65684000E+01  0.20968954E+01  0.20968954E+01
  0.66222000E+01  0.20459417E+01  0.20459417E+01
  0.66760000E+01  0.19890981E+01  0.19890981E+01
  0.67299000E+01  0.19942681E+01  0.19942681E+01
  0.67837000E+01  0.20825675E+01  0.20825675E+01
  0.68375000E+01  0.22102138E+01  0.22102138E+01
  0.68914000E+01  0.23096858E+01  0.23096858E+01
  0.69452000E+01  0.23443221E+01  0.23443221E+01
  0.69991000E+01  0.23200896E+01  0.23200896E+01
  0.70529000E+01  0.22405525E+01  0.22405525E+01
  0.71067000E+01  0.21541523E+01  0.21541523E+01
  0.71606000E+01  0.21302554E+01  0.21302554E+01
  0.72144000E+01  0.22527143E+01  0.22527143E+01
  0.72683000E+01  0.25743233E+01  0.25743233E+01
  0.73221000E+01  0.29604172E+01  0.29604172E+01
  0.73759000E+01  0.32112425E+01  0.32112425E+01
  0.74298000E+01  0.33274744E+01  0.33274744E+01
  0.74836000E+01  0.33399421E+01  0.33399421E+01
  0.75375000E+01  0.32070868E+01  0.32070868E+01
  0.75913000E+01  0.29656764E+01  0.29656764E+01
  0.76451000E+01  0.27241508E+01  0.27241508E+01
  0.76990000E+01  0.25185036E+01  0.25185036E+01
  0.77528000E+01  0.23122372E+01  0.23122372E+01
  0.78067000E+01  0.21134485E+01  0.21134485E+01
  0.78605000E+01  0.19803876E+01  0.19803876E+01
  0.79143000E+01  0.19543142E+01  0.19543142E+01
  0.79682000E+01  0.20293307E+01  0.20293307E+01
  0.80220000E+01  0.21268538E+01  0.21268538E+01
  0.80758000E+01  0.21226547E+01  0.21226547E+01
  0.81297000E+01  0.20011558E+01  0.20011558E+01
  0.81835000E+01  0.18163715E+01  0.18163715E+01
  0.82374000E+01  0.16148125E+01  0.16148125E+01
  0.82912000E+01  0.14614349E+01  0.14614349E+01
  0.83450000E+01  0.13812360E+01  0.13812360E+01
  0.83989000E+01  0.13372852E+01  0.13372852E+01
  0.84527000E+01  0.13174088E+01  0.13174088E+01
  0.85066000E+01  0.13127986E+01  0.13127986E+01
  0.85604000E+01  0.12807192E+01  0.12807192E+01
  0.86142000E+01  0.12084673E+01  0.12084673E+01
  0.86681000E+01  0.11569264E+01  0.11569264E+01
  0.87219000E+01  0.11683198E+01  0.11683198E+01
  0.87758000E+01  0.12071890E+01  0.12071890E+01
  0.88296000E+01  0.12080504E+01  0.12080504E+01
  0.88834000E+01  0.11764374E+01  0.11764374E+01
  0.89373000E+01  0.11492574E+01  0.11492574E+01
  0.89911000E+01  0.11374296E+01  0.11374296E+01
  0.90449000E+01  0.11393572E+01  0.11393572E+01
  0.90988000E+01  0.11698052E+01  0.11698052E+01
  0.91526000E+01  0.12559267E+01  0.12559267E+01
  0.92065000E+01  0.14073236E+01  0.14073236E+01
  0.92603000E+01  0.15945317E+01  0.15945317E+01
  0.93141000E+01  0.17081659E+01  0.17081659E+01
  0.93680000E+01  0.16888663E+01  0.16888663E+01
  0.94218000E+01  0.16218095E+01  0.16218095E+01
  0.94757000E+01  0.15618256E+01  0.15618256E+01
  0.95295000E+01  0.14940571E+01  0.14940571E+01
  0.95833000E+01  0.14240347E+01  0.14240347E+01
  0.96372000E+01  0.13861944E+01  0.13861944E+01
  0.96910000E+01  0.14021242E+01  0.14021242E+01
  0.97449000E+01  0.14429487E+01  0.14429487E+01
  0.97987000E+01  0.14681896E+01  0.14681896E+01
  0.98525000E+01  0.14760921E+01  0.14760921E+01
  0.99064000E+01  0.14881547E+01  0.14881547E+01
  0.99602000E+01  0.15158807E+01  0.15158807E+01
  0.10014000E+02  0.15492200E+01  0.15492200E+01
  0.10067900E+02  0.15638802E+01  0.15638802E+01
  0.10121700E+02  0.15556153E+01  0.15556153E+01
  0.10175600E+02  0.15218774E+01  0.15218774E+01
  0.10229400E+02  0.14447771E+01  0.14447771E+01
  0.10283200E+02  0.13495629E+01  0.13495629E+01
  0.10337100E+02  0.12928948E+01  0.12928948E+01
  0.10390900E+02  0.12657467E+01  0.12657467E+01
  0.10444800E+02  0.12435568E+01  0.12435568E+01
  0.10498600E+02  0.12236783E+01  0.12236783E+01
  0.10552400E+02  0.12146586E+01  0.12146586E+01
  0.10606300E+02  0.12298279E+01  0.12298279E+01
  0.10660100E+02  0.12798313E+01  0.12798313E+01
  0.10714000E+02  0.13439161E+01  0.13439161E+01
  0.10767800E+02  0.13836900E+01  0.13836900E+01
  0.10821600E+02  0.14085490E+01  0.14085490E+01
  0.10875500E+02  0.14110121E+01  0.14110121E+01
  0.10929300E+02  0.13693387E+01  0.13693387E+01
  0.10983200E+02  0.13186221E+01  0.13186221E+01
  0.11037000E+02  0.13097993E+01  0.13097993E+01
  0.11090800E+02  0.13653779E+01  0.13653779E+01
  0.11144700E+02  0.14497068E+01  0.14497068E+01
  0.11198500E+02  0.15192680E+01  0.15192680E+01
  0.11252300E+02  0.15791040E+01  0.15791040E+01
  0.11306200E+02  0.16823251E+01  0.16823251E+01
  0.11360000E+02  0.18839265E+01  0.18839265E+01
  0.11413900E+02  0.21440711E+01  0.21440711E+01
  0.11467700E+02  0.23732414E+01  0.23732414E+01
  0.11521500E+02  0.25147796E+01  0.25147796E+01
  0.11575400E+02  0.25016646E+01  0.25016646E+01
  0.11629200E+02  0.23286823E+01  0.23286823E+01
  0.11683100E+02  0.20817805E+01  0.20817805E+01
  0.11736900E+02  0.18444846E+01  0.18444846E+01
  0.11790700E+02  0.16546610E+01  0.16546610E+01
  0.11844600E+02  0.15262569E+01  0.15262569E+01
  0.11898400E+02  0.14453570E+01  0.14453570E+01
  0.11952300E+02  0.13945595E+01  0.13945595E+01
  0.12006100E+02  0.13545417E+01  0.13545417E+01
  0.12059900E+02  0.13255647E+01  0.13255647E+01
  0.12113800E+02  0.13230051E+01  0.13230051E+01
  0.12167600E+02  0.13467077E+01  0.13467077E+01
  0.12221400E+02  0.14063792E+01  0.14063792E+01
  0.12275300E+02  0.14993426E+01  0.14993426E+01
  0.12329100E+02  0.15693344E+01  0.15693344E+01
  0.12383000E+02  0.16126793E+01  0.16126793E+01
  0.12436800E+02  0.16645381E+01  0.16645381E+01
  0.12490600E+02  0.17171871E+01  0.17171871E+01
  0.12544500E+02  0.17540844E+01  0.17540844E+01
  0.12598300E+02  0.17716474E+01  0.17716474E+01
  0.12652200E+02  0.17921622E+01  0.17921622E+01
  0.12706000E+02  0.17922139E+01  0.17922139E+01
  0.12759800E+02  0.17333448E+01  0.17333448E+01
  0.12813700E+02  0.16451493E+01  0.16451493E+01
  0.12867500E+02  0.15660822E+01  0.15660822E+01
  0.12921400E+02  0.14976456E+01  0.14976456E+01
  0.12975200E+02  0.14567740E+01  0.14567740E+01
  0.13029000E+02  0.14723587E+01  0.14723587E+01
  0.13082900E+02  0.15514349E+01  0.15514349E+01
  0.13136700E+02  0.17085097E+01  0.17085097E+01
  0.13190500E+02  0.19774623E+01  0.19774623E+01
  0.13244400E+02  0.23708594E+01  0.23708594E+01
  0.13298200E+02  0.28129755E+01  0.28129755E+01
  0.13352100E+02  0.32073452E+01  0.32073452E+01
  0.13405900E+02  0.35752105E+01  0.35752105E+01
  0.13459700E+02  0.37881656E+01  0.37881656E+01
  0.13513600E+02  0.37283828E+01  0.37283828E+01
  0.13567400E+02  0.35682590E+01  0.35682590E+01
  0.13621300E+02  0.34606116E+01  0.34606116E+01
  0.13675100E+02  0.33200510E+01  0.33200510E+01
  0.13728900E+02  0.30231096E+01  0.30231096E+01
  0.13782800E+02  0.26296711E+01  0.26296711E+01
  0.13836600E+02  0.22977611E+01  0.22977611E+01
  0.13890500E+02  0.21053261E+01  0.21053261E+01
  0.13944300E+02  0.20226685E+01  0.20226685E+01
  0.13998100E+02  0.19693971E+01  0.19693971E+01
  0.14052000E+02  0.19060547E+01  0.19060547E+01
  0.14105800E+02  0.18448804E+01  0.18448804E+01
  0.14159700E+02  0.18021180E+01  0.18021180E+01
  0.14213500E+02  0.17874544E+01  0.17874544E+01
  0.14267300E+02  0.17982400E+01  0.17982400E+01
  0.14321200E+02  0.17993845E+01  0.17993845E+01
  0.14375000E+02  0.17849676E+01  0.17849676E+01
  0.14428800E+02  0.17886281E+01  0.17886281E+01
  0.14482700E+02  0.18116317E+01  0.18116317E+01
  0.14536500E+02  0.18321698E+01  0.18321698E+01
  0.14590400E+02  0.18746690E+01  0.18746690E+01
  0.14644200E+02  0.19609190E+01  0.19609190E+01
  0.14698000E+02  0.20367483E+01  0.20367483E+01
  0.14751900E+02  0.20264044E+01  0.20264044E+01
  0.14805700E+02  0.19845707E+01  0.19845707E+01
  0.14859600E+02  0.20066284E+01  0.20066284E+01
  0.14913400E+02  0.20781220E+01  0.20781220E+01
  0.14967200E+02  0.21129692E+01  0.21129692E+01
  0.15021100E+02  0.21048588E+01  0.21048588E+01
  0.15074900E+02  0.20735646E+01  0.20735646E+01
  0.15128800E+02  0.20119252E+01  0.20119252E+01
  0.15182600E+02  0.19225258E+01  0.19225258E+01
  0.15236400E+02  0.18423771E+01  0.18423771E+01
  0.15290300E+02  0.18439711E+01  0.18439711E+01
  0.15344100E+02  0.19183955E+01  0.19183955E+01
  0.15397900E+02  0.19708607E+01  0.19708607E+01
  0.15451800E+02  0.19977860E+01  0.19977860E+01
  0.15505600E+02  0.20460575E+01  0.20460575E+01
  0.15559500E+02  0.21002656E+01  0.21002656E+01
  0.15613300E+02  0.21040084E+01  0.21040084E+01
  0.15667100E+02  0.20772058E+01  0.20772058E+01
  0.15721000E+02  0.20763791E+01  0.20763791E+01
  0.15774800E+02  0.21118031E+01  0.21118031E+01
  0.15828700E+02  0.21955991E+01  0.21955991E+01
  0.15882500E+02  0.23197929E+01  0.23197929E+01
  0.15936300E+02  0.24279718E+01  0.24279718E+01
  0.15990200E+02  0.25241006E+01  0.25241006E+01
  0.16044000E+02  0.26549025E+01  0.26549025E+01
  0.16097900E+02  0.27231732E+01  0.27231732E+01
  0.16151700E+02  0.25632461E+01  0.25632461E+01
  0.16205500E+02  0.22340368E+01  0.22340368E+01
  0.16259400E+02  0.19286435E+01  0.19286435E+01
  0.16313200E+02  0.17048182E+01  0.17048182E+01
  0.16367000E+02  0.15506221E+01  0.15506221E+01
  0.16420900E+02  0.14561905E+01  0.14561905E+01
  0.16474700E+02  0.13904067E+01  0.13904067E+01
  0.16528600E+02  0.13243031E+01  0.13243031E+01
  0.16582400E+02  0.12869651E+01  0.12869651E+01
  0.16636200E+02  0.13272995E+01  0.13272995E+01
  0.16690100E+02  0.14419059E+01  0.14419059E+01
  0.16743900E+02  0.16064134E+01  0.16064134E+01
  0.16797800E+02  0.17587069E+01  0.17587069E+01
  0.16851600E+02  0.17967614E+01  0.17967614E+01
  0.16905400E+02  0.17320037E+01  0.17320037E+01
  0.16959300E+02  0.16565678E+01  0.16565678E+01
  0.17013100E+02  0.16244340E+01  0.16244340E+01
  0.17067000E+02  0.16466168E+01  0.16466168E+01
  0.17120800E+02  0.16868144E+01  0.16868144E+01
  0.17174600E+02  0.16716531E+01  0.16716531E+01
  0.17228500E+02  0.15939628E+01  0.15939628E+01
  0.17282300E+02  0.15260399E+01  0.15260399E+01
  0.17336100E+02  0.15005068E+01  0.15005068E+01
  0.17390000E+02  0.14970526E+01  0.14970526E+01
  0.17443800E+02  0.15089861E+01  0.15089861E+01
  0.17497700E+02  0.15359042E+01  0.15359042E+01
  0.17551500E+02  0.15783510E+01  0.15783510E+01
  0.17605300E+02  0.16353432E+01  0.16353432E+01
  0.17659200E+02  0.16920951E+01  0.16920951E+01
  0.17713000E+02  0.17187813E+01  0.17187813E+01
  0.17766900E+02  0.17087079E+01  0.17087079E+01
  0.17820700E+02  0.17003971E+01  0.17003971E+01
  0.17874500E+02  0.17436614E+01  0.17436614E+01
  0.17928400E+02  0.18561522E+01  0.18561522E+01
  0.17982200E+02  0.20174809E+01  0.20174809E+01
  0.18036100E+02  0.22005161E+01  0.22005161E+01
  0.18089900E+02  0.23282393E+01  0.23282393E+01
  0.18143700E+02  0.23541510E+01  0.23541510E+01
  0.18197600E+02  0.23713989E+01  0.23713989E+01
  0.18251400E+02  0.24659767E+01  0.24659767E+01
  0.18305300E+02  0.26266590E+01  0.26266590E+01
  0.18359100E+02  0.27620705E+01  0.27620705E+01
  0.18412900E+02  0.28322706E+01  0.28322706E+01
  0.18466800E+02  0.29160798E+01  0.29160798E+01
  0.18520600E+02  0.30603975E+01  0.30603975E+01
  0.18574400E+02  0.32819113E+01  0.32819113E+01
  0.18628300E+02  0.36178942E+01  0.36178942E+01
  0.18682100E+02  0.39960499E+01  0.39960499E+01
  0.18736000E+02  0.42264265E+01  0.42264265E+01
  0.18789800E+02  0.42863602E+01  0.42863602E+01
  0.18843600E+02  0.42268831E+01  0.42268831E+01
  0.18897500E+02  0.40997789E+01  0.40997789E+01
  0.18951300E+02  0.39378392E+01  0.39378392E+01
  0.19005200E+02  0.36970605E+01  0.36970605E+01
  0.19059000E+02  0.34143301E+01  0.34143301E+01
  0.19112800E+02  0.31814870E+01  0.31814870E+01
  0.19166700E+02  0.29985193E+01  0.29985193E+01
  0.19220500E+02  0.28501991E+01  0.28501991E+01
  0.19274400E+02  0.27765780E+01  0.27765780E+01
  0.19328200E+02  0.28011322E+01  0.28011322E+01
  0.19382000E+02  0.28328010E+01  0.28328010E+01
  0.19435900E+02  0.27403883E+01  0.27403883E+01
  0.19489700E+02  0.25848056E+01  0.25848056E+01
  0.19543500E+02  0.25107607E+01  0.25107607E+01
  0.19597400E+02  0.25429268E+01  0.25429268E+01
  0.19651200E+02  0.26016368E+01  0.26016368E+01
  0.19705100E+02  0.26043311E+01  0.26043311E+01
  0.19758900E+02  0.25519533E+01  0.25519533E+01
  0.19812700E+02  0.24973376E+01  0.24973376E+01
  0.19866600E+02  0.24470378E+01  0.24470378E+01
  0.19920400E+02  0.24004251E+01  0.24004251E+01
  0.19974300E+02  0.23403515E+01  0.23403515E+01
  0.20028100E+02  0.22655581E+01  0.22655581E+01
  0.20081900E+02  0.22127997E+01  0.22127997E+01
  0.20135800E+02  0.22080407E+01  0.22080407E+01
  0.20189600E+02  0.22314932E+01  0.22314932E+01
  0.20243500E+02  0.22495097E+01  0.22495097E+01
  0.20297300E+02  0.22365344E+01  0.22365344E+01
  0.20351100E+02  0.21924953E+01  0.21924953E+01
  0.20405000E+02  0.21716919E+01  0.21716919E+01
  0.20458800E+02  0.22291317E+01  0.22291317E+01
  0.20512600E+02  0.23215201E+01  0.23215201E+01
  0.20566500E+02  0.23711628E+01  0.23711628E+01
  0.20620300E+02  0.23894831E+01  0.23894831E+01
  0.20674200E+02  0.24275167E+01  0.24275167E+01
  0.20728000E+02  0.24767171E+01  0.24767171E+01
  0.20781800E+02  0.24905064E+01  0.24905064E+01
  0.20835700E+02  0.24506729E+01  0.24506729E+01
  0.20889500E+02  0.23690526E+01  0.23690526E+01
  0.20943400E+02  0.22670960E+01  0.22670960E+01
  0.20997200E+02  0.21786021E+01  0.21786021E+01
  0.21051000E+02  0.21301261E+01  0.21301261E+01
  0.21104900E+02  0.21109454E+01  0.21109454E+01
  0.21158700E+02  0.20877115E+01  0.20877115E+01
  0.21212600E+02  0.20344584E+01  0.20344584E+01
  0.21266400E+02  0.19713114E+01  0.19713114E+01
  0.21320200E+02  0.19452337E+01  0.19452337E+01
  0.21374100E+02  0.19542810E+01  0.19542810E+01
  0.21427900E+02  0.19664449E+01  0.19664449E+01
  0.21481800E+02  0.19999246E+01  0.19999246E+01
  0.21535600E+02  0.20701174E+01  0.20701174E+01
  0.21589400E+02  0.21536706E+01  0.21536706E+01
  0.21643300E+02  0.22250803E+01  0.22250803E+01
  0.21697100E+02  0.22713076E+01  0.22713076E+01
  0.21750900E+02  0.22981261E+01  0.22981261E+01
  0.21804800E+02  0.23250600E+01  0.23250600E+01
  0.21858600E+02  0.23515603E+01  0.23515603E+01
  0.21912500E+02  0.23705886E+01  0.23705886E+01
  0.21966300E+02  0.24047016E+01  0.24047016E+01
  0.22020100E+02  0.24747602E+01  0.24747602E+01
  0.22074000E+02  0.25842371E+01  0.25842371E+01
  0.22127800E+02  0.27556615E+01  0.27556615E+01
  0.22181700E+02  0.29905777E+01  0.29905777E+01
  0.22235500E+02  0.32650727E+01  0.32650727E+01
  0.22289300E+02  0.36619758E+01  0.36619758E+01
  0.22343200E+02  0.42003489E+01  0.42003489E+01
  0.22397000E+02  0.45990017E+01  0.45990017E+01
  0.22450900E+02  0.46462156E+01  0.46462156E+01
  0.22504700E+02  0.44981068E+01  0.44981068E+01
  0.22558500E+02  0.42430028E+01  0.42430028E+01
  0.22612400E+02  0.38901721E+01  0.38901721E+01
  0.22666200E+02  0.34697261E+01  0.34697261E+01
  0.22720000E+02  0.30238295E+01  0.30238295E+01
  0.22773900E+02  0.26652588E+01  0.26652588E+01
  0.22827700E+02  0.24594919E+01  0.24594919E+01
  0.22881600E+02  0.23925412E+01  0.23925412E+01
  0.22935400E+02  0.24210608E+01  0.24210608E+01
  0.22989200E+02  0.24593111E+01  0.24593111E+01
  0.23043100E+02  0.24212997E+01  0.24212997E+01
  0.23096900E+02  0.23228317E+01  0.23228317E+01
  0.23150800E+02  0.22313428E+01  0.22313428E+01
  0.23204600E+02  0.21793681E+01  0.21793681E+01
  0.23258400E+02  0.21703787E+01  0.21703787E+01
  0.23312300E+02  0.21645239E+01  0.21645239E+01
  0.23366100E+02  0.21230590E+01  0.21230590E+01
  0.23420000E+02  0.20908157E+01  0.20908157E+01
  0.23473800E+02  0.21381357E+01  0.21381357E+01
  0.23527600E+02  0.22917134E+01  0.22917134E+01
  0.23581500E+02  0.24784427E+01  0.24784427E+01
  0.23635300E+02  0.25832251E+01  0.25832251E+01
  0.23689100E+02  0.26310587E+01  0.26310587E+01
  0.23743000E+02  0.26798587E+01  0.26798587E+01
  0.23796800E+02  0.27002984E+01  0.27002984E+01
  0.23850700E+02  0.26870227E+01  0.26870227E+01
  0.23904500E+02  0.26805758E+01  0.26805758E+01
  0.23958300E+02  0.26983735E+01  0.26983735E+01
  0.24012200E+02  0.26996117E+01  0.26996117E+01
  0.24066000E+02  0.26607144E+01  0.26607144E+01
  0.24119900E+02  0.26035697E+01  0.26035697E+01
  0.24173700E+02  0.25089640E+01  0.25089640E+01
  0.24227500E+02  0.23234164E+01  0.23234164E+01
  0.24281400E+02  0.21028223E+01  0.21028223E+01
  0.24335200E+02  0.19431222E+01  0.19431222E+01
  0.24389100E+02  0.18641809E+01  0.18641809E+01
  0.24442900E+02  0.18257916E+01  0.18257916E+01
  0.24496700E+02  0.17864265E+01  0.17864265E+01
  0.24550600E+02  0.17263241E+01  0.17263241E+01
  0.24604400E+02  0.16562285E+01  0.16562285E+01
  0.24658300E+02  0.16011007E+01  0.16011007E+01
  0.24712100E+02  0.15471024E+01  0.15471024E+01
  0.24765900E+02  0.14641450E+01  0.14641450E+01
  0.24819800E+02  0.13736253E+01  0.13736253E+01
  0.24873600E+02  0.13083233E+01  0.13083233E+01
  0.24927400E+02  0.12629933E+01  0.12629933E+01
  0.24981300E+02  0.12261075E+01  0.12261075E+01
  0.25035100E+02  0.12027502E+01  0.12027502E+01
  0.25089000E+02  0.11871627E+01  0.11871627E+01
  0.25142800E+02  0.11532764E+01  0.11532764E+01
  0.25196600E+02  0.10920545E+01  0.10920545E+01
  0.25250500E+02  0.10283287E+01  0.10283287E+01
  0.25304300E+02  0.97898357E+00  0.97898357E+00
  0.25358200E+02  0.95106116E+00  0.95106116E+00
  0.25412000E+02  0.95778398E+00  0.95778398E+00
  0.25465800E+02  0.10088068E+01  0.10088068E+01
  0.25519700E+02  0.10947592E+01  0.10947592E+01
  0.25573500E+02  0.12074120E+01  0.12074120E+01
  0.25627400E+02  0.13312620E+01  0.13312620E+01
  0.25681200E+02  0.14210919E+01  0.14210919E+01
  0.25735000E+02  0.14350488E+01  0.14350488E+01
  0.25788900E+02  0.13921745E+01  0.13921745E+01
  0.25842700E+02  0.13270516E+01  0.13270516E+01
  0.25896500E+02  0.12683163E+01  0.12683163E+01
  0.25950400E+02  0.12389943E+01  0.12389943E+01
  0.26004200E+02  0.12382136E+01  0.12382136E+01
  0.26058100E+02  0.12483317E+01  0.12483317E+01
  0.26111900E+02  0.12593171E+01  0.12593171E+01
  0.26165700E+02  0.12823433E+01  0.12823433E+01
  0.26219600E+02  0.13360634E+01  0.13360634E+01
  0.26273400E+02  0.14270011E+01  0.14270011E+01
  0.26327300E+02  0.15297502E+01  0.15297502E+01
  0.26381100E+02  0.16012589E+01  0.16012589E+01
  0.26434900E+02  0.16409135E+01  0.16409135E+01
  0.26488800E+02  0.16837078E+01  0.16837078E+01
  0.26542600E+02  0.17279382E+01  0.17279382E+01
  0.26596500E+02  0.17622779E+01  0.17622779E+01
  0.26650300E+02  0.17675590E+01  0.17675590E+01
  0.26704100E+02  0.17077115E+01  0.17077115E+01
  0.26758000E+02  0.16153042E+01  0.16153042E+01
  0.26811800E+02  0.15658880E+01  0.15658880E+01
  0.26865600E+02  0.15891431E+01  0.15891431E+01
  0.26919500E+02  0.16844300E+01  0.16844300E+01
  0.26973300E+02  0.18117809E+01  0.18117809E+01
  0.27027200E+02  0.19228808E+01  0.19228808E+01
  0.27081000E+02  0.19860052E+01  0.19860052E+01
  0.27134800E+02  0.19923535E+01  0.19923535E+01
  0.27188700E+02  0.19763939E+01  0.19763939E+01
  0.27242500E+02  0.19704361E+01  0.19704361E+01
  0.27296400E+02  0.19804873E+01  0.19804873E+01
  0.27350200E+02  0.20260028E+01  0.20260028E+01
  0.27404000E+02  0.21442604E+01  0.21442604E+01
  0.27457900E+02  0.22978988E+01  0.22978988E+01
  0.27511700E+02  0.23495743E+01  0.23495743E+01
  0.27565600E+02  0.22955949E+01  0.22955949E+01
  0.27619400E+02  0.22364869E+01  0.22364869E+01
  0.27673200E+02  0.21947300E+01  0.21947300E+01
  0.27727100E+02  0.21443198E+01  0.21443198E+01
  0.27780900E+02  0.21241041E+01  0.21241041E+01
  0.27834700E+02  0.21618281E+01  0.21618281E+01
  0.27888600E+02  0.21817296E+01  0.21817296E+01
  0.27942400E+02  0.20901152E+01  0.20901152E+01
  0.27996300E+02  0.19350350E+01  0.19350350E+01
  0.28050100E+02  0.18066582E+01  0.18066582E+01
  0.28103900E+02  0.17180448E+01  0.17180448E+01
  0.28157800E+02  0.16565119E+01  0.16565119E+01
  0.28211600E+02  0.16206151E+01  0.16206151E+01
  0.28265500E+02  0.16011851E+01  0.16011851E+01
  0.28319300E+02  0.15887307E+01  0.15887307E+01
  0.28373100E+02  0.15885513E+01  0.15885513E+01
  0.28427000E+02  0.16082742E+01  0.16082742E+01
  0.28480800E+02  0.16672601E+01  0.16672601E+01
  0.28534700E+02  0.17618381E+01  0.17618381E+01
  0.28588500E+02  0.18512315E+01  0.18512315E+01
  0.28642300E+02  0.18540236E+01  0.18540236E+01
  0.28696200E+02  0.17544843E+01  0.17544843E+01
  0.28750000E+02  0.16425173E+01  0.16425173E+01
  0.28803900E+02  0.15762669E+01  0.15762669E+01
  0.28857700E+02  0.15248517E+01  0.15248517E+01
  0.28911500E+02  0.14520545E+01  0.14520545E+01
  0.28965400E+02  0.13796801E+01  0.13796801E+01
  0.29019200E+02  0.13338864E+01  0.13338864E+01
  0.29073000E+02  0.13014877E+01  0.13014877E+01
  0.29126900E+02  0.12654471E+01  0.12654471E+01
  0.29180700E+02  0.12419449E+01  0.12419449E+01
  0.29234600E+02  0.12520051E+01  0.12520051E+01
  0.29288400E+02  0.12816587E+01  0.12816587E+01
  0.29342200E+02  0.12759820E+01  0.12759820E+01
  0.29396100E+02  0.12092273E+01  0.12092273E+01
  0.29449900E+02  0.11272796E+01  0.11272796E+01
  0.29503800E+02  0.10694912E+01  0.10694912E+01
  0.29557600E+02  0.10414610E+01  0.10414610E+01
  0.29611400E+02  0.10338218E+01  0.10338218E+01
  0.29665300E+02  0.10309275E+01  0.10309275E+01
  0.29719100E+02  0.10251414E+01  0.10251414E+01
  0.29773000E+02  0.10265213E+01  0.10265213E+01
  0.29826800E+02  0.10495056E+01  0.10495056E+01
  0.29880600E+02  0.11151417E+01  0.11151417E+01
  0.29934500E+02  0.12282420E+01  0.12282420E+01
  0.29988300E+02  0.13369098E+01  0.13369098E+01
  0.30042100E+02  0.13751005E+01  0.13751005E+01
  0.30096000E+02  0.13419535E+01  0.13419535E+01
  0.30149800E+02  0.12465416E+01  0.12465416E+01
  0.30203700E+02  0.11296312E+01  0.11296312E+01
  0.30257500E+02  0.10308038E+01  0.10308038E+01
  0.30311300E+02  0.95211441E+00  0.95211441E+00
  0.30365200E+02  0.89807500E+00  0.89807500E+00
  0.30419000E+02  0.87444418E+00  0.87444418E+00
  0.30472900E+02  0.87722017E+00  0.87722017E+00
  0.30526700E+02  0.89547927E+00  0.89547927E+00
  0.30580500E+02  0.91822841E+00  0.91822841E+00
  0.30634400E+02  0.93834242E+00  0.93834242E+00
  0.30688200E+02  0.94764860E+00  0.94764860E+00
  0.30742100E+02  0.93396959E+00  0.93396959E+00
  0.30795900E+02  0.89593883E+00  0.89593883E+00
  0.30849700E+02  0.84808418E+00  0.84808418E+00
  0.30903600E+02  0.79931343E+00  0.79931343E+00
  0.30957400E+02  0.76756030E+00  0.76756030E+00
  0.31011200E+02  0.77538489E+00  0.77538489E+00
  0.31065100E+02  0.82849807E+00  0.82849807E+00
  0.31118900E+02  0.90759038E+00  0.90759038E+00
  0.31172800E+02  0.97440727E+00  0.97440727E+00
  0.31226600E+02  0.10100246E+01  0.10100246E+01
  0.31280400E+02  0.10263696E+01  0.10263696E+01
  0.31334300E+02  0.10538668E+01  0.10538668E+01
  0.31388100E+02  0.10978730E+01  0.10978730E+01
  0.31442000E+02  0.11065923E+01  0.11065923E+01
  0.31495800E+02  0.10418042E+01  0.10418042E+01
  0.31549600E+02  0.94631128E+00  0.94631128E+00
  0.31603500E+02  0.87440378E+00  0.87440378E+00
  0.31657300E+02  0.83970473E+00  0.83970473E+00
  0.31711200E+02  0.83424197E+00  0.83424197E+00
  0.31765000E+02  0.83821440E+00  0.83821440E+00
  0.31818800E+02  0.84117093E+00  0.84117093E+00
  0.31872700E+02  0.84618791E+00  0.84618791E+00
  0.31926500E+02  0.85866764E+00  0.85866764E+00
  0.31980400E+02  0.89358489E+00  0.89358489E+00
  0.32034200E+02  0.94150586E+00  0.94150586E+00
  0.32088000E+02  0.97460080E+00  0.97460080E+00
  0.32141900E+02  0.99952478E+00  0.99952478E+00
  0.32195700E+02  0.10346315E+01  0.10346315E+01
  0.32249500E+02  0.10625810E+01  0.10625810E+01
  0.32303400E+02  0.10679975E+01  0.10679975E+01
  0.32357200E+02  0.10614410E+01  0.10614410E+01
  0.32411100E+02  0.10579909E+01  0.10579909E+01
  0.32464900E+02  0.10715076E+01  0.10715076E+01
  0.32518700E+02  0.10887280E+01  0.10887280E+01
  0.32572600E+02  0.10706046E+01  0.10706046E+01
  0.32626400E+02  0.10143288E+01  0.10143288E+01
  0.32680300E+02  0.95260284E+00  0.95260284E+00
  0.32734100E+02  0.90384058E+00  0.90384058E+00
  0.32787900E+02  0.86573456E+00  0.86573456E+00
  0.32841800E+02  0.83596121E+00  0.83596121E+00
  0.32895600E+02  0.81164404E+00  0.81164404E+00
  0.32949500E+02  0.79387634E+00  0.79387634E+00
  0.33003300E+02  0.79039038E+00  0.79039038E+00
  0.33057100E+02  0.80418603E+00  0.80418603E+00
  0.33111000E+02  0.82628773E+00  0.82628773E+00
  0.33164800E+02  0.84685269E+00  0.84685269E+00
  0.33218600E+02  0.86908448E+00  0.86908448E+00
  0.33272500E+02  0.89942185E+00  0.89942185E+00
  0.33326300E+02  0.91589972E+00  0.91589972E+00
  0.33380200E+02  0.89588412E+00  0.89588412E+00
  0.33434000E+02  0.86476156E+00  0.86476156E+00
  0.33487800E+02  0.85132631E+00  0.85132631E+00
  0.33541700E+02  0.84594626E+00  0.84594626E+00
  0.33595500E+02  0.83594446E+00  0.83594446E+00
  0.33649400E+02  0.82455434E+00  0.82455434E+00
  0.33703200E+02  0.81149316E+00  0.81149316E+00
  0.33757000E+02  0.80191874E+00  0.80191874E+00
  0.33810900E+02  0.81027582E+00  0.81027582E+00
  0.33864700E+02  0.83201101E+00  0.83201101E+00
  0.33918600E+02  0.85108323E+00  0.85108323E+00
  0.33972400E+02  0.86692754E+00  0.86692754E+00
  0.34026200E+02  0.89267860E+00  0.89267860E+00
  0.34080100E+02  0.92783719E+00  0.92783719E+00
  0.34133900E+02  0.96694660E+00  0.96694660E+00
  0.34187700E+02  0.10053490E+01  0.10053490E+01
  0.34241600E+02  0.10491079E+01  0.10491079E+01
  0.34295400E+02  0.11139783E+01  0.11139783E+01
  0.34349300E+02  0.11746263E+01  0.11746263E+01
  0.34403100E+02  0.11966831E+01  0.11966831E+01
  0.34456900E+02  0.12118687E+01  0.12118687E+01
  0.34510800E+02  0.12501578E+01  0.12501578E+01
  0.34564600E+02  0.13130426E+01  0.13130426E+01
  0.34618500E+02  0.13881043E+01  0.13881043E+01
  0.34672300E+02  0.14354778E+01  0.14354778E+01
  0.34726100E+02  0.14206529E+01  0.14206529E+01
  0.34780000E+02  0.13514631E+01  0.13514631E+01
  0.34833800E+02  0.12584936E+01  0.12584936E+01
  0.34887700E+02  0.11812421E+01  0.11812421E+01
  0.34941500E+02  0.11372150E+01  0.11372150E+01
  0.34995300E+02  0.11231901E+01  0.11231901E+01
  0.35049200E+02  0.11373345E+01  0.11373345E+01
  0.35103000E+02  0.11857060E+01  0.11857060E+01
  0.35156900E+02  0.12630914E+01  0.12630914E+01
  0.35210700E+02  0.13545935E+01  0.13545935E+01
  0.35264500E+02  0.14199686E+01  0.14199686E+01
  0.35318400E+02  0.14397664E+01  0.14397664E+01
  0.35372200E+02  0.14687258E+01  0.14687258E+01
  0.35426000E+02  0.15305623E+01  0.15305623E+01
  0.35479900E+02  0.15937269E+01  0.15937269E+01
  0.35533700E+02  0.16350459E+01  0.16350459E+01
  0.35587600E+02  0.16481259E+01  0.16481259E+01
  0.35641400E+02  0.16506175E+01  0.16506175E+01
  0.35695200E+02  0.16700625E+01  0.16700625E+01
  0.35749100E+02  0.17151760E+01  0.17151760E+01
  0.35802900E+02  0.17543604E+01  0.17543604E+01
  0.35856800E+02  0.17766296E+01  0.17766296E+01
  0.35910600E+02  0.18301736E+01  0.18301736E+01
  0.35964400E+02  0.19171642E+01  0.19171642E+01
  0.36018300E+02  0.19484524E+01  0.19484524E+01
  0.36072100E+02  0.18834135E+01  0.18834135E+01
  0.36126000E+02  0.17917128E+01  0.17917128E+01
  0.36179800E+02  0.17160353E+01  0.17160353E+01
  0.36233600E+02  0.16541254E+01  0.16541254E+01
  0.36287500E+02  0.15803440E+01  0.15803440E+01
  0.36341300E+02  0.14802950E+01  0.14802950E+01
  0.36395100E+02  0.13840447E+01  0.13840447E+01
  0.36449000E+02  0.13338665E+01  0.13338665E+01
  0.36502800E+02  0.13111520E+01  0.13111520E+01
  0.36556700E+02  0.12892512E+01  0.12892512E+01
  0.36610500E+02  0.12740551E+01  0.12740551E+01
  0.36664300E+02  0.12658923E+01  0.12658923E+01
  0.36718200E+02  0.12662754E+01  0.12662754E+01
  0.36772000E+02  0.12657626E+01  0.12657626E+01
  0.36825900E+02  0.12640605E+01  0.12640605E+01
  0.36879700E+02  0.12795638E+01  0.12795638E+01
  0.36933500E+02  0.13165137E+01  0.13165137E+01
  0.36987400E+02  0.13717322E+01  0.13717322E+01
  0.37041200E+02  0.14372403E+01  0.14372403E+01
  0.37095100E+02  0.14993536E+01  0.14993536E+01
  0.37148900E+02  0.15538619E+01  0.15538619E+01
  0.37202700E+02  0.15806698E+01  0.15806698E+01
  0.37256600E+02  0.15769616E+01  0.15769616E+01
  0.37310400E+02  0.15777370E+01  0.15777370E+01
  0.37364200E+02  0.16010668E+01  0.16010668E+01
  0.37418100E+02  0.16527760E+01  0.16527760E+01
  0.37471900E+02  0.17522836E+01  0.17522836E+01
  0.37525800E+02  0.19212522E+01  0.19212522E+01
  0.37579600E+02  0.21082394E+01  0.21082394E+01
  0.37633400E+02  0.21882069E+01  0.21882069E+01
  0.37687300E+02  0.21173153E+01  0.21173153E+01
  0.37741100E+02  0.19906080E+01  0.19906080E+01
  0.37795000E+02  0.19076522E+01  0.19076522E+01
  0.37848800E+02  0.18884305E+01  0.18884305E+01
  0.37902600E+02  0.19301697E+01  0.19301697E+01
  0.37956500E+02  0.20539127E+01  0.20539127E+01
  0.38010300E+02  0.22440861E+01  0.22440861E+01
  0.38064200E+02  0.23345974E+01  0.23345974E+01
  0.38118000E+02  0.21617647E+01  0.21617647E+01
  0.38171800E+02  0.18575318E+01  0.18575318E+01
  0.38225700E+02  0.16179807E+01  0.16179807E+01
  0.38279500E+02  0.14775840E+01  0.14775840E+01
  0.38333300E+02  0.13963430E+01  0.13963430E+01
  0.38387200E+02  0.13448462E+01  0.13448462E+01
  0.38441000E+02  0.13204277E+01  0.13204277E+01
  0.38494900E+02  0.13027564E+01  0.13027564E+01
  0.38548700E+02  0.12605119E+01  0.12605119E+01
  0.38602500E+02  0.12131725E+01  0.12131725E+01
  0.38656400E+02  0.11918387E+01  0.11918387E+01
  0.38710200E+02  0.12103248E+01  0.12103248E+01
  0.38764100E+02  0.12647469E+01  0.12647469E+01
  0.38817900E+02  0.13277493E+01  0.13277493E+01
  0.38871700E+02  0.13693301E+01  0.13693301E+01
  0.38925600E+02  0.13997439E+01  0.13997439E+01
  0.38979400E+02  0.14518841E+01  0.14518841E+01
  0.39033300E+02  0.15318181E+01  0.15318181E+01
  0.39087100E+02  0.16236053E+01  0.16236053E+01
  0.39140900E+02  0.17301333E+01  0.17301333E+01
  0.39194800E+02  0.18599856E+01  0.18599856E+01
  0.39248600E+02  0.20129319E+01  0.20129319E+01
  0.39302500E+02  0.21928725E+01  0.21928725E+01
  0.39356300E+02  0.23758276E+01  0.23758276E+01
  0.39410100E+02  0.24415741E+01  0.24415741E+01
  0.39464000E+02  0.23245103E+01  0.23245103E+01
  0.39517800E+02  0.21205835E+01  0.21205835E+01
  0.39571600E+02  0.19055806E+01  0.19055806E+01
  0.39625500E+02  0.17244401E+01  0.17244401E+01
  0.39679300E+02  0.16073185E+01  0.16073185E+01
  0.39733200E+02  0.15429724E+01  0.15429724E+01
  0.39787000E+02  0.15082287E+01  0.15082287E+01
  0.39840800E+02  0.15054573E+01  0.15054573E+01
  0.39894700E+02  0.15514920E+01  0.15514920E+01
  0.39948500E+02  0.16577783E+01  0.16577783E+01
  0.40002400E+02  0.18097545E+01  0.18097545E+01
  0.40056200E+02  0.19637416E+01  0.19637416E+01
  0.40110000E+02  0.20684113E+01  0.20684113E+01
  0.40163900E+02  0.20857403E+01  0.20857403E+01
  0.40217700E+02  0.20286398E+01  0.20286398E+01
  0.40271600E+02  0.19490149E+01  0.19490149E+01
  0.40325400E+02  0.18824745E+01  0.18824745E+01
  0.40379200E+02  0.18235509E+01  0.18235509E+01
  0.40433100E+02  0.17520994E+01  0.17520994E+01
  0.40486900E+02  0.16758838E+01  0.16758838E+01
  0.40540700E+02  0.16020704E+01  0.16020704E+01
  0.40594600E+02  0.15290392E+01  0.15290392E+01
  0.40648400E+02  0.14492605E+01  0.14492605E+01
  0.40702300E+02  0.13574730E+01  0.13574730E+01
  0.40756100E+02  0.12818386E+01  0.12818386E+01
  0.40809900E+02  0.12500216E+01  0.12500216E+01
  0.40863800E+02  0.12434487E+01  0.12434487E+01
  0.40917600E+02  0.12414625E+01  0.12414625E+01
  0.40971500E+02  0.12378207E+01  0.12378207E+01
  0.41025300E+02  0.12321805E+01  0.12321805E+01
  0.41079100E+02  0.12278440E+01  0.12278440E+01
  0.41133000E+02  0.12218392E+01  0.12218392E+01
  0.41186800E+02  0.12134907E+01  0.12134907E+01
  0.41240700E+02  0.12091029E+01  0.12091029E+01
  0.41294500E+02  0.12096830E+01  0.12096830E+01
  0.41348300E+02  0.12092619E+01  0.12092619E+01
  0.41402200E+02  0.11935072E+01  0.11935072E+01
  0.41456000E+02  0.11616859E+01  0.11616859E+01
  0.41509800E+02  0.11418076E+01  0.11418076E+01
  0.41563700E+02  0.11553354E+01  0.11553354E+01
  0.41617500E+02  0.12074192E+01  0.12074192E+01
  0.41671400E+02  0.12871442E+01  0.12871442E+01
  0.41725200E+02  0.13727782E+01  0.13727782E+01
  0.41779000E+02  0.14535839E+01  0.14535839E+01
  0.41832900E+02  0.15103505E+01  0.15103505E+01
  0.41886700E+02  0.14991425E+01  0.14991425E+01
  0.41940600E+02  0.14305084E+01  0.14305084E+01
  0.41994400E+02  0.13674367E+01  0.13674367E+01
  0.42048200E+02  0.13333087E+01  0.13333087E+01
  0.42102100E+02  0.13285782E+01  0.13285782E+01
  0.42155900E+02  0.13516554E+01  0.13516554E+01
  0.42209800E+02  0.13978961E+01  0.13978961E+01
  0.42263600E+02  0.14792900E+01  0.14792900E+01
  0.42317400E+02  0.16007434E+01  0.16007434E+01
  0.42371300E+02  0.17163653E+01  0.17163653E+01
  0.42425100E+02  0.17933382E+01  0.17933382E+01
  0.42479000E+02  0.18239990E+01  0.18239990E+01
  0.42532800E+02  0.18013147E+01  0.18013147E+01
  0.42586600E+02  0.17723962E+01  0.17723962E+01
  0.42640500E+02  0.17650283E+01  0.17650283E+01
  0.42694300E+02  0.17679426E+01  0.17679426E+01
  0.42748100E+02  0.18011416E+01  0.18011416E+01
  0.42802000E+02  0.18933420E+01  0.18933420E+01
  0.42855800E+02  0.20682170E+01  0.20682170E+01
  0.42909700E+02  0.23689193E+01  0.23689193E+01
  0.42963500E+02  0.27633999E+01  0.27633999E+01
  0.43017300E+02  0.30317725E+01  0.30317725E+01
  0.43071200E+02  0.30126875E+01  0.30126875E+01
  0.43125000E+02  0.28314157E+01  0.28314157E+01
  0.43178900E+02  0.25607050E+01  0.25607050E+01
  0.43232700E+02  0.22103028E+01  0.22103028E+01
  0.43286500E+02  0.18921241E+01  0.18921241E+01
  0.43340400E+02  0.16561873E+01  0.16561873E+01
  0.43394200E+02  0.14958073E+01  0.14958073E+01
  0.43448100E+02  0.14028808E+01  0.14028808E+01
  0.43501900E+02  0.13450854E+01  0.13450854E+01
  0.43555700E+02  0.12857402E+01  0.12857402E+01
  0.43609600E+02  0.12223855E+01  0.12223855E+01
  0.43663400E+02  0.11715213E+01  0.11715213E+01
  0.43717200E+02  0.11472743E+01  0.11472743E+01
  0.43771100E+02  0.11451652E+01  0.11451652E+01
  0.43824900E+02  0.11564509E+01  0.11564509E+01
  0.43878800E+02  0.11734151E+01  0.11734151E+01
  0.43932600E+02  0.11787441E+01  0.11787441E+01
  0.43986400E+02  0.11787712E+01  0.11787712E+01
  0.44040300E+02  0.12068051E+01  0.12068051E+01
  0.44094100E+02  0.12707521E+01  0.12707521E+01
  0.44148000E+02  0.13533349E+01  0.13533349E+01
  0.44201800E+02  0.14524804E+01  0.14524804E+01
  0.44255600E+02  0.15554257E+01  0.15554257E+01
  0.44309500E+02  0.16225949E+01  0.16225949E+01
  0.44363300E+02  0.16102800E+01  0.16102800E+01
  0.44417200E+02  0.15378640E+01  0.15378640E+01
  0.44471000E+02  0.14885338E+01  0.14885338E+01
  0.44524800E+02  0.14838829E+01  0.14838829E+01
  0.44578700E+02  0.14731191E+01  0.14731191E+01
  0.44632500E+02  0.14310633E+01  0.14310633E+01
  0.44686300E+02  0.13712751E+01  0.13712751E+01
  0.44740200E+02  0.13037785E+01  0.13037785E+01
  0.44794000E+02  0.12526997E+01  0.12526997E+01
  0.44847900E+02  0.12433762E+01  0.12433762E+01
  0.44901700E+02  0.12672783E+01  0.12672783E+01
  0.44955500E+02  0.13031766E+01  0.13031766E+01
  0.45009400E+02  0.13518415E+01  0.13518415E+01
  0.45063200E+02  0.14085969E+01  0.14085969E+01
  0.45117100E+02  0.14462379E+01  0.14462379E+01
  0.45170900E+02  0.14508715E+01  0.14508715E+01
  0.45224700E+02  0.14511433E+01  0.14511433E+01
  0.45278600E+02  0.14842193E+01  0.14842193E+01
  0.45332400E+02  0.15589682E+01  0.15589682E+01
  0.45386300E+02  0.16317019E+01  0.16317019E+01
  0.45440100E+02  0.16680207E+01  0.16680207E+01
  0.45493900E+02  0.17102806E+01  0.17102806E+01
  0.45547800E+02  0.17926056E+01  0.17926056E+01
  0.45601600E+02  0.18993448E+01  0.18993448E+01
  0.45655500E+02  0.19699500E+01  0.19699500E+01
  0.45709300E+02  0.19328995E+01  0.19328995E+01
  0.45763100E+02  0.18147097E+01  0.18147097E+01
  0.45817000E+02  0.16825936E+01  0.16825936E+01
  0.45870800E+02  0.15520046E+01  0.15520046E+01
  0.45924600E+02  0.14336743E+01  0.14336743E+01
  0.45978500E+02  0.13483768E+01  0.13483768E+01
  0.46032300E+02  0.13032639E+01  0.13032639E+01
  0.46086200E+02  0.12884661E+01  0.12884661E+01
  0.46140000E+02  0.12836559E+01  0.12836559E+01
  0.46193800E+02  0.12896150E+01  0.12896150E+01
  0.46247700E+02  0.13298385E+01  0.13298385E+01
  0.46301500E+02  0.14003402E+01  0.14003402E+01
  0.46355400E+02  0.14669006E+01  0.14669006E+01
  0.46409200E+02  0.14835469E+01  0.14835469E+01
  0.46463000E+02  0.14396352E+01  0.14396352E+01
  0.46516900E+02  0.13843870E+01  0.13843870E+01
  0.46570700E+02  0.13466242E+01  0.13466242E+01
  0.46624600E+02  0.13245370E+01  0.13245370E+01
  0.46678400E+02  0.13373382E+01  0.13373382E+01
  0.46732200E+02  0.13900422E+01  0.13900422E+01
  0.46786100E+02  0.14247888E+01  0.14247888E+01
  0.46839900E+02  0.13928686E+01  0.13928686E+01
  0.46893700E+02  0.13306717E+01  0.13306717E+01
  0.46947600E+02  0.12713546E+01  0.12713546E+01
  0.47001400E+02  0.12255162E+01  0.12255162E+01
  0.47055300E+02  0.12057090E+01  0.12057090E+01
  0.47109100E+02  0.12150513E+01  0.12150513E+01
  0.47162900E+02  0.12369407E+01  0.12369407E+01
  0.47216800E+02  0.12478568E+01  0.12478568E+01
  0.47270600E+02  0.12625972E+01  0.12625972E+01
  0.47324500E+02  0.13185146E+01  0.13185146E+01
  0.47378300E+02  0.14065906E+01  0.14065906E+01
  0.47432100E+02  0.14608803E+01  0.14608803E+01
  0.47486000E+02  0.14327238E+01  0.14327238E+01
  0.47539800E+02  0.13612520E+01  0.13612520E+01
  0.47593700E+02  0.13103065E+01  0.13103065E+01
  0.47647500E+02  0.12929930E+01  0.12929930E+01
  0.47701300E+02  0.12898450E+01  0.12898450E+01
  0.47755200E+02  0.12843827E+01  0.12843827E+01
  0.47809000E+02  0.12827508E+01  0.12827508E+01
  0.47862800E+02  0.12965238E+01  0.12965238E+01
  0.47916700E+02  0.13045412E+01  0.13045412E+01
  0.47970500E+02  0.12936487E+01  0.12936487E+01
  0.48024400E+02  0.12931693E+01  0.12931693E+01
  0.48078200E+02  0.13325470E+01  0.13325470E+01
  0.48132000E+02  0.14045566E+01  0.14045566E+01
  0.48185900E+02  0.15015523E+01  0.15015523E+01
  0.48239700E+02  0.16224463E+01  0.16224463E+01
  0.48293600E+02  0.17272818E+01  0.17272818E+01
  0.48347400E+02  0.17552823E+01  0.17552823E+01
  0.48401200E+02  0.17139865E+01  0.17139865E+01
  0.48455100E+02  0.16971721E+01  0.16971721E+01
  0.48508900E+02  0.17709081E+01  0.17709081E+01
  0.48562800E+02  0.19065745E+01  0.19065745E+01
  0.48616600E+02  0.20174862E+01  0.20174862E+01
  0.48670400E+02  0.20361743E+01  0.20361743E+01
  0.48724300E+02  0.19835168E+01  0.19835168E+01
  0.48778100E+02  0.19417284E+01  0.19417284E+01
  0.48831900E+02  0.19497665E+01  0.19497665E+01
  0.48885800E+02  0.19597893E+01  0.19597893E+01
  0.48939600E+02  0.19040332E+01  0.19040332E+01
  0.48993500E+02  0.17621746E+01  0.17621746E+01
  0.49047300E+02  0.15860404E+01  0.15860404E+01
  0.49101100E+02  0.14498326E+01  0.14498326E+01
  0.49155000E+02  0.13837596E+01  0.13837596E+01
  0.49208800E+02  0.13642791E+01  0.13642791E+01
  0.49262700E+02  0.13661700E+01  0.13661700E+01
  0.49316500E+02  0.13748080E+01  0.13748080E+01
  0.49370300E+02  0.13973717E+01  0.13973717E+01
  0.49424200E+02  0.14171991E+01  0.14171991E+01
  0.49478000E+02  0.13952421E+01  0.13952421E+01
  0.49531900E+02  0.13417369E+01  0.13417369E+01
  0.49585700E+02  0.12893068E+01  0.12893068E+01
  0.49639500E+02  0.12327638E+01  0.12327638E+01
  0.49693400E+02  0.11592962E+01  0.11592962E+01
  0.49747200E+02  0.10884673E+01  0.10884673E+01
  0.49801100E+02  0.10415387E+01  0.10415387E+01
  0.49854900E+02  0.10266105E+01  0.10266105E+01
  0.49908700E+02  0.10478067E+01  0.10478067E+01
  0.49962600E+02  0.11064529E+01  0.11064529E+01
  0.50016400E+02  0.12006526E+01  0.12006526E+01
  0.50070200E+02  0.13244763E+01  0.13244763E+01
  0.50124100E+02  0.14396892E+01  0.14396892E+01
  0.50177900E+02  0.14860711E+01  0.14860711E+01
  0.50231800E+02  0.14488481E+01  0.14488481E+01
  0.50285600E+02  0.13751070E+01  0.13751070E+01
  0.50339400E+02  0.13259240E+01  0.13259240E+01
  0.50393300E+02  0.13001640E+01  0.13001640E+01
  0.50447100E+02  0.12471346E+01  0.12471346E+01
  0.50501000E+02  0.11541511E+01  0.11541511E+01
  0.50554800E+02  0.10560806E+01  0.10560806E+01
  0.50608600E+02  0.98305758E+00  0.98305758E+00
  0.50662500E+02  0.93598010E+00  0.93598010E+00
  0.50716300E+02  0.90757878E+00  0.90757878E+00
  0.50770200E+02  0.88933437E+00  0.88933437E+00
  0.50824000E+02  0.88741283E+00  0.88741283E+00
  0.50877800E+02  0.91497411E+00  0.91497411E+00
  0.50931700E+02  0.96350361E+00  0.96350361E+00
  0.50985500E+02  0.10022814E+01  0.10022814E+01
  0.51039300E+02  0.10099129E+01  0.10099129E+01
  0.51093200E+02  0.10052211E+01  0.10052211E+01
  0.51147000E+02  0.10075148E+01  0.10075148E+01
  0.51200900E+02  0.10061036E+01  0.10061036E+01
  0.51254700E+02  0.99065667E+00  0.99065667E+00
  0.51308500E+02  0.96774050E+00  0.96774050E+00
  0.51362400E+02  0.94849716E+00  0.94849716E+00
  0.51416200E+02  0.93624581E+00  0.93624581E+00
  0.51470100E+02  0.92438288E+00  0.92438288E+00
  0.51523900E+02  0.91249127E+00  0.91249127E+00
  0.51577700E+02  0.90430963E+00  0.90430963E+00
  0.51631600E+02  0.89195432E+00  0.89195432E+00
  0.51685400E+02  0.88123380E+00  0.88123380E+00
  0.51739300E+02  0.88964985E+00  0.88964985E+00
  0.51793100E+02  0.91517414E+00  0.91517414E+00
  0.51846900E+02  0.94701008E+00  0.94701008E+00
  0.51900800E+02  0.98392563E+00  0.98392563E+00
  0.51954600E+02  0.10305333E+01  0.10305333E+01
  0.52008400E+02  0.10956568E+01  0.10956568E+01
  0.52062300E+02  0.11760027E+01  0.11760027E+01
  0.52116100E+02  0.12430851E+01  0.12430851E+01
  0.52170000E+02  0.12653693E+01  0.12653693E+01
  0.52223800E+02  0.12540621E+01  0.12540621E+01
  0.52277600E+02  0.12477789E+01  0.12477789E+01
  0.52331500E+02  0.12625461E+01  0.12625461E+01
  0.52385300E+02  0.13022190E+01  0.13022190E+01
  0.52439200E+02  0.13698344E+01  0.13698344E+01
  0.52493000E+02  0.14481475E+01  0.14481475E+01
  0.52546800E+02  0.15109672E+01  0.15109672E+01
  0.52600700E+02  0.15485092E+01  0.15485092E+01
  0.52654500E+02  0.15288995E+01  0.15288995E+01
  0.52708400E+02  0.14371177E+01  0.14371177E+01
  0.52762200E+02  0.13230561E+01  0.13230561E+01
  0.52816000E+02  0.12351194E+01  0.12351194E+01
  0.52869900E+02  0.11806258E+01  0.11806258E+01
  0.52923700E+02  0.11575430E+01  0.11575430E+01
  0.52977600E+02  0.11612808E+01  0.11612808E+01
  0.53031400E+02  0.11756941E+01  0.11756941E+01
  0.53085200E+02  0.11841516E+01  0.11841516E+01
  0.53139100E+02  0.11639653E+01  0.11639653E+01
  0.53192900E+02  0.11146157E+01  0.11146157E+01
  0.53246700E+02  0.10535906E+01  0.10535906E+01
  0.53300600E+02  0.98514757E+00  0.98514757E+00
  0.53354400E+02  0.92472283E+00  0.92472283E+00
  0.53408300E+02  0.88309313E+00  0.88309313E+00
  0.53462100E+02  0.85729967E+00  0.85729967E+00
  0.53515900E+02  0.84739228E+00  0.84739228E+00
  0.53569800E+02  0.85514557E+00  0.85514557E+00
  0.53623600E+02  0.88017799E+00  0.88017799E+00
  0.53677500E+02  0.90396428E+00  0.90396428E+00
  0.53731300E+02  0.89492193E+00  0.89492193E+00
  0.53785100E+02  0.87027268E+00  0.87027268E+00
  0.53839000E+02  0.87114481E+00  0.87114481E+00
  0.53892800E+02  0.89153805E+00  0.89153805E+00
  0.53946700E+02  0.92196023E+00  0.92196023E+00
  0.54000500E+02  0.97678316E+00  0.97678316E+00
  0.54054300E+02  0.10512947E+01  0.10512947E+01
  0.54108200E+02  0.11303105E+01  0.11303105E+01
  0.54162000E+02  0.11950912E+01  0.11950912E+01
  0.54215800E+02  0.12163545E+01  0.12163545E+01
  0.54269700E+02  0.12083894E+01  0.12083894E+01
  0.54323500E+02  0.11973428E+01  0.11973428E+01
  0.54377400E+02  0.11897760E+01  0.11897760E+01
  0.54431200E+02  0.11896386E+01  0.11896386E+01
  0.54485000E+02  0.11702000E+01  0.11702000E+01
  0.54538900E+02  0.11204290E+01  0.11204290E+01
  0.54592700E+02  0.10617660E+01  0.10617660E+01
  0.54646600E+02  0.10025471E+01  0.10025471E+01
  0.54700400E+02  0.95157403E+00  0.95157403E+00
  0.54754200E+02  0.92253739E+00  0.92253739E+00
  0.54808100E+02  0.92476916E+00  0.92476916E+00
  0.54861900E+02  0.96189137E+00  0.96189137E+00
  0.54915800E+02  0.10207480E+01  0.10207480E+01
  0.54969600E+02  0.10735213E+01  0.10735213E+01
  0.55023400E+02  0.11015914E+01  0.11015914E+01
  0.55077300E+02  0.11000102E+01  0.11000102E+01
  0.55131100E+02  0.10828886E+01  0.10828886E+01
  0.55184900E+02  0.10617334E+01  0.10617334E+01
  0.55238800E+02  0.10311986E+01  0.10311986E+01
  0.55292600E+02  0.99748455E+00  0.99748455E+00
  0.55346500E+02  0.98687285E+00  0.98687285E+00
  0.55400300E+02  0.10021033E+01  0.10021033E+01
  0.55454100E+02  0.10155759E+01  0.10155759E+01
  0.55508000E+02  0.10201377E+01  0.10201377E+01
  0.55561800E+02  0.10323083E+01  0.10323083E+01
  0.55615700E+02  0.10677832E+01  0.10677832E+01
  0.55669500E+02  0.11203524E+01  0.11203524E+01
  0.55723300E+02  0.11613582E+01  0.11613582E+01
  0.55777200E+02  0.11602365E+01  0.11602365E+01
  0.55831000E+02  0.11065238E+01  0.11065238E+01
  0.55884900E+02  0.10360620E+01  0.10360620E+01
  0.55938700E+02  0.98347271E+00  0.98347271E+00
  0.55992500E+02  0.95421893E+00  0.95421893E+00
  0.56046400E+02  0.93438344E+00  0.93438344E+00
  0.56100200E+02  0.90863549E+00  0.90863549E+00
  0.56154100E+02  0.88374210E+00  0.88374210E+00
  0.56207900E+02  0.88006404E+00  0.88006404E+00
  0.56261700E+02  0.91079834E+00  0.91079834E+00
  0.56315600E+02  0.96289856E+00  0.96289856E+00
  0.56369400E+02  0.10160026E+01  0.10160026E+01
  0.56423200E+02  0.10519463E+01  0.10519463E+01
  0.56477100E+02  0.10579523E+01  0.10579523E+01
  0.56530900E+02  0.10266497E+01  0.10266497E+01
  0.56584800E+02  0.97342303E+00  0.97342303E+00
  0.56638600E+02  0.92191519E+00  0.92191519E+00
  0.56692400E+02  0.89221376E+00  0.89221376E+00
  0.56746300E+02  0.89169160E+00  0.89169160E+00
  0.56800100E+02  0.91905704E+00  0.91905704E+00
  0.56854000E+02  0.95700095E+00  0.95700095E+00
  0.56907800E+02  0.97439848E+00  0.97439848E+00
  0.56961600E+02  0.96569027E+00  0.96569027E+00
  0.57015500E+02  0.95467068E+00  0.95467068E+00
  0.57069300E+02  0.95005859E+00  0.95005859E+00
  0.57123200E+02  0.94037950E+00  0.94037950E+00
  0.57177000E+02  0.92469522E+00  0.92469522E+00
  0.57230800E+02  0.90483337E+00  0.90483337E+00
  0.57284700E+02  0.88816210E+00  0.88816210E+00
  0.57338500E+02  0.87561052E+00  0.87561052E+00
  0.57392300E+02  0.86534386E+00  0.86534386E+00
  0.57446200E+02  0.87309320E+00  0.87309320E+00
  0.57500000E+02  0.90723799E+00  0.90723799E+00
  0.57553900E+02  0.94654319E+00  0.94654319E+00
  0.57607700E+02  0.97339763E+00  0.97339763E+00
  0.57661500E+02  0.99287376E+00  0.99287376E+00
  0.57715400E+02  0.10105278E+01  0.10105278E+01
  0.57769200E+02  0.10258862E+01  0.10258862E+01
  0.57823100E+02  0.10417386E+01  0.10417386E+01
  0.57876900E+02  0.10715943E+01  0.10715943E+01
  0.57930700E+02  0.11145614E+01  0.11145614E+01
  0.57984600E+02  0.11599423E+01  0.11599423E+01
  0.58038400E+02  0.12250263E+01  0.12250263E+01
  0.58092300E+02  0.13398017E+01  0.13398017E+01
  0.58146100E+02  0.14805296E+01  0.14805296E+01
  0.58199900E+02  0.15465539E+01  0.15465539E+01
  0.58253800E+02  0.14945265E+01  0.14945265E+01
  0.58307600E+02  0.14283164E+01  0.14283164E+01
  0.58361400E+02  0.14310437E+01  0.14310437E+01
  0.58415300E+02  0.15066641E+01  0.15066641E+01
  0.58469100E+02  0.15791240E+01  0.15791240E+01
  0.58523000E+02  0.15377086E+01  0.15377086E+01
  0.58576800E+02  0.14061466E+01  0.14061466E+01
  0.58630600E+02  0.12851958E+01  0.12851958E+01
  0.58684500E+02  0.11933122E+01  0.11933122E+01
  0.58738300E+02  0.11173324E+01  0.11173324E+01
  0.58792200E+02  0.10705566E+01  0.10705566E+01
  0.58846000E+02  0.10483243E+01  0.10483243E+01
  0.58899800E+02  0.10350584E+01  0.10350584E+01
  0.58953700E+02  0.10379039E+01  0.10379039E+01
  0.59007500E+02  0.10630767E+01  0.10630767E+01
  0.59061400E+02  0.10978044E+01  0.10978044E+01
  0.59115200E+02  0.11273572E+01  0.11273572E+01
  0.59169000E+02  0.11445778E+01  0.11445778E+01
  0.59222900E+02  0.11594461E+01  0.11594461E+01
  0.59276700E+02  0.11857898E+01  0.11857898E+01
  0.59330500E+02  0.12293735E+01  0.12293735E+01
  0.59384400E+02  0.13017192E+01  0.13017192E+01
  0.59438200E+02  0.14033792E+01  0.14033792E+01
  0.59492100E+02  0.14879826E+01  0.14879826E+01
  0.59545900E+02  0.15113782E+01  0.15113782E+01
  0.59599700E+02  0.15002694E+01  0.15002694E+01
  0.59653600E+02  0.14968241E+01  0.14968241E+01
  0.59707400E+02  0.14813514E+01  0.14813514E+01
  0.59761300E+02  0.14225537E+01  0.14225537E+01
  0.59815100E+02  0.13414956E+01  0.13414956E+01
  0.59868900E+02  0.12593255E+01  0.12593255E+01
  0.59922800E+02  0.11876199E+01  0.11876199E+01
  0.59976600E+02  0.11365423E+01  0.11365423E+01
  0.60030500E+02  0.11080856E+01  0.11080856E+01
  0.60084300E+02  0.10940846E+01  0.10940846E+01
  0.60138100E+02  0.10916755E+01  0.10916755E+01
  0.60192000E+02  0.10960458E+01  0.10960458E+01
  0.60245800E+02  0.10829610E+01  0.10829610E+01
  0.60299700E+02  0.10358739E+01  0.10358739E+01
  0.60353500E+02  0.98286904E+00  0.98286904E+00
  0.60407300E+02  0.94581531E+00  0.94581531E+00
  0.60461200E+02  0.92524381E+00  0.92524381E+00
  0.60515000E+02  0.91583703E+00  0.91583703E+00
  0.60568800E+02  0.91323817E+00  0.91323817E+00
  0.60622700E+02  0.92185909E+00  0.92185909E+00
  0.60676500E+02  0.93391149E+00  0.93391149E+00
  0.60730400E+02  0.93816327E+00  0.93816327E+00
  0.60784200E+02  0.93361192E+00  0.93361192E+00
  0.60838000E+02  0.92856128E+00  0.92856128E+00
  0.60891900E+02  0.92742323E+00  0.92742323E+00
  0.60945700E+02  0.92137403E+00  0.92137403E+00
  0.60999600E+02  0.90598429E+00  0.90598429E+00
  0.61053400E+02  0.89547927E+00  0.89547927E+00
  0.61107200E+02  0.90364708E+00  0.90364708E+00
  0.61161100E+02  0.92659983E+00  0.92659983E+00
  0.61214900E+02  0.93825611E+00  0.93825611E+00
  0.61268800E+02  0.93069758E+00  0.93069758E+00
  0.61322600E+02  0.91818631E+00  0.91818631E+00
  0.61376400E+02  0.91306288E+00  0.91306288E+00
  0.61430300E+02  0.92523858E+00  0.92523858E+00
  0.61484100E+02  0.95624076E+00  0.95624076E+00
  0.61537900E+02  0.99274498E+00  0.99274498E+00
  0.61591800E+02  0.10263383E+01  0.10263383E+01
  0.61645600E+02  0.10778522E+01  0.10778522E+01
  0.61699500E+02  0.11523037E+01  0.11523037E+01
  0.61753300E+02  0.12373210E+01  0.12373210E+01
  0.61807100E+02  0.13209920E+01  0.13209920E+01
  0.61861000E+02  0.13674605E+01  0.13674605E+01
  0.61914800E+02  0.13312686E+01  0.13312686E+01
  0.61968700E+02  0.12436322E+01  0.12436322E+01
  0.62022500E+02  0.11683217E+01  0.11683217E+01
  0.62076300E+02  0.11288581E+01  0.11288581E+01
  0.62130200E+02  0.11203355E+01  0.11203355E+01
  0.62184000E+02  0.11358225E+01  0.11358225E+01
  0.62237900E+02  0.11603548E+01  0.11603548E+01
  0.62291700E+02  0.11723897E+01  0.11723897E+01
  0.62345500E+02  0.11633646E+01  0.11633646E+01
  0.62399400E+02  0.11432731E+01  0.11432731E+01
  0.62453200E+02  0.11362148E+01  0.11362148E+01
  0.62507000E+02  0.11613464E+01  0.11613464E+01
  0.62560900E+02  0.12101914E+01  0.12101914E+01
  0.62614700E+02  0.12510521E+01  0.12510521E+01
  0.62668600E+02  0.12667591E+01  0.12667591E+01
  0.62722400E+02  0.12829941E+01  0.12829941E+01
  0.62776200E+02  0.13305867E+01  0.13305867E+01
  0.62830100E+02  0.14025390E+01  0.14025390E+01
  0.62883900E+02  0.14422124E+01  0.14422124E+01
  0.62937800E+02  0.14155828E+01  0.14155828E+01
  0.62991600E+02  0.13569569E+01  0.13569569E+01
  0.63045400E+02  0.13002589E+01  0.13002589E+01
  0.63099300E+02  0.12602265E+01  0.12602265E+01
  0.63153100E+02  0.12450327E+01  0.12450327E+01
  0.63207000E+02  0.12608511E+01  0.12608511E+01
  0.63260800E+02  0.12792388E+01  0.12792388E+01
  0.63314600E+02  0.12686040E+01  0.12686040E+01
  0.63368500E+02  0.12222430E+01  0.12222430E+01
  0.63422300E+02  0.11558879E+01  0.11558879E+01
  0.63476200E+02  0.10965740E+01  0.10965740E+01
  0.63530000E+02  0.10576128E+01  0.10576128E+01
  0.63583800E+02  0.10339396E+01  0.10339396E+01
  0.63637700E+02  0.10189352E+01  0.10189352E+01
  0.63691500E+02  0.10105677E+01  0.10105677E+01
  0.63745300E+02  0.10032109E+01  0.10032109E+01
  0.63799200E+02  0.99481463E+00  0.99481463E+00
  0.63853000E+02  0.98331709E+00  0.98331709E+00
  0.63906900E+02  0.96665576E+00  0.96665576E+00
  0.63960700E+02  0.95202298E+00  0.95202298E+00
  0.64014500E+02  0.95385440E+00  0.95385440E+00
  0.64068400E+02  0.97631914E+00  0.97631914E+00
  0.64122200E+02  0.10070777E+01  0.10070777E+01
  0.64176100E+02  0.10270392E+01  0.10270392E+01
  0.64229900E+02  0.10247979E+01  0.10247979E+01
  0.64283700E+02  0.10199639E+01  0.10199639E+01
  0.64337600E+02  0.10187474E+01  0.10187474E+01
  0.64391400E+02  0.10133791E+01  0.10133791E+01
  0.64445300E+02  0.10137086E+01  0.10137086E+01
  0.64499100E+02  0.10384389E+01  0.10384389E+01
  0.64552900E+02  0.10787987E+01  0.10787987E+01
  0.64606800E+02  0.11166256E+01  0.11166256E+01
  0.64660600E+02  0.11472251E+01  0.11472251E+01
  0.64714400E+02  0.11737063E+01  0.11737063E+01
  0.64768300E+02  0.11814619E+01  0.11814619E+01
  0.64822100E+02  0.11693978E+01  0.11693978E+01
  0.64876000E+02  0.11661921E+01  0.11661921E+01
  0.64929800E+02  0.12000885E+01  0.12000885E+01
  0.64983600E+02  0.12669959E+01  0.12669959E+01
  0.65037500E+02  0.13120253E+01  0.13120253E+01
  0.65091300E+02  0.12848154E+01  0.12848154E+01
  0.65145200E+02  0.12124604E+01  0.12124604E+01
  0.65199000E+02  0.11494296E+01  0.11494296E+01
  0.65252800E+02  0.11262148E+01  0.11262148E+01
  0.65306700E+02  0.11607912E+01  0.11607912E+01
  0.65360500E+02  0.12322521E+01  0.12322521E+01
  0.65414400E+02  0.12896132E+01  0.12896132E+01
  0.65468200E+02  0.12864576E+01  0.12864576E+01
  0.65522000E+02  0.12215831E+01  0.12215831E+01
  0.65575900E+02  0.11544905E+01  0.11544905E+01
  0.65629700E+02  0.11036622E+01  0.11036622E+01
  0.65683500E+02  0.10590941E+01  0.10590941E+01
  0.65737400E+02  0.10186865E+01  0.10186865E+01
  0.65791200E+02  0.98350602E+00  0.98350602E+00
  0.65845100E+02  0.95939919E+00  0.95939919E+00
  0.65898900E+02  0.95700016E+00  0.95700016E+00
  0.65952700E+02  0.98008014E+00  0.98008014E+00
  0.66006600E+02  0.10069175E+01  0.10069175E+01
  0.66060400E+02  0.10093336E+01  0.10093336E+01
  0.66114300E+02  0.98993267E+00  0.98993267E+00
  0.66168100E+02  0.97529123E+00  0.97529123E+00
  0.66221900E+02  0.97075334E+00  0.97075334E+00
  0.66275800E+02  0.96514120E+00  0.96514120E+00
  0.66329600E+02  0.95951720E+00  0.95951720E+00
  0.66383500E+02  0.95655619E+00  0.95655619E+00
  0.66437300E+02  0.94449570E+00  0.94449570E+00
  0.66491100E+02  0.92438559E+00  0.92438559E+00
  0.66545000E+02  0.91388546E+00  0.91388546E+00
  0.66598800E+02  0.91623268E+00  0.91623268E+00
  0.66652700E+02  0.91912043E+00  0.91912043E+00
  0.66706500E+02  0.91180748E+00  0.91180748E+00
  0.66760300E+02  0.89104598E+00  0.89104598E+00
  0.66814200E+02  0.86325901E+00  0.86325901E+00
  0.66868000E+02  0.83058019E+00  0.83058019E+00
  0.66921800E+02  0.79515406E+00  0.79515406E+00
  0.66975700E+02  0.75320116E+00  0.75320116E+00
  0.67029500E+02  0.70362438E+00  0.70362438E+00
  0.67083400E+02  0.66206838E+00  0.66206838E+00
  0.67137200E+02  0.64368338E+00  0.64368338E+00
  0.67191000E+02  0.65231253E+00  0.65231253E+00
  0.67244900E+02  0.67394742E+00  0.67394742E+00
  0.67298700E+02  0.69128106E+00  0.69128106E+00
  0.67352600E+02  0.69779881E+00  0.69779881E+00
  0.67406400E+02  0.68858898E+00  0.68858898E+00
  0.67460200E+02  0.65655519E+00  0.65655519E+00
  0.67514100E+02  0.60599168E+00  0.60599168E+00
  0.67567900E+02  0.56132893E+00  0.56132893E+00
  0.67621800E+02  0.52748221E+00  0.52748221E+00
  0.67675600E+02  0.49630403E+00  0.49630403E+00
  0.67729400E+02  0.47216352E+00  0.47216352E+00
  0.67783300E+02  0.45944350E+00  0.45944350E+00
  0.67837100E+02  0.45707771E+00  0.45707771E+00
  0.67890900E+02  0.46181240E+00  0.46181240E+00
  0.67944800E+02  0.46928948E+00  0.46928948E+00
  0.67998600E+02  0.47349281E+00  0.47349281E+00
  0.68052500E+02  0.47660725E+00  0.47660725E+00
  0.68106300E+02  0.48246662E+00  0.48246662E+00
  0.68160100E+02  0.48778595E+00  0.48778595E+00
  0.68214000E+02  0.49201556E+00  0.49201556E+00
  0.68267800E+02  0.49789919E+00  0.49789919E+00
  0.68321700E+02  0.50764215E+00  0.50764215E+00
  0.68375500E+02  0.52510506E+00  0.52510506E+00
  0.68429300E+02  0.54865425E+00  0.54865425E+00
  0.68483200E+02  0.55570191E+00  0.55570191E+00
  0.68537000E+02  0.53075913E+00  0.53075913E+00
  0.68590900E+02  0.49197328E+00  0.49197328E+00
  0.68644700E+02  0.46086144E+00  0.46086144E+00
  0.68698500E+02  0.44407887E+00  0.44407887E+00
  0.68752400E+02  0.43999962E+00  0.43999962E+00
  0.68806200E+02  0.44699063E+00  0.44699063E+00
  0.68860000E+02  0.46563285E+00  0.46563285E+00
  0.68913900E+02  0.49096147E+00  0.49096147E+00
  0.68967700E+02  0.51799396E+00  0.51799396E+00
  0.69021600E+02  0.54173507E+00  0.54173507E+00
  0.69075400E+02  0.56439968E+00  0.56439968E+00
  0.69129200E+02  0.58765544E+00  0.58765544E+00
  0.69183100E+02  0.60092293E+00  0.60092293E+00
  0.69236900E+02  0.59302985E+00  0.59302985E+00
  0.69290800E+02  0.57954670E+00  0.57954670E+00
  0.69344600E+02  0.57720555E+00  0.57720555E+00
  0.69398400E+02  0.58268130E+00  0.58268130E+00
  0.69452300E+02  0.58704750E+00  0.58704750E+00
  0.69506100E+02  0.58750225E+00  0.58750225E+00
  0.69560000E+02  0.59131760E+00  0.59131760E+00
  0.69613800E+02  0.59962044E+00  0.59962044E+00
  0.69667600E+02  0.60120550E+00  0.60120550E+00
  0.69721500E+02  0.59381300E+00  0.59381300E+00
  0.69775300E+02  0.58359904E+00  0.58359904E+00
  0.69829100E+02  0.57336863E+00  0.57336863E+00
  0.69883000E+02  0.55918464E+00  0.55918464E+00
  0.69936800E+02  0.54159936E+00  0.54159936E+00
  0.69990700E+02  0.52680424E+00  0.52680424E+00
  0.70044500E+02  0.51762356E+00  0.51762356E+00
  0.70098300E+02  0.51124962E+00  0.51124962E+00
  0.70152200E+02  0.50317182E+00  0.50317182E+00
  0.70206000E+02  0.49903642E+00  0.49903642E+00
  0.70259900E+02  0.50337871E+00  0.50337871E+00
  0.70313700E+02  0.51168854E+00  0.51168854E+00
  0.70367500E+02  0.51491236E+00  0.51491236E+00
  0.70421400E+02  0.50907093E+00  0.50907093E+00
  0.70475200E+02  0.50378658E+00  0.50378658E+00
  0.70529100E+02  0.51212053E+00  0.51212053E+00
  0.70582900E+02  0.53694353E+00  0.53694353E+00
  0.70636700E+02  0.57203907E+00  0.57203907E+00
  0.70690600E+02  0.61003361E+00  0.61003361E+00
  0.70744400E+02  0.64922350E+00  0.64922350E+00
  0.70798300E+02  0.69246275E+00  0.69246275E+00
  0.70852100E+02  0.74032895E+00  0.74032895E+00
  0.70905900E+02  0.78141750E+00  0.78141750E+00
  0.70959800E+02  0.79286484E+00  0.79286484E+00
  0.71013600E+02  0.76488290E+00  0.76488290E+00
  0.71067400E+02  0.73113671E+00  0.73113671E+00
  0.71121300E+02  0.72768353E+00  0.72768353E+00
  0.71175100E+02  0.75057949E+00  0.75057949E+00
  0.71229000E+02  0.78211124E+00  0.78211124E+00
  0.71282800E+02  0.82286997E+00  0.82286997E+00
  0.71336600E+02  0.88149143E+00  0.88149143E+00
  0.71390500E+02  0.93732823E+00  0.93732823E+00
  0.71444300E+02  0.96334025E+00  0.96334025E+00
  0.71498200E+02  0.96694484E+00  0.96694484E+00
  0.71552000E+02  0.97861635E+00  0.97861635E+00
  0.71605800E+02  0.10070207E+01  0.10070207E+01
  0.71659700E+02  0.10395062E+01  0.10395062E+01
  0.71713500E+02  0.10466369E+01  0.10466369E+01
  0.71767400E+02  0.10087157E+01  0.10087157E+01
  0.71821200E+02  0.97882922E+00  0.97882922E+00
  0.71875000E+02  0.10275859E+01  0.10275859E+01
  0.71928900E+02  0.11267915E+01  0.11267915E+01
  0.71982700E+02  0.11734119E+01  0.11734119E+01
  0.72036500E+02  0.11249977E+01  0.11249977E+01
  0.72090400E+02  0.10358884E+01  0.10358884E+01
  0.72144200E+02  0.95709697E+00  0.95709697E+00
  0.72198100E+02  0.89678638E+00  0.89678638E+00
  0.72251900E+02  0.84161819E+00  0.84161819E+00
  0.72305700E+02  0.80033635E+00  0.80033635E+00
  0.72359600E+02  0.78753554E+00  0.78753554E+00
  0.72413400E+02  0.79919674E+00  0.79919674E+00
  0.72467300E+02  0.81204225E+00  0.81204225E+00
  0.72521100E+02  0.81906688E+00  0.81906688E+00
  0.72574900E+02  0.82259566E+00  0.82259566E+00
  0.72628800E+02  0.81151331E+00  0.81151331E+00
  0.72682600E+02  0.78578508E+00  0.78578508E+00
  0.72736500E+02  0.75474914E+00  0.75474914E+00
  0.72790300E+02  0.71604782E+00  0.71604782E+00
  0.72844100E+02  0.67201089E+00  0.67201089E+00
  0.72898000E+02  0.62732216E+00  0.62732216E+00
  0.72951800E+02  0.59607288E+00  0.59607288E+00
  0.73005600E+02  0.59239859E+00  0.59239859E+00
  0.73059500E+02  0.60695110E+00  0.60695110E+00
  0.73113300E+02  0.60916374E+00  0.60916374E+00
  0.73167200E+02  0.58664191E+00  0.58664191E+00
  0.73221000E+02  0.56408546E+00  0.56408546E+00
  0.73274800E+02  0.55683169E+00  0.55683169E+00
  0.73328700E+02  0.55842189E+00  0.55842189E+00
  0.73382500E+02  0.55410574E+00  0.55410574E+00
  0.73436400E+02  0.53500429E+00  0.53500429E+00
  0.73490200E+02  0.51114072E+00  0.51114072E+00
  0.73544000E+02  0.49671413E+00  0.49671413E+00
  0.73597900E+02  0.49470831E+00  0.49470831E+00
  0.73651700E+02  0.49329125E+00  0.49329125E+00
  0.73705600E+02  0.48653227E+00  0.48653227E+00
  0.73759400E+02  0.48035599E+00  0.48035599E+00
  0.73813200E+02  0.47654697E+00  0.47654697E+00
  0.73867100E+02  0.47630032E+00  0.47630032E+00
  0.73920900E+02  0.47069658E+00  0.47069658E+00
  0.73974800E+02  0.45257932E+00  0.45257932E+00
  0.74028600E+02  0.43324270E+00  0.43324270E+00
  0.74082400E+02  0.42222662E+00  0.42222662E+00
  0.74136300E+02  0.41000104E+00  0.41000104E+00
  0.74190100E+02  0.38939544E+00  0.38939544E+00
  0.74243900E+02  0.36278288E+00  0.36278288E+00
  0.74297800E+02  0.33613178E+00  0.33613178E+00
  0.74351600E+02  0.31303242E+00  0.31303242E+00
  0.74405500E+02  0.29708726E+00  0.29708726E+00
  0.74459300E+02  0.29250688E+00  0.29250688E+00
  0.74513100E+02  0.29871655E+00  0.29871655E+00
  0.74567000E+02  0.31213849E+00  0.31213849E+00
  0.74620800E+02  0.32617978E+00  0.32617978E+00
  0.74674700E+02  0.33423012E+00  0.33423012E+00
  0.74728500E+02  0.33627562E+00  0.33627562E+00
  0.74782300E+02  0.34073172E+00  0.34073172E+00
  0.74836200E+02  0.35302597E+00  0.35302597E+00
  0.74890000E+02  0.37498295E+00  0.37498295E+00
  0.74943900E+02  0.40964096E+00  0.40964096E+00
  0.74997700E+02  0.44736650E+00  0.44736650E+00
  0.75051500E+02  0.46399992E+00  0.46399992E+00
  0.75105400E+02  0.45828715E+00  0.45828715E+00
  0.75159200E+02  0.45861543E+00  0.45861543E+00
  0.75213000E+02  0.47408038E+00  0.47408038E+00
  0.75266900E+02  0.49077944E+00  0.49077944E+00
  0.75320700E+02  0.49537458E+00  0.49537458E+00
  0.75374600E+02  0.49754937E+00  0.49754937E+00
  0.75428400E+02  0.51490613E+00  0.51490613E+00
  0.75482200E+02  0.54443981E+00  0.54443981E+00
  0.75536100E+02  0.57097548E+00  0.57097548E+00
  0.75589900E+02  0.59085418E+00  0.59085418E+00
  0.75643800E+02  0.61076140E+00  0.61076140E+00
  0.75697600E+02  0.62886745E+00  0.62886745E+00
  0.75751400E+02  0.62504580E+00  0.62504580E+00
  0.75805300E+02  0.59436857E+00  0.59436857E+00
  0.75859100E+02  0.56364635E+00  0.56364635E+00
  0.75913000E+02  0.55426921E+00  0.55426921E+00
  0.75966800E+02  0.56566965E+00  0.56566965E+00
  0.76020600E+02  0.58932504E+00  0.58932504E+00
  0.76074500E+02  0.61178934E+00  0.61178934E+00
  0.76128300E+02  0.61835035E+00  0.61835035E+00
  0.76182100E+02  0.61817407E+00  0.61817407E+00
  0.76236000E+02  0.62229365E+00  0.62229365E+00
  0.76289800E+02  0.62027626E+00  0.62027626E+00
  0.76343700E+02  0.60719398E+00  0.60719398E+00
  0.76397500E+02  0.59224683E+00  0.59224683E+00
  0.76451300E+02  0.59020216E+00  0.59020216E+00
  0.76505200E+02  0.60601499E+00  0.60601499E+00
  0.76559000E+02  0.61630198E+00  0.61630198E+00
  0.76612900E+02  0.60070074E+00  0.60070074E+00
  0.76666700E+02  0.57396714E+00  0.57396714E+00
  0.76720500E+02  0.56140027E+00  0.56140027E+00
  0.76774400E+02  0.54881593E+00  0.54881593E+00
  0.76828200E+02  0.50900003E+00  0.50900003E+00
  0.76882100E+02  0.45736928E+00  0.45736928E+00
  0.76935900E+02  0.42114850E+00  0.42114850E+00
  0.76989700E+02  0.40470924E+00  0.40470924E+00
  0.77043600E+02  0.40561278E+00  0.40561278E+00
  0.77097400E+02  0.41272302E+00  0.41272302E+00
  0.77151300E+02  0.41176942E+00  0.41176942E+00
  0.77205100E+02  0.40149100E+00  0.40149100E+00
  0.77258900E+02  0.38933206E+00  0.38933206E+00
  0.77312800E+02  0.38213524E+00  0.38213524E+00
  0.77366600E+02  0.37804153E+00  0.37804153E+00
  0.77420400E+02  0.37768118E+00  0.37768118E+00
  0.77474300E+02  0.38418082E+00  0.38418082E+00
  0.77528100E+02  0.39006454E+00  0.39006454E+00
  0.77582000E+02  0.38471489E+00  0.38471489E+00
  0.77635800E+02  0.37123233E+00  0.37123233E+00
  0.77689600E+02  0.36586095E+00  0.36586095E+00
  0.77743500E+02  0.36861813E+00  0.36861813E+00
  0.77797300E+02  0.36323679E+00  0.36323679E+00
  0.77851200E+02  0.34406062E+00  0.34406062E+00
  0.77905000E+02  0.32799282E+00  0.32799282E+00
  0.77958800E+02  0.32382633E+00  0.32382633E+00
  0.78012700E+02  0.32530623E+00  0.32530623E+00
  0.78066500E+02  0.32553057E+00  0.32553057E+00
  0.78120400E+02  0.32827081E+00  0.32827081E+00
  0.78174200E+02  0.33416063E+00  0.33416063E+00
  0.78228000E+02  0.33690955E+00  0.33690955E+00
  0.78281900E+02  0.33462100E+00  0.33462100E+00
  0.78335700E+02  0.33169795E+00  0.33169795E+00
  0.78389500E+02  0.33318783E+00  0.33318783E+00
  0.78443400E+02  0.34604635E+00  0.34604635E+00
  0.78497200E+02  0.36713654E+00  0.36713654E+00
  0.78551100E+02  0.38635879E+00  0.38635879E+00
  0.78604900E+02  0.39738052E+00  0.39738052E+00
  0.78658700E+02  0.39891891E+00  0.39891891E+00
  0.78712600E+02  0.39158860E+00  0.39158860E+00
  0.78766400E+02  0.38171111E+00  0.38171111E+00
  0.78820300E+02  0.37562726E+00  0.37562726E+00
  0.78874100E+02  0.37207402E+00  0.37207402E+00
  0.78927900E+02  0.36724484E+00  0.36724484E+00
  0.78981800E+02  0.36558821E+00  0.36558821E+00
  0.79035600E+02  0.36965467E+00  0.36965467E+00
  0.79089500E+02  0.36799675E+00  0.36799675E+00
  0.79143300E+02  0.35996470E+00  0.35996470E+00
  0.79197100E+02  0.35574663E+00  0.35574663E+00
  0.79251000E+02  0.35407482E+00  0.35407482E+00
  0.79304800E+02  0.34920794E+00  0.34920794E+00
  0.79358600E+02  0.34497297E+00  0.34497297E+00
  0.79412500E+02  0.35160000E+00  0.35160000E+00
  0.79466300E+02  0.36783085E+00  0.36783085E+00
  0.79520200E+02  0.38280355E+00  0.38280355E+00
  0.79574000E+02  0.39587400E+00  0.39587400E+00
  0.79627800E+02  0.40896176E+00  0.40896176E+00
  0.79681700E+02  0.41501155E+00  0.41501155E+00
  0.79735500E+02  0.41464989E+00  0.41464989E+00
  0.79789400E+02  0.41621480E+00  0.41621480E+00
  0.79843200E+02  0.42742202E+00  0.42742202E+00
  0.79897000E+02  0.45279377E+00  0.45279377E+00
  0.79950900E+02  0.49107204E+00  0.49107204E+00
  0.80004700E+02  0.52940084E+00  0.52940084E+00
  0.80058600E+02  0.55618093E+00  0.55618093E+00
  0.80112400E+02  0.55784451E+00  0.55784451E+00
  0.80166200E+02  0.53756825E+00  0.53756825E+00
  0.80220100E+02  0.50628676E+00  0.50628676E+00
  0.80273900E+02  0.47754699E+00  0.47754699E+00
  0.80327700E+02  0.46234768E+00  0.46234768E+00
  0.80381600E+02  0.46201084E+00  0.46201084E+00
  0.80435400E+02  0.46879514E+00  0.46879514E+00
  0.80489300E+02  0.48919545E+00  0.48919545E+00
  0.80543100E+02  0.53620537E+00  0.53620537E+00
  0.80596900E+02  0.61961086E+00  0.61961086E+00
  0.80650800E+02  0.72325456E+00  0.72325456E+00
  0.80704600E+02  0.81664043E+00  0.81664043E+00
  0.80758500E+02  0.89779924E+00  0.89779924E+00
  0.80812300E+02  0.97906444E+00  0.97906444E+00
  0.80866100E+02  0.10519744E+01  0.10519744E+01
  0.80920000E+02  0.11113023E+01  0.11113023E+01
  0.80973800E+02  0.11355074E+01  0.11355074E+01
  0.81027700E+02  0.11003881E+01  0.11003881E+01
  0.81081500E+02  0.10110450E+01  0.10110450E+01
  0.81135300E+02  0.88957847E+00  0.88957847E+00
  0.81189200E+02  0.76664372E+00  0.76664372E+00
  0.81243000E+02  0.66381843E+00  0.66381843E+00
  0.81296900E+02  0.58703465E+00  0.58703465E+00
  0.81350700E+02  0.53241361E+00  0.53241361E+00
  0.81404500E+02  0.49541314E+00  0.49541314E+00
  0.81458400E+02  0.47803612E+00  0.47803612E+00
  0.81512200E+02  0.48097655E+00  0.48097655E+00
  0.81566000E+02  0.49770921E+00  0.49770921E+00
  0.81619900E+02  0.52037755E+00  0.52037755E+00
  0.81673700E+02  0.53649997E+00  0.53649997E+00
  0.81727600E+02  0.54277521E+00  0.54277521E+00
  0.81781400E+02  0.54905759E+00  0.54905759E+00
  0.81835200E+02  0.55073634E+00  0.55073634E+00
  0.81889100E+02  0.53330043E+00  0.53330043E+00
  0.81942900E+02  0.49737046E+00  0.49737046E+00
  0.81996800E+02  0.45875311E+00  0.45875311E+00
  0.82050600E+02  0.43197322E+00  0.43197322E+00
  0.82104400E+02  0.41837666E+00  0.41837666E+00
  0.82158300E+02  0.40476241E+00  0.40476241E+00
  0.82212100E+02  0.38120232E+00  0.38120232E+00
  0.82266000E+02  0.35496251E+00  0.35496251E+00
  0.82319800E+02  0.32935026E+00  0.32935026E+00
  0.82373600E+02  0.30105179E+00  0.30105179E+00
  0.82427500E+02  0.26807160E+00  0.26807160E+00
  0.82481300E+02  0.23571171E+00  0.23571171E+00
  0.82535100E+02  0.20530261E+00  0.20530261E+00
  0.82589000E+02  0.18150231E+00  0.18150231E+00
  0.82642800E+02  0.16432335E+00  0.16432335E+00
  0.82696700E+02  0.15244773E+00  0.15244773E+00
  0.82750500E+02  0.14188861E+00  0.14188861E+00
  0.82804300E+02  0.12864932E+00  0.12864932E+00
  0.82858200E+02  0.11472584E+00  0.11472584E+00
  0.82912000E+02  0.10078401E+00  0.10078401E+00
  0.82965900E+02  0.88827733E-01  0.88827733E-01
  0.83019700E+02  0.78860673E-01  0.78860673E-01
  0.83073500E+02  0.69549363E-01  0.69549363E-01
  0.83127400E+02  0.62902711E-01  0.62902711E-01
  0.83181200E+02  0.58256145E-01  0.58256145E-01
  0.83235100E+02  0.54273626E-01  0.54273626E-01
  0.83288900E+02  0.50285839E-01  0.50285839E-01
  0.83342700E+02  0.46963766E-01  0.46963766E-01
  0.83396600E+02  0.44980104E-01  0.44980104E-01
  0.83450400E+02  0.44337344E-01  0.44337344E-01
  0.83504200E+02  0.43693717E-01  0.43693717E-01
  0.83558100E+02  0.43049275E-01  0.43049275E-01
  0.83611900E+02  0.41730837E-01  0.41730837E-01
  0.83665800E+02  0.40410714E-01  0.40410714E-01
  0.83719600E+02  0.39088810E-01  0.39088810E-01
  0.83773400E+02  0.38439551E-01  0.38439551E-01
  0.83827300E+02  0.38464283E-01  0.38464283E-01
  0.83881100E+02  0.38488969E-01  0.38488969E-01
  0.83935000E+02  0.37162344E-01  0.37162344E-01
  0.83988800E+02  0.36510052E-01  0.36510052E-01
  0.84042600E+02  0.34503803E-01  0.34503803E-01
  0.84096500E+02  0.33171974E-01  0.33171974E-01
  0.84150300E+02  0.32515783E-01  0.32515783E-01
  0.84204200E+02  0.32536610E-01  0.32536610E-01
  0.84258000E+02  0.33235678E-01  0.33235678E-01
  0.84311800E+02  0.34614323E-01  0.34614323E-01
  0.84365700E+02  0.35994744E-01  0.35994744E-01
  0.84419500E+02  0.36697278E-01  0.36697278E-01
  0.84473400E+02  0.38080734E-01  0.38080734E-01
  0.84527200E+02  0.37424541E-01  0.37424541E-01
  0.84581000E+02  0.37448361E-01  0.37448361E-01
  0.84634900E+02  0.37472225E-01  0.37472225E-01
  0.84688700E+02  0.37496045E-01  0.37496045E-01
  0.84742500E+02  0.36155507E-01  0.36155507E-01
  0.84796400E+02  0.33448050E-01  0.33448050E-01
  0.84850200E+02  0.31420133E-01  0.31420133E-01
  0.84904100E+02  0.29389651E-01  0.29389651E-01
  0.84957900E+02  0.27356534E-01  0.27356534E-01
  0.85011700E+02  0.26689511E-01  0.26689511E-01
  0.85065600E+02  0.25336872E-01  0.25336872E-01
  0.85119400E+02  0.25352897E-01  0.25352897E-01
  0.85173300E+02  0.26054598E-01  0.26054598E-01
  0.85227100E+02  0.26757136E-01  0.26757136E-01
  0.85280900E+02  0.28833567E-01  0.28833567E-01
  0.85334800E+02  0.31599581E-01  0.31599581E-01
  0.85388600E+02  0.33681644E-01  0.33681644E-01
  0.85442500E+02  0.36454163E-01  0.36454163E-01
  0.85496300E+02  0.40606601E-01  0.40606601E-01
  0.85550100E+02  0.44764237E-01  0.44764237E-01
  0.85604000E+02  0.47548898E-01  0.47548898E-01
  0.85657800E+02  0.48268329E-01  0.48268329E-01
  0.85711600E+02  0.46228704E-01  0.46228704E-01
  0.85765500E+02  0.44186531E-01  0.44186531E-01
  0.85819300E+02  0.42141706E-01  0.42141706E-01
  0.85873200E+02  0.40094329E-01  0.40094329E-01
  0.85927000E+02  0.38736019E-01  0.38736019E-01
  0.85980800E+02  0.38068125E-01  0.38068125E-01
  0.86034700E+02  0.37399407E-01  0.37399407E-01
  0.86088500E+02  0.36036765E-01  0.36036765E-01
  0.86142400E+02  0.34672430E-01  0.34672430E-01
  0.86196200E+02  0.32612440E-01  0.32612440E-01
  0.86250000E+02  0.31938480E-01  0.31938480E-01
  0.86303900E+02  0.30568942E-01  0.30568942E-01
  0.86357700E+02  0.29197635E-01  0.29197635E-01
  0.86411600E+02  0.27129011E-01  0.27129011E-01
  0.86465400E+02  0.25753804E-01  0.25753804E-01
  0.86519200E+02  0.25073347E-01  0.25073347E-01
  0.86573100E+02  0.24392051E-01  0.24392051E-01
  0.86626900E+02  0.23709861E-01  0.23709861E-01
  0.86680700E+02  0.23026804E-01  0.23026804E-01
  0.86734600E+02  0.22342907E-01  0.22342907E-01
  0.86788400E+02  0.21658117E-01  0.21658117E-01
  0.86842300E+02  0.21671567E-01  0.21671567E-01
  0.86896100E+02  0.20985477E-01  0.20985477E-01
  0.86949900E+02  0.20998470E-01  0.20998470E-01
  0.87003800E+02  0.19610721E-01  0.19610721E-01
  0.87057600E+02  0.18221216E-01  0.18221216E-01
  0.87111500E+02  0.16829997E-01  0.16829997E-01
  0.87165300E+02  0.15437025E-01  0.15437025E-01
  0.87219100E+02  0.14744437E-01  0.14744437E-01
  0.87273000E+02  0.14050999E-01  0.14050999E-01
  0.87326800E+02  0.13356678E-01  0.13356678E-01
  0.87380700E+02  0.12661505E-01  0.12661505E-01
  0.87434500E+02  0.11965451E-01  0.11965451E-01
  0.87488300E+02  0.11268530E-01  0.11268530E-01
  0.87542200E+02  0.10570755E-01  0.10570755E-01
  0.87596000E+02  0.98721017E-02  0.98721017E-02
  0.87649900E+02  0.91725922E-02  0.91725922E-02
  0.87703700E+02  0.84722053E-02  0.84722053E-02
  0.87757500E+02  0.84774024E-02  0.84774024E-02
  0.87811400E+02  0.84826092E-02  0.84826092E-02
  0.87865200E+02  0.77804891E-02  0.77804891E-02
  0.87919000E+02  0.77852531E-02  0.77852531E-02
  0.87972900E+02  0.77900259E-02  0.77900259E-02
  0.88026700E+02  0.70861727E-02  0.70861727E-02
  0.88080600E+02  0.70905117E-02  0.70905117E-02
  0.88134400E+02  0.70948426E-02  0.70948426E-02
  0.88188200E+02  0.70991735E-02  0.70991735E-02
  0.88242100E+02  0.71035124E-02  0.71035124E-02
  0.88295900E+02  0.71078434E-02  0.71078434E-02
  0.88349800E+02  0.64009641E-02  0.64009641E-02
  0.88403600E+02  0.64048619E-02  0.64048619E-02
  0.88457400E+02  0.64087597E-02  0.64087597E-02
  0.88511300E+02  0.57001465E-02  0.57001465E-02
  0.88565100E+02  0.57036112E-02  0.57036112E-02
  0.88619000E+02  0.57070824E-02  0.57070824E-02
  0.88672800E+02  0.57105471E-02  0.57105471E-02
  0.88726600E+02  0.57140119E-02  0.57140119E-02
  0.88780500E+02  0.57174830E-02  0.57174830E-02
  0.88834300E+02  0.57209478E-02  0.57209478E-02
  0.88888100E+02  0.50088609E-02  0.50088609E-02
  0.88942000E+02  0.50118982E-02  0.50118982E-02
  0.88995800E+02  0.50149298E-02  0.50149298E-02
  0.89049700E+02  0.50179671E-02  0.50179671E-02
  0.89103500E+02  0.50209988E-02  0.50209988E-02
  0.89157300E+02  0.50240304E-02  0.50240304E-02
  0.89211200E+02  0.50270677E-02  0.50270677E-02
  0.89265000E+02  0.50300993E-02  0.50300993E-02
  0.89318900E+02  0.50331366E-02  0.50331366E-02
  0.89372700E+02  0.50361682E-02  0.50361682E-02
  0.89426500E+02  0.50391999E-02  0.50391999E-02
  0.89480400E+02  0.50422371E-02  0.50422371E-02
  0.89534200E+02  0.50452688E-02  0.50452688E-02
  0.89588100E+02  0.50483061E-02  0.50483061E-02
  0.89641900E+02  0.50513377E-02  0.50513377E-02
  0.89695700E+02  0.50543693E-02  0.50543693E-02
  0.89749600E+02  0.50574066E-02  0.50574066E-02
  0.89803400E+02  0.50604383E-02  0.50604383E-02
  0.89857200E+02  0.43401171E-02  0.43401171E-02
  0.89911100E+02  0.43427204E-02  0.43427204E-02
  0.89964900E+02  0.43453190E-02  0.43453190E-02
  0.90018800E+02  0.43479224E-02  0.43479224E-02
  0.90072600E+02  0.43505209E-02  0.43505209E-02
  0.90126400E+02  0.43531195E-02  0.43531195E-02
  0.90180300E+02  0.43557228E-02  0.43557228E-02
  0.90234100E+02  0.43583214E-02  0.43583214E-02
  0.90288000E+02  0.43609248E-02  0.43609248E-02
  0.90341800E+02  0.43635233E-02  0.43635233E-02
  0.90395600E+02  0.43661219E-02  0.43661219E-02
  0.90449500E+02  0.43687252E-02  0.43687252E-02
  0.90503300E+02  0.43713238E-02  0.43713238E-02
  0.90557200E+02  0.43739272E-02  0.43739272E-02
  0.90611000E+02  0.43765257E-02  0.43765257E-02
  0.90664800E+02  0.43791243E-02  0.43791243E-02
  0.90718700E+02  0.43817276E-02  0.43817276E-02
  0.90772500E+02  0.43843262E-02  0.43843262E-02
  0.90826300E+02  0.43869247E-02  0.43869247E-02
  0.90880200E+02  0.43895281E-02  0.43895281E-02
  0.90934000E+02  0.43921267E-02  0.43921267E-02
  0.90987900E+02  0.43947300E-02  0.43947300E-02
  0.91041700E+02  0.43973286E-02  0.43973286E-02
  0.91095500E+02  0.43999271E-02  0.43999271E-02
  0.91149400E+02  0.44025305E-02  0.44025305E-02
  0.91203200E+02  0.44051291E-02  0.44051291E-02
  0.91257100E+02  0.44077324E-02  0.44077324E-02
  0.91310900E+02  0.44103310E-02  0.44103310E-02
  0.91364700E+02  0.44129295E-02  0.44129295E-02
  0.91418600E+02  0.36796108E-02  0.36796108E-02
  0.91472400E+02  0.36817762E-02  0.36817762E-02
  0.91526300E+02  0.36839457E-02  0.36839457E-02
  0.91580100E+02  0.36861112E-02  0.36861112E-02
  0.91633900E+02  0.36882766E-02  0.36882766E-02
  0.91687800E+02  0.36904461E-02  0.36904461E-02
  0.91741600E+02  0.36926116E-02  0.36926116E-02
  0.91795500E+02  0.36947810E-02  0.36947810E-02
  0.91849300E+02  0.36969465E-02  0.36969465E-02
  0.91903100E+02  0.36991120E-02  0.36991120E-02
  0.91957000E+02  0.37012814E-02  0.37012814E-02
  0.92010800E+02  0.37034469E-02  0.37034469E-02
  0.92064600E+02  0.37056124E-02  0.37056124E-02
  0.92118500E+02  0.37077818E-02  0.37077818E-02
  0.92172300E+02  0.37099473E-02  0.37099473E-02
  0.92226200E+02  0.37121168E-02  0.37121168E-02
  0.92280000E+02  0.37142822E-02  0.37142822E-02
  0.92333800E+02  0.37164477E-02  0.37164477E-02
  0.92387700E+02  0.37186172E-02  0.37186172E-02
  0.92441500E+02  0.37207826E-02  0.37207826E-02
  0.92495400E+02  0.37229521E-02  0.37229521E-02
  0.92549200E+02  0.37251176E-02  0.37251176E-02
  0.92603000E+02  0.37272830E-02  0.37272830E-02
  0.92656900E+02  0.37294525E-02  0.37294525E-02
  0.92710700E+02  0.37316180E-02  0.37316180E-02
  0.92764600E+02  0.37337874E-02  0.37337874E-02
  0.92818400E+02  0.37359529E-02  0.37359529E-02
  0.92872200E+02  0.37381184E-02  0.37381184E-02
  0.92926100E+02  0.37402878E-02  0.37402878E-02
  0.92979900E+02  0.37424533E-02  0.37424533E-02
  0.93033700E+02  0.37446188E-02  0.37446188E-02
  0.93087600E+02  0.37467882E-02  0.37467882E-02
  0.93141400E+02  0.37489537E-02  0.37489537E-02
  0.93195300E+02  0.37511232E-02  0.37511232E-02
  0.93249100E+02  0.37532886E-02  0.37532886E-02
  0.93302900E+02  0.37554541E-02  0.37554541E-02
  0.93356800E+02  0.37576236E-02  0.37576236E-02
  0.93410600E+02  0.37597890E-02  0.37597890E-02
  0.93464500E+02  0.37619585E-02  0.37619585E-02
  0.93518300E+02  0.37641240E-02  0.37641240E-02
  0.93572100E+02  0.37662894E-02  0.37662894E-02
  0.93626000E+02  0.37684589E-02  0.37684589E-02
  0.93679800E+02  0.37706244E-02  0.37706244E-02
  0.93733700E+02  0.37727938E-02  0.37727938E-02
  0.93787500E+02  0.37749593E-02  0.37749593E-02
  0.93841300E+02  0.30216998E-02  0.30216998E-02
  0.93895200E+02  0.30234354E-02  0.30234354E-02
  0.93949000E+02  0.30251678E-02  0.30251678E-02
  0.94002800E+02  0.30269001E-02  0.30269001E-02
  0.94056700E+02  0.30286357E-02  0.30286357E-02
  0.94110500E+02  0.30303681E-02  0.30303681E-02
  0.94164400E+02  0.30321037E-02  0.30321037E-02
  0.94218200E+02  0.30338360E-02  0.30338360E-02
  0.94272000E+02  0.30355684E-02  0.30355684E-02
  0.94325900E+02  0.30373040E-02  0.30373040E-02
  0.94379700E+02  0.30390363E-02  0.30390363E-02
  0.94433600E+02  0.30407719E-02  0.30407719E-02
  0.94487400E+02  0.30425043E-02  0.30425043E-02
  0.94541200E+02  0.30442367E-02  0.30442367E-02
  0.94595100E+02  0.30459723E-02  0.30459723E-02
  0.94648900E+02  0.30477046E-02  0.30477046E-02
  0.94702800E+02  0.30494402E-02  0.30494402E-02
  0.94756600E+02  0.30511726E-02  0.30511726E-02
  0.94810400E+02  0.30529049E-02  0.30529049E-02
  0.94864300E+02  0.30546405E-02  0.30546405E-02
  0.94918100E+02  0.30563729E-02  0.30563729E-02
  0.94972000E+02  0.30581085E-02  0.30581085E-02
  0.95025800E+02  0.30598408E-02  0.30598408E-02
  0.95079600E+02  0.30615732E-02  0.30615732E-02
  0.95133500E+02  0.30633088E-02  0.30633088E-02
  0.95187300E+02  0.30650412E-02  0.30650412E-02
  0.95241100E+02  0.30667735E-02  0.30667735E-02
  0.95295000E+02  0.30685091E-02  0.30685091E-02
  0.95348800E+02  0.30702415E-02  0.30702415E-02
  0.95402700E+02  0.30719771E-02  0.30719771E-02
  0.95456500E+02  0.30737094E-02  0.30737094E-02
  0.95510300E+02  0.30754418E-02  0.30754418E-02
  0.95564200E+02  0.30771774E-02  0.30771774E-02
  0.95618000E+02  0.30789097E-02  0.30789097E-02
  0.95671900E+02  0.30806453E-02  0.30806453E-02
  0.95725700E+02  0.30823777E-02  0.30823777E-02
  0.95779500E+02  0.30841101E-02  0.30841101E-02
  0.95833400E+02  0.30858456E-02  0.30858456E-02
  0.95887200E+02  0.30875780E-02  0.30875780E-02
  0.95941100E+02  0.30893136E-02  0.30893136E-02
  0.95994900E+02  0.30910460E-02  0.30910460E-02
  0.96048700E+02  0.30927783E-02  0.30927783E-02
  0.96102600E+02  0.30945139E-02  0.30945139E-02
  0.96156400E+02  0.30962463E-02  0.30962463E-02
  0.96210200E+02  0.30979786E-02  0.30979786E-02
  0.96264100E+02  0.30997142E-02  0.30997142E-02
  0.96317900E+02  0.31014466E-02  0.31014466E-02
  0.96371800E+02  0.31031822E-02  0.31031822E-02
  0.96425600E+02  0.31049145E-02  0.31049145E-02
  0.96479400E+02  0.31066469E-02  0.31066469E-02
  0.96533300E+02  0.31083825E-02  0.31083825E-02
  0.96587100E+02  0.31101149E-02  0.31101149E-02
  0.96641000E+02  0.31118504E-02  0.31118504E-02
  0.96694800E+02  0.31135828E-02  0.31135828E-02
  0.96748600E+02  0.31153152E-02  0.31153152E-02
  0.96802500E+02  0.31170508E-02  0.31170508E-02
  0.96856300E+02  0.31187831E-02  0.31187831E-02
  0.96910200E+02  0.31205187E-02  0.31205187E-02
  0.96964000E+02  0.31222511E-02  0.31222511E-02
  0.97017800E+02  0.31239834E-02  0.31239834E-02
  0.97071700E+02  0.31257190E-02  0.31257190E-02
  0.97125500E+02  0.31274514E-02  0.31274514E-02
  0.97179300E+02  0.31291838E-02  0.31291838E-02
  0.97233200E+02  0.31309194E-02  0.31309194E-02
  0.97287000E+02  0.31326517E-02  0.31326517E-02
  0.97340900E+02  0.31343873E-02  0.31343873E-02
  0.97394700E+02  0.31361197E-02  0.31361197E-02
  0.97448500E+02  0.31378520E-02  0.31378520E-02
  0.97502400E+02  0.31395876E-02  0.31395876E-02
  0.97556200E+02  0.31413200E-02  0.31413200E-02
  0.97610100E+02  0.31430556E-02  0.31430556E-02
  0.97663900E+02  0.31447879E-02  0.31447879E-02
  0.97717700E+02  0.23598902E-02  0.23598902E-02
  0.97771600E+02  0.23611919E-02  0.23611919E-02
  0.97825400E+02  0.23624912E-02  0.23624912E-02
  0.97879300E+02  0.23637929E-02  0.23637929E-02
  0.97933100E+02  0.23650922E-02  0.23650922E-02
  0.97986900E+02  0.23663914E-02  0.23663914E-02
  0.98040800E+02  0.23676931E-02  0.23676931E-02
  0.98094600E+02  0.23689924E-02  0.23689924E-02
  0.98148500E+02  0.23702941E-02  0.23702941E-02
  0.98202300E+02  0.23715934E-02  0.23715934E-02
  0.98256100E+02  0.23728926E-02  0.23728926E-02
  0.98310000E+02  0.23741943E-02  0.23741943E-02
  0.98363800E+02  0.23754936E-02  0.23754936E-02
  0.98417600E+02  0.23767929E-02  0.23767929E-02
  0.98471500E+02  0.23780946E-02  0.23780946E-02
  0.98525300E+02  0.23793938E-02  0.23793938E-02
  0.98579200E+02  0.23806955E-02  0.23806955E-02
  0.98633000E+02  0.23819948E-02  0.23819948E-02
  0.98686800E+02  0.23832941E-02  0.23832941E-02
  0.98740700E+02  0.23845958E-02  0.23845958E-02
  0.98794500E+02  0.23858950E-02  0.23858950E-02
  0.98848400E+02  0.23871967E-02  0.23871967E-02
  0.98902200E+02  0.23884960E-02  0.23884960E-02
  0.98956000E+02  0.23897953E-02  0.23897953E-02
  0.99009900E+02  0.23910970E-02  0.23910970E-02
  0.99063700E+02  0.23923962E-02  0.23923962E-02
  0.99117600E+02  0.23936979E-02  0.23936979E-02
  0.99171400E+02  0.23949972E-02  0.23949972E-02
  0.99225200E+02  0.23962965E-02  0.23962965E-02
  0.99279100E+02  0.23975982E-02  0.23975982E-02
  0.99332900E+02  0.23988974E-02  0.23988974E-02
  0.99386700E+02  0.24001967E-02  0.24001967E-02
  0.99440600E+02  0.24014984E-02  0.24014984E-02
  0.99494400E+02  0.24027977E-02  0.24027977E-02
  0.99548300E+02  0.24040994E-02  0.24040994E-02
  0.99602100E+02  0.24053986E-02  0.24053986E-02
  0.99655900E+02  0.24066979E-02  0.24066979E-02
  0.99709800E+02  0.24079996E-02  0.24079996E-02
  0.99763600E+02  0.24092989E-02  0.24092989E-02
  0.99817500E+02  0.24106006E-02  0.24106006E-02
  0.99871300E+02  0.24118998E-02  0.24118998E-02
  0.99925100E+02  0.24131991E-02  0.24131991E-02
  0.99979000E+02  0.24145008E-02  0.24145008E-02
  0.10003280E+03  0.24158001E-02  0.24158001E-02
  0.10008670E+03  0.24171018E-02  0.24171018E-02
  0.10014050E+03  0.24184010E-02  0.24184010E-02
  0.10019430E+03  0.24197003E-02  0.24197003E-02
  0.10024820E+03  0.24210020E-02  0.24210020E-02
  0.10030200E+03  0.24223013E-02  0.24223013E-02
  0.10035580E+03  0.24236006E-02  0.24236006E-02
  0.10040970E+03  0.24249022E-02  0.24249022E-02
  0.10046350E+03  0.24262015E-02  0.24262015E-02
  0.10051740E+03  0.24275032E-02  0.24275032E-02
  0.10057120E+03  0.24288025E-02  0.24288025E-02
  0.10062500E+03  0.24301018E-02  0.24301018E-02
  0.10067890E+03  0.24314034E-02  0.24314034E-02
  0.10073270E+03  0.24327027E-02  0.24327027E-02
  0.10078660E+03  0.24340044E-02  0.24340044E-02
  0.10084040E+03  0.24353037E-02  0.24353037E-02
  0.10089420E+03  0.24366030E-02  0.24366030E-02
  0.10094810E+03  0.24379046E-02  0.24379046E-02
  0.10100190E+03  0.24392039E-02  0.24392039E-02
  0.10105580E+03  0.24405056E-02  0.24405056E-02
  0.10110960E+03  0.24418049E-02  0.24418049E-02
  0.10116340E+03  0.24431042E-02  0.24431042E-02
  0.10121730E+03  0.24444058E-02  0.24444058E-02
  0.10127110E+03  0.24457051E-02  0.24457051E-02
  0.10132490E+03  0.24470044E-02  0.24470044E-02
  0.10137880E+03  0.24483061E-02  0.24483061E-02
  0.10143260E+03  0.24496054E-02  0.24496054E-02
  0.10148650E+03  0.24509070E-02  0.24509070E-02
  0.10154030E+03  0.24522063E-02  0.24522063E-02
  0.10159410E+03  0.24535056E-02  0.24535056E-02
  0.10164800E+03  0.24548073E-02  0.24548073E-02
  0.10170180E+03  0.24561066E-02  0.24561066E-02
  0.10175570E+03  0.24574082E-02  0.24574082E-02
  0.10180950E+03  0.24587075E-02  0.24587075E-02
  0.10186330E+03  0.24600068E-02  0.24600068E-02
  0.10191720E+03  0.24613085E-02  0.24613085E-02
  0.10197100E+03  0.24626078E-02  0.24626078E-02
  0.10202490E+03  0.24639094E-02  0.24639094E-02
  0.10207870E+03  0.24652087E-02  0.24652087E-02
  0.10213250E+03  0.24665080E-02  0.24665080E-02
  0.10218640E+03  0.24678097E-02  0.24678097E-02
  0.10224020E+03  0.24691090E-02  0.24691090E-02
  0.10229410E+03  0.24704107E-02  0.24704107E-02
  0.10234790E+03  0.24717099E-02  0.24717099E-02
  0.10240170E+03  0.24730092E-02  0.24730092E-02
  0.10245560E+03  0.24743109E-02  0.24743109E-02
  0.10250940E+03  0.24756102E-02  0.24756102E-02
  0.10256320E+03  0.24769094E-02  0.24769094E-02
  0.10261710E+03  0.24782111E-02  0.24782111E-02
  0.10267090E+03  0.24795104E-02  0.24795104E-02
  0.10272480E+03  0.24808121E-02  0.24808121E-02
  0.10277860E+03  0.24821114E-02  0.24821114E-02
  0.10283240E+03  0.24834106E-02  0.24834106E-02
  0.10288630E+03  0.24847123E-02  0.24847123E-02
  0.10294010E+03  0.24860116E-02  0.24860116E-02
  0.10299400E+03  0.24873133E-02  0.24873133E-02
  0.10304780E+03  0.24886126E-02  0.24886126E-02
  0.10310160E+03  0.24899118E-02  0.24899118E-02
  0.10315550E+03  0.24912135E-02  0.24912135E-02
  0.10320930E+03  0.24925128E-02  0.24925128E-02
  0.10326320E+03  0.24938145E-02  0.24938145E-02
  0.10331700E+03  0.24951138E-02  0.24951138E-02
  0.10337080E+03  0.24964130E-02  0.24964130E-02
  0.10342470E+03  0.24977147E-02  0.24977147E-02
  0.10347850E+03  0.24990140E-02  0.24990140E-02
  0.10353230E+03  0.25003133E-02  0.25003133E-02
  0.10358620E+03  0.25016150E-02  0.25016150E-02
  0.10364000E+03  0.25029142E-02  0.25029142E-02
  0.10369390E+03  0.25042159E-02  0.25042159E-02
  0.10374770E+03  0.25055152E-02  0.25055152E-02
  0.10380150E+03  0.25068145E-02  0.25068145E-02
  0.10385540E+03  0.25081162E-02  0.25081162E-02
  0.10390920E+03  0.25094154E-02  0.25094154E-02
  0.10396310E+03  0.25107171E-02  0.25107171E-02
  0.10401690E+03  0.25120164E-02  0.25120164E-02
  0.10407070E+03  0.25133157E-02  0.25133157E-02
  0.10412460E+03  0.25146174E-02  0.25146174E-02
  0.10417840E+03  0.25159166E-02  0.25159166E-02
  0.10423230E+03  0.25172183E-02  0.25172183E-02
  0.10428610E+03  0.25185176E-02  0.25185176E-02
  0.10433990E+03  0.25198169E-02  0.25198169E-02
  0.10439380E+03  0.25211186E-02  0.25211186E-02
  0.10444760E+03  0.16816119E-02  0.16816119E-02
  0.10450140E+03  0.16824781E-02  0.16824781E-02
  0.10455530E+03  0.16833459E-02  0.16833459E-02
  0.10460910E+03  0.16842121E-02  0.16842121E-02
  0.10466300E+03  0.16850798E-02  0.16850798E-02
  0.10471680E+03  0.16859460E-02  0.16859460E-02
  0.10477060E+03  0.16868122E-02  0.16868122E-02
  0.10482450E+03  0.16876800E-02  0.16876800E-02
  0.10487830E+03  0.16885462E-02  0.16885462E-02
  0.10493220E+03  0.16894140E-02  0.16894140E-02
  0.10498600E+03  0.16902802E-02  0.16902802E-02
  0.10503980E+03  0.16911463E-02  0.16911463E-02
  0.10509370E+03  0.16920141E-02  0.16920141E-02
  0.10514750E+03  0.16928803E-02  0.16928803E-02
  0.10520140E+03  0.16937481E-02  0.16937481E-02
  0.10525520E+03  0.16946143E-02  0.16946143E-02
  0.10530900E+03  0.16954805E-02  0.16954805E-02
  0.10536290E+03  0.16963483E-02  0.16963483E-02
  0.10541670E+03  0.16972145E-02  0.16972145E-02
  0.10547060E+03  0.16980823E-02  0.16980823E-02
  0.10552440E+03  0.16989484E-02  0.16989484E-02
  0.10557820E+03  0.16998146E-02  0.16998146E-02
  0.10563210E+03  0.17006824E-02  0.17006824E-02
  0.10568590E+03  0.17015486E-02  0.17015486E-02
  0.10573970E+03  0.17024148E-02  0.17024148E-02
  0.10579360E+03  0.17032826E-02  0.17032826E-02
  0.10584740E+03  0.17041488E-02  0.17041488E-02
  0.10590130E+03  0.17050165E-02  0.17050165E-02
  0.10595510E+03  0.17058827E-02  0.17058827E-02
  0.10600890E+03  0.17067489E-02  0.17067489E-02
  0.10606280E+03  0.17076167E-02  0.17076167E-02
  0.10611660E+03  0.17084829E-02  0.17084829E-02
  0.10617050E+03  0.17093507E-02  0.17093507E-02
  0.10622430E+03  0.17102169E-02  0.17102169E-02
  0.10627810E+03  0.17110830E-02  0.17110830E-02
  0.10633200E+03  0.17119508E-02  0.17119508E-02
  0.10638580E+03  0.17128170E-02  0.17128170E-02
  0.10643970E+03  0.17136848E-02  0.17136848E-02
  0.10649350E+03  0.17145510E-02  0.17145510E-02
  0.10654730E+03  0.17154172E-02  0.17154172E-02
  0.10660120E+03  0.17162850E-02  0.17162850E-02
  0.10665500E+03  0.17171512E-02  0.17171512E-02
  0.10670880E+03  0.17180173E-02  0.17180173E-02
  0.10676270E+03  0.17188851E-02  0.17188851E-02
  0.10681650E+03  0.17197513E-02  0.17197513E-02
  0.10687040E+03  0.17206191E-02  0.17206191E-02
  0.10692420E+03  0.17214853E-02  0.17214853E-02
  0.10697800E+03  0.17223515E-02  0.17223515E-02
  0.10703190E+03  0.17232193E-02  0.17232193E-02
  0.10708570E+03  0.17240854E-02  0.17240854E-02
  0.10713960E+03  0.17249532E-02  0.17249532E-02
  0.10719340E+03  0.17258194E-02  0.17258194E-02
  0.10724720E+03  0.17266856E-02  0.17266856E-02
  0.10730110E+03  0.17275534E-02  0.17275534E-02
  0.10735490E+03  0.17284196E-02  0.17284196E-02
  0.10740880E+03  0.17292874E-02  0.17292874E-02
  0.10746260E+03  0.17301536E-02  0.17301536E-02
  0.10751640E+03  0.17310197E-02  0.17310197E-02
  0.10757030E+03  0.17318875E-02  0.17318875E-02
  0.10762410E+03  0.17327537E-02  0.17327537E-02
  0.10767790E+03  0.17336199E-02  0.17336199E-02
