   #Energy      xx              yy   
  0.00000000E+00  0.00000000E+00  0.00000000E+00
  0.83300000E-01  0.74419845E+00  0.13124912E+01
  0.16660000E+00  0.72865373E+00  0.12755594E+01
  0.24990000E+00  0.71716247E+00  0.12470509E+01
  0.33320000E+00  0.72043756E+00  0.12463362E+01
  0.41640000E+00  0.74296398E+00  0.12746683E+01
  0.49970000E+00  0.78630089E+00  0.13282958E+01
  0.58300000E+00  0.85241921E+00  0.14035433E+01
  0.66630000E+00  0.94523215E+00  0.14858069E+01
  0.74960000E+00  0.10687289E+01  0.15429413E+01
  0.83290000E+00  0.12287959E+01  0.15488467E+01
  0.91620000E+00  0.14357750E+01  0.15134765E+01
  0.99950000E+00  0.16927806E+01  0.14801555E+01
  0.10828000E+01  0.19705701E+01  0.14916844E+01
  0.11661000E+01  0.22029011E+01  0.15601785E+01
  0.12493000E+01  0.23274780E+01  0.16680822E+01
  0.13326000E+01  0.23356457E+01  0.17960175E+01
  0.14159000E+01  0.22745225E+01  0.19504142E+01
  0.14992000E+01  0.22127452E+01  0.21730944E+01
  0.15825000E+01  0.22059793E+01  0.25221322E+01
  0.16658000E+01  0.22746276E+01  0.30174987E+01
  0.17491000E+01  0.23816821E+01  0.35745064E+01
  0.18324000E+01  0.24277205E+01  0.40011253E+01
  0.19157000E+01  0.23045364E+01  0.41064914E+01
  0.19990000E+01  0.19882328E+01  0.38389392E+01
  0.20822000E+01  0.15686416E+01  0.33211532E+01
  0.21655000E+01  0.11738030E+01  0.27541387E+01
  0.22488000E+01  0.88114529E+00  0.22853496E+01
  0.23321000E+01  0.70026451E+00  0.19539228E+01
  0.24154000E+01  0.60609150E+00  0.17281923E+01
  0.24987000E+01  0.57128530E+00  0.15612719E+01
  0.25820000E+01  0.57720884E+00  0.14168495E+01
  0.26653000E+01  0.61323513E+00  0.12783196E+01
  0.27486000E+01  0.67715933E+00  0.11518543E+01
  0.28319000E+01  0.77575194E+00  0.10521319E+01
  0.29151000E+01  0.91570428E+00  0.98268761E+00
  0.29984000E+01  0.10779453E+01  0.93572662E+00
  0.30817000E+01  0.12027846E+01  0.90573007E+00
  0.31650000E+01  0.12229306E+01  0.89389290E+00
  0.32483000E+01  0.11271380E+01  0.89869290E+00
  0.33316000E+01  0.97498993E+00  0.90826716E+00
  0.34149000E+01  0.84009952E+00  0.90307899E+00
  0.34982000E+01  0.75545539E+00  0.87015004E+00
  0.35815000E+01  0.71355733E+00  0.81532634E+00
  0.36648000E+01  0.69560843E+00  0.75889107E+00
  0.37480000E+01  0.68938360E+00  0.71570142E+00
  0.38313000E+01  0.68994541E+00  0.68366461E+00
  0.39146000E+01  0.69425059E+00  0.65285867E+00
  0.39979000E+01  0.69897444E+00  0.62010906E+00
  0.40812000E+01  0.70160690E+00  0.59244079E+00
  0.41645000E+01  0.70329717E+00  0.57870399E+00
  0.42478000E+01  0.70854426E+00  0.58215529E+00
  0.43311000E+01  0.72409562E+00  0.59877821E+00
  0.44144000E+01  0.75563143E+00  0.61813425E+00
  0.44977000E+01  0.80245544E+00  0.63078159E+00
  0.45809000E+01  0.85484775E+00  0.63669261E+00
  0.46642000E+01  0.89944803E+00  0.64737829E+00
  0.47475000E+01  0.93276345E+00  0.68138039E+00
  0.48308000E+01  0.96945603E+00  0.75774637E+00
  0.49141000E+01  0.10416241E+01  0.89997504E+00
  0.49974000E+01  0.11950021E+01  0.11545862E+01
  0.50807000E+01  0.14786724E+01  0.15916690E+01
  0.51640000E+01  0.19081330E+01  0.22459082E+01
  0.52473000E+01  0.24177631E+01  0.30222039E+01
  0.53306000E+01  0.28706482E+01  0.36897515E+01
  0.54138000E+01  0.31638067E+01  0.40317864E+01
  0.54971000E+01  0.33410525E+01  0.40128677E+01
  0.55804000E+01  0.35880615E+01  0.37682803E+01
  0.56637000E+01  0.41168443E+01  0.34542248E+01
  0.57470000E+01  0.50143169E+01  0.31380699E+01
  0.58303000E+01  0.61117559E+01  0.28190827E+01
  0.59136000E+01  0.69785061E+01  0.24992135E+01
  0.59969000E+01  0.71543072E+01  0.22031150E+01
  0.60802000E+01  0.65044602E+01  0.19431647E+01
  0.61635000E+01  0.53376380E+01  0.17128065E+01
  0.62467000E+01  0.41349241E+01  0.15111495E+01
  0.63300000E+01  0.32000968E+01  0.13484924E+01
  0.64133000E+01  0.25682891E+01  0.12239544E+01
  0.64966000E+01  0.21486624E+01  0.11211030E+01
  0.65799000E+01  0.18639383E+01  0.10277908E+01
  0.66632000E+01  0.16759887E+01  0.94686259E+00
  0.67465000E+01  0.15529794E+01  0.88349320E+00
  0.68298000E+01  0.14616836E+01  0.83188886E+00
  0.69131000E+01  0.13869590E+01  0.78102621E+00
  0.69964000E+01  0.13314137E+01  0.72735520E+00
  0.70796000E+01  0.12950203E+01  0.67739521E+00
  0.71629000E+01  0.12717035E+01  0.63898304E+00
  0.72462000E+01  0.12649124E+01  0.61414280E+00
  0.73295000E+01  0.12818566E+01  0.59797277E+00
  0.74128000E+01  0.13097922E+01  0.58370514E+00
  0.74961000E+01  0.13206194E+01  0.57244589E+00
  0.75794000E+01  0.12934632E+01  0.57135204E+00
  0.76627000E+01  0.12230962E+01  0.58391226E+00
  0.77460000E+01  0.11185097E+01  0.60676768E+00
  0.78293000E+01  0.10105320E+01  0.63767908E+00
  0.79125000E+01  0.94149743E+00  0.67882938E+00
  0.79958000E+01  0.93764597E+00  0.72617316E+00
  0.80791000E+01  0.99840519E+00  0.76861527E+00
  0.81624000E+01  0.11072722E+01  0.79616549E+00
  0.82457000E+01  0.12460872E+01  0.81127466E+00
  0.83290000E+01  0.14075046E+01  0.82834547E+00
  0.84123000E+01  0.16132707E+01  0.86834831E+00
  0.84956000E+01  0.19363395E+01  0.95354622E+00
  0.85789000E+01  0.25066231E+01  0.10997827E+01
  0.86622000E+01  0.34707836E+01  0.12969583E+01
  0.87454000E+01  0.48842634E+01  0.14974648E+01
  0.88287000E+01  0.65324894E+01  0.16402987E+01
  0.89120000E+01  0.78512959E+01  0.17056919E+01
  0.89953000E+01  0.82154302E+01  0.17467036E+01
  0.90786000E+01  0.74784062E+01  0.18534164E+01
  0.91619000E+01  0.61326921E+01  0.20859514E+01
  0.92452000E+01  0.48400711E+01  0.24239508E+01
  0.93285000E+01  0.39205038E+01  0.27613274E+01
  0.94118000E+01  0.33185469E+01  0.29659914E+01
  0.94951000E+01  0.28705705E+01  0.29720068E+01
  0.95783000E+01  0.24832826E+01  0.28148580E+01
  0.96616000E+01  0.21411185E+01  0.25882958E+01
  0.97449000E+01  0.18491277E+01  0.23784388E+01
  0.98282000E+01  0.16055351E+01  0.22314762E+01
  0.99115000E+01  0.14041238E+01  0.21558784E+01
  0.99948000E+01  0.12397874E+01  0.21398621E+01
  0.10078100E+02  0.11129925E+01  0.21717397E+01
  0.10161400E+02  0.10258533E+01  0.22399416E+01
  0.10244700E+02  0.97912087E+00  0.23198839E+01
  0.10328000E+02  0.96817576E+00  0.23678119E+01
  0.10411200E+02  0.98251769E+00  0.23456401E+01
  0.10494500E+02  0.10093033E+01  0.22554487E+01
  0.10577800E+02  0.10430365E+01  0.21531232E+01
  0.10661100E+02  0.10885349E+01  0.21074526E+01
  0.10744400E+02  0.11557525E+01  0.21432941E+01
  0.10827700E+02  0.12496183E+01  0.22161200E+01
  0.10911000E+02  0.13692358E+01  0.22504597E+01
  0.10994300E+02  0.15067541E+01  0.22027567E+01
  0.11077600E+02  0.16480137E+01  0.20959587E+01
  0.11160900E+02  0.17729296E+01  0.19897430E+01
  0.11244100E+02  0.18595704E+01  0.19154835E+01
  0.11327400E+02  0.18909877E+01  0.18557058E+01
  0.11410700E+02  0.18640523E+01  0.17748871E+01
  0.11494000E+02  0.17922406E+01  0.16575164E+01
  0.11577300E+02  0.17008444E+01  0.15176960E+01
  0.11660600E+02  0.16146365E+01  0.13836555E+01
  0.11743900E+02  0.15481995E+01  0.12793101E+01
  0.11827200E+02  0.15026303E+01  0.12105061E+01
  0.11910500E+02  0.14705832E+01  0.11630591E+01
  0.11993800E+02  0.14408890E+01  0.11171232E+01
  0.12077000E+02  0.14033684E+01  0.10618480E+01
  0.12160300E+02  0.13542403E+01  0.10000646E+01
  0.12243600E+02  0.12969469E+01  0.94335574E+00
  0.12326900E+02  0.12336957E+01  0.90161162E+00
  0.12410200E+02  0.11657406E+01  0.87481404E+00
  0.12493500E+02  0.10957372E+01  0.85440194E+00
  0.12576800E+02  0.10284759E+01  0.83295210E+00
  0.12660100E+02  0.96230229E+00  0.81321807E+00
  0.12743400E+02  0.89482003E+00  0.80498985E+00
  0.12826700E+02  0.83057822E+00  0.81270502E+00
  0.12909900E+02  0.78235106E+00  0.83384938E+00
  0.12993200E+02  0.76077381E+00  0.86123997E+00
  0.13076500E+02  0.76422204E+00  0.88748366E+00
  0.13159800E+02  0.78347254E+00  0.90715980E+00
  0.13243100E+02  0.80543793E+00  0.91724400E+00
  0.13326400E+02  0.82033510E+00  0.91573137E+00
  0.13409700E+02  0.81996705E+00  0.90460172E+00
  0.13493000E+02  0.79851712E+00  0.88736413E+00
  0.13576300E+02  0.75856359E+00  0.86836057E+00
  0.13659600E+02  0.71582002E+00  0.85054944E+00
  0.13742800E+02  0.68826383E+00  0.83395198E+00
  0.13826100E+02  0.68223610E+00  0.81785225E+00
  0.13909400E+02  0.69166698E+00  0.80643809E+00
  0.13992700E+02  0.70919015E+00  0.81164997E+00
  0.14076000E+02  0.73648735E+00  0.84224925E+00
  0.14159300E+02  0.77875853E+00  0.89675225E+00
  0.14242600E+02  0.83820883E+00  0.96623609E+00
  0.14325900E+02  0.91082629E+00  0.10427337E+01
  0.14409200E+02  0.98580599E+00  0.11153308E+01
  0.14492500E+02  0.10497123E+01  0.11597915E+01
  0.14575700E+02  0.10927751E+01  0.11481307E+01
  0.14659000E+02  0.11122374E+01  0.10777929E+01
  0.14742300E+02  0.11129186E+01  0.98120508E+00
  0.14825600E+02  0.11017890E+01  0.90127962E+00
  0.14908900E+02  0.10880197E+01  0.86031357E+00
  0.14992200E+02  0.10785331E+01  0.85733756E+00
  0.15075500E+02  0.10775234E+01  0.88187220E+00
  0.15158800E+02  0.10847198E+01  0.93023319E+00
  0.15242100E+02  0.10965108E+01  0.10090565E+01
  0.15325400E+02  0.11079468E+01  0.11322329E+01
  0.15408600E+02  0.11097518E+01  0.13101470E+01
  0.15491900E+02  0.10907780E+01  0.15271738E+01
  0.15575200E+02  0.10472793E+01  0.17230531E+01
  0.15658500E+02  0.98827861E+00  0.18139832E+01
  0.15741800E+02  0.92988092E+00  0.17573975E+01
  0.15825100E+02  0.88205139E+00  0.15933134E+01
  0.15908400E+02  0.84757545E+00  0.14108871E+01
  0.15991700E+02  0.82579775E+00  0.12784573E+01
  0.16075000E+02  0.81648391E+00  0.12122085E+01
  0.16158300E+02  0.81762452E+00  0.11924427E+01
  0.16241500E+02  0.82715958E+00  0.11932576E+01
  0.16324800E+02  0.84478288E+00  0.12029458E+01
  0.16408100E+02  0.87599194E+00  0.12314994E+01
  0.16491400E+02  0.92549744E+00  0.13066906E+01
  0.16574700E+02  0.99719536E+00  0.14554886E+01
  0.16658000E+02  0.10868621E+01  0.16735309E+01
  0.16741300E+02  0.11796625E+01  0.19064883E+01
  0.16824600E+02  0.12595418E+01  0.20731873E+01
  0.16907900E+02  0.13267569E+01  0.21236426E+01
  0.16991200E+02  0.14066432E+01  0.20844316E+01
  0.17074400E+02  0.15282929E+01  0.20367909E+01
  0.17157700E+02  0.16998247E+01  0.20626664E+01
  0.17241000E+02  0.18941474E+01  0.22031653E+01
  0.17324300E+02  0.20552411E+01  0.24348595E+01
  0.17407600E+02  0.21145873E+01  0.26762894E+01
  0.17490900E+02  0.20339067E+01  0.28439330E+01
  0.17574200E+02  0.18327996E+01  0.29102956E+01
  0.17657500E+02  0.15853094E+01  0.29023802E+01
  0.17740800E+02  0.13644853E+01  0.28506352E+01
  0.17824100E+02  0.11970347E+01  0.27563940E+01
  0.17907300E+02  0.10710090E+01  0.25994842E+01
  0.17990600E+02  0.97325825E+00  0.23697364E+01
  0.18073900E+02  0.90616065E+00  0.20937990E+01
  0.18157200E+02  0.87511417E+00  0.18281155E+01
  0.18240500E+02  0.87514196E+00  0.16241957E+01
  0.18323800E+02  0.89215538E+00  0.14979399E+01
  0.18407100E+02  0.90828130E+00  0.14293109E+01
  0.18490400E+02  0.91289687E+00  0.13797019E+01
  0.18573700E+02  0.90533755E+00  0.13209606E+01
  0.18656900E+02  0.89359074E+00  0.12468471E+01
  0.18740200E+02  0.88631591E+00  0.11740742E+01
  0.18823500E+02  0.88614117E+00  0.11211769E+01
  0.18906800E+02  0.89212893E+00  0.10977267E+01
  0.18990100E+02  0.89605950E+00  0.11010065E+01
  0.19073400E+02  0.88956747E+00  0.11225122E+01
  0.19156700E+02  0.86885248E+00  0.11546317E+01
  0.19240000E+02  0.83635856E+00  0.11990785E+01
  0.19323300E+02  0.80407851E+00  0.12713205E+01
  0.19406600E+02  0.78209360E+00  0.13992848E+01
  0.19489800E+02  0.77852401E+00  0.16129612E+01
  0.19573100E+02  0.79629057E+00  0.19097069E+01
  0.19656400E+02  0.83995881E+00  0.22142904E+01
  0.19739700E+02  0.91902515E+00  0.23919463E+01
  0.19823000E+02  0.10431408E+01  0.23473375E+01
  0.19906300E+02  0.12161289E+01  0.21119090E+01
  0.19989600E+02  0.14161977E+01  0.18077957E+01
  0.20072900E+02  0.15986962E+01  0.15372711E+01
  0.20156200E+02  0.17083140E+01  0.13321766E+01
  0.20239500E+02  0.17015493E+01  0.11822920E+01
  0.20322700E+02  0.15791677E+01  0.10749890E+01
  0.20406000E+02  0.13905019E+01  0.10069152E+01
  0.20489300E+02  0.12064009E+01  0.97463757E+00
  0.20572600E+02  0.10696587E+01  0.96792027E+00
  0.20655900E+02  0.98199806E+00  0.97071072E+00
  0.20739200E+02  0.92646073E+00  0.97179214E+00
  0.20822500E+02  0.88808193E+00  0.96829945E+00
  0.20905800E+02  0.85850540E+00  0.96189161E+00
  0.20989100E+02  0.83726691E+00  0.95425489E+00
  0.21072400E+02  0.82216591E+00  0.94192117E+00
  0.21155600E+02  0.81211761E+00  0.92425342E+00
  0.21238900E+02  0.80545029E+00  0.90526114E+00
  0.21322200E+02  0.80161845E+00  0.89249961E+00
  0.21405500E+02  0.80650470E+00  0.89072274E+00
  0.21488800E+02  0.82725693E+00  0.89653750E+00
  0.21572100E+02  0.86523831E+00  0.90708566E+00
  0.21655400E+02  0.91118002E+00  0.92478855E+00
  0.21738700E+02  0.94913415E+00  0.95863738E+00
  0.21822000E+02  0.96648435E+00  0.10171637E+01
  0.21905300E+02  0.96059761E+00  0.11006473E+01
  0.21988500E+02  0.94141661E+00  0.11895373E+01
  0.22071800E+02  0.92447924E+00  0.12489214E+01
  0.22155100E+02  0.92494163E+00  0.12566615E+01
  0.22238400E+02  0.95697668E+00  0.12212845E+01
  0.22321700E+02  0.10245987E+01  0.11727996E+01
  0.22405000E+02  0.11214700E+01  0.11367739E+01
  0.22488300E+02  0.12190333E+01  0.11182664E+01
  0.22571600E+02  0.12790525E+01  0.11094577E+01
  0.22654900E+02  0.12819158E+01  0.11061244E+01
  0.22738200E+02  0.12443836E+01  0.11120553E+01
  0.22821400E+02  0.11978072E+01  0.11404421E+01
  0.22904700E+02  0.11596242E+01  0.12046825E+01
  0.22988000E+02  0.11249003E+01  0.13057888E+01
  0.23071300E+02  0.10873727E+01  0.14189426E+01
  0.23154600E+02  0.10489120E+01  0.14987169E+01
  0.23237900E+02  0.10139559E+01  0.15129974E+01
  0.23321200E+02  0.98827987E+00  0.14757293E+01
  0.23404500E+02  0.97390485E+00  0.14272854E+01
  0.23487800E+02  0.97223719E+00  0.13970695E+01
  0.23571100E+02  0.98663354E+00  0.13878559E+01
  0.23654300E+02  0.10198454E+01  0.13888770E+01
  0.23737600E+02  0.10733765E+01  0.13963622E+01
  0.23820900E+02  0.11493866E+01  0.14181842E+01
  0.23904200E+02  0.12526798E+01  0.14616775E+01
  0.23987500E+02  0.13802591E+01  0.15251011E+01
  0.24070800E+02  0.15119825E+01  0.16014255E+01
  0.24154100E+02  0.16148868E+01  0.16769217E+01
  0.24237400E+02  0.16601893E+01  0.17310470E+01
  0.24320700E+02  0.16506117E+01  0.17383254E+01
  0.24404000E+02  0.16235933E+01  0.16889371E+01
  0.24487200E+02  0.16311357E+01  0.16103952E+01
  0.24570500E+02  0.16991174E+01  0.15467272E+01
  0.24653800E+02  0.18005289E+01  0.15176175E+01
  0.24737100E+02  0.18681170E+01  0.15092277E+01
  0.24820400E+02  0.18493162E+01  0.14993906E+01
  0.24903700E+02  0.17466545E+01  0.14935359E+01
  0.24987000E+02  0.16104948E+01  0.15285705E+01
  0.25070300E+02  0.15007874E+01  0.16405229E+01
  0.25153600E+02  0.14439211E+01  0.18157256E+01
  0.25236900E+02  0.14293960E+01  0.19658505E+01
  0.25320100E+02  0.14271904E+01  0.19875511E+01
  0.25403400E+02  0.14145337E+01  0.18559681E+01
  0.25486700E+02  0.13913178E+01  0.16433984E+01
  0.25570000E+02  0.13679199E+01  0.14468652E+01
  0.25653300E+02  0.13513490E+01  0.13184064E+01
  0.25736600E+02  0.13402670E+01  0.12558850E+01
  0.25819900E+02  0.13304958E+01  0.12345533E+01
  0.25903200E+02  0.13213413E+01  0.12335821E+01
  0.25986500E+02  0.13128103E+01  0.12396791E+01
  0.26069800E+02  0.13034850E+01  0.12457898E+01
  0.26153000E+02  0.12869228E+01  0.12483365E+01
  0.26236300E+02  0.12594810E+01  0.12472947E+01
  0.26319600E+02  0.12260860E+01  0.12426256E+01
  0.26402900E+02  0.11938971E+01  0.12350162E+01
  0.26486200E+02  0.11723355E+01  0.12295050E+01
  0.26569500E+02  0.11629556E+01  0.12290162E+01
  0.26652800E+02  0.11629606E+01  0.12350540E+01
  0.26736100E+02  0.11658648E+01  0.12447579E+01
  0.26819400E+02  0.11709628E+01  0.12552311E+01
  0.26902700E+02  0.11804801E+01  0.12679503E+01
  0.26985900E+02  0.11988772E+01  0.12829313E+01
  0.27069200E+02  0.12240261E+01  0.12987250E+01
  0.27152500E+02  0.12507907E+01  0.13145914E+01
  0.27235800E+02  0.12724874E+01  0.13312749E+01
  0.27319100E+02  0.12957862E+01  0.13487821E+01
  0.27402400E+02  0.13319312E+01  0.13648739E+01
  0.27485700E+02  0.13930541E+01  0.13757817E+01
  0.27569000E+02  0.14884190E+01  0.13844707E+01
  0.27652300E+02  0.16190889E+01  0.13984757E+01
  0.27735600E+02  0.17740107E+01  0.14307271E+01
  0.27818800E+02  0.19328672E+01  0.14859439E+01
  0.27902100E+02  0.20743531E+01  0.15582425E+01
  0.27985400E+02  0.21768888E+01  0.16301816E+01
  0.28068700E+02  0.22270818E+01  0.16833487E+01
  0.28152000E+02  0.22321528E+01  0.17052663E+01
  0.28235300E+02  0.22210142E+01  0.16979688E+01
  0.28318600E+02  0.22198293E+01  0.16689341E+01
  0.28401900E+02  0.22317911E+01  0.16296110E+01
  0.28485200E+02  0.22422281E+01  0.15838022E+01
  0.28568500E+02  0.22355156E+01  0.15322336E+01
  0.28651700E+02  0.21989704E+01  0.14764180E+01
  0.28735000E+02  0.21229274E+01  0.14194722E+01
  0.28818300E+02  0.20141238E+01  0.13724072E+01
  0.28901600E+02  0.18951797E+01  0.13400499E+01
  0.28984900E+02  0.17858115E+01  0.13241139E+01
  0.29068200E+02  0.16869022E+01  0.13215656E+01
  0.29151500E+02  0.15905826E+01  0.13293352E+01
  0.29234800E+02  0.14888923E+01  0.13419201E+01
  0.29318100E+02  0.13817904E+01  0.13529531E+01
  0.29401400E+02  0.12772691E+01  0.13551905E+01
  0.29484600E+02  0.11858242E+01  0.13485528E+01
  0.29567900E+02  0.11100038E+01  0.13378212E+01
  0.29651200E+02  0.10507503E+01  0.13261975E+01
  0.29734500E+02  0.10057697E+01  0.13144874E+01
  0.29817800E+02  0.97192622E+00  0.13043201E+01
  0.29901100E+02  0.94931545E+00  0.12989773E+01
  0.29984400E+02  0.93393676E+00  0.12984998E+01
  0.30067700E+02  0.92174401E+00  0.13029287E+01
  0.30151000E+02  0.91441208E+00  0.13139525E+01
  0.30234300E+02  0.91363410E+00  0.13382344E+01
  0.30317500E+02  0.92277503E+00  0.13883043E+01
  0.30400800E+02  0.94026159E+00  0.14652133E+01
  0.30484100E+02  0.95866298E+00  0.15541834E+01
  0.30567400E+02  0.97464535E+00  0.16227386E+01
  0.30650700E+02  0.98400096E+00  0.16397224E+01
  0.30734000E+02  0.99003409E+00  0.16047117E+01
  0.30817300E+02  0.10028214E+01  0.15459111E+01
  0.30900600E+02  0.10333932E+01  0.15019661E+01
  0.30983900E+02  0.10835858E+01  0.15009357E+01
  0.31067200E+02  0.11433705E+01  0.15711794E+01
  0.31150400E+02  0.11932430E+01  0.17345430E+01
  0.31233700E+02  0.12152082E+01  0.19892207E+01
  0.31317000E+02  0.12081813E+01  0.22709017E+01
  0.31400300E+02  0.11899467E+01  0.24648284E+01
  0.31483600E+02  0.11836412E+01  0.24773886E+01
  0.31566900E+02  0.11919478E+01  0.23088598E+01
  0.31650200E+02  0.11890399E+01  0.20399600E+01
  0.31733500E+02  0.11496847E+01  0.17652776E+01
  0.31816800E+02  0.10753342E+01  0.15482378E+01
  0.31900100E+02  0.99534905E+00  0.14041220E+01
  0.31983300E+02  0.93939662E+00  0.13265154E+01
  0.32066600E+02  0.92169220E+00  0.12966772E+01
  0.32149900E+02  0.93814104E+00  0.12982888E+01
  0.32233200E+02  0.97667985E+00  0.13183857E+01
  0.32316500E+02  0.10286497E+01  0.13438668E+01
  0.32399800E+02  0.10861859E+01  0.13623798E+01
  0.32483100E+02  0.11422292E+01  0.13685451E+01
  0.32566400E+02  0.11860887E+01  0.13667158E+01
  0.32649700E+02  0.12096400E+01  0.13693196E+01
  0.32733000E+02  0.12171979E+01  0.13871227E+01
  0.32816200E+02  0.12202917E+01  0.14175468E+01
  0.32899500E+02  0.12296815E+01  0.14499096E+01
  0.32982800E+02  0.12490160E+01  0.14698017E+01
  0.33066100E+02  0.12765634E+01  0.14699000E+01
  0.33149400E+02  0.12978937E+01  0.14545829E+01
  0.33232700E+02  0.12957072E+01  0.14346302E+01
  0.33316000E+02  0.12625441E+01  0.14191105E+01
  0.33399300E+02  0.12091231E+01  0.14162709E+01
  0.33482600E+02  0.11554197E+01  0.14252921E+01
  0.33565900E+02  0.11124394E+01  0.14370919E+01
  0.33649100E+02  0.10802607E+01  0.14342185E+01
  0.33732400E+02  0.10543639E+01  0.14091979E+01
  0.33815700E+02  0.10320217E+01  0.13683295E+01
  0.33899000E+02  0.10123351E+01  0.13244641E+01
  0.33982300E+02  0.99439630E+00  0.12859373E+01
  0.34065600E+02  0.97914958E+00  0.12565132E+01
  0.34148900E+02  0.97501269E+00  0.12343941E+01
  0.34232200E+02  0.98300287E+00  0.12215050E+01
  0.34315500E+02  0.10032089E+01  0.12160392E+01
  0.34398800E+02  0.10263209E+01  0.12142918E+01
  0.34482000E+02  0.10438773E+01  0.12153445E+01
  0.34565300E+02  0.10492323E+01  0.12163917E+01
  0.34648600E+02  0.10451341E+01  0.12155364E+01
  0.34731900E+02  0.10410041E+01  0.12146629E+01
  0.34815200E+02  0.10482569E+01  0.12175761E+01
  0.34898500E+02  0.10736492E+01  0.12328849E+01
  0.34981800E+02  0.11134875E+01  0.12625897E+01
  0.35065100E+02  0.11592516E+01  0.12981702E+01
  0.35148400E+02  0.11975379E+01  0.13262228E+01
  0.35231700E+02  0.12254039E+01  0.13370668E+01
  0.35314900E+02  0.12447007E+01  0.13363648E+01
  0.35398200E+02  0.12592426E+01  0.13356483E+01
  0.35481500E+02  0.12709308E+01  0.13416997E+01
  0.35564800E+02  0.12787732E+01  0.13516516E+01
  0.35648100E+02  0.12817683E+01  0.13587134E+01
  0.35731400E+02  0.12798821E+01  0.13550545E+01
  0.35814700E+02  0.12789518E+01  0.13396212E+01
  0.35898000E+02  0.12838881E+01  0.13191974E+01
  0.35981300E+02  0.13006306E+01  0.13016136E+01
  0.36064500E+02  0.13312282E+01  0.12947697E+01
  0.36147800E+02  0.13678828E+01  0.12987480E+01
  0.36231100E+02  0.13987527E+01  0.13106501E+01
  0.36314400E+02  0.14158593E+01  0.13206088E+01
  0.36397700E+02  0.14210960E+01  0.13266215E+01
  0.36481000E+02  0.14223549E+01  0.13336446E+01
  0.36564300E+02  0.14315968E+01  0.13426839E+01
  0.36647600E+02  0.14498777E+01  0.13557558E+01
  0.36730900E+02  0.14682268E+01  0.13688731E+01
  0.36814200E+02  0.14725624E+01  0.13790185E+01
  0.36897400E+02  0.14557279E+01  0.13861675E+01
  0.36980700E+02  0.14165777E+01  0.13913177E+01
  0.37064000E+02  0.13620462E+01  0.13944517E+01
  0.37147300E+02  0.13042103E+01  0.13935259E+01
  0.37230600E+02  0.12542392E+01  0.13885130E+01
  0.37313900E+02  0.12152459E+01  0.13824441E+01
  0.37397200E+02  0.11842401E+01  0.13834868E+01
  0.37480500E+02  0.11561564E+01  0.13927127E+01
  0.37563800E+02  0.11269097E+01  0.14040186E+01
  0.37647100E+02  0.10985505E+01  0.14122752E+01
  0.37730300E+02  0.10721137E+01  0.14153963E+01
  0.37813600E+02  0.10486518E+01  0.14143885E+01
  0.37896900E+02  0.10281825E+01  0.14123272E+01
  0.37980200E+02  0.10159146E+01  0.14071299E+01
  0.38063500E+02  0.10191827E+01  0.13998163E+01
  0.38146800E+02  0.10453851E+01  0.13934994E+01
  0.38230100E+02  0.10946719E+01  0.13902751E+01
  0.38313400E+02  0.11525380E+01  0.13943512E+01
  0.38396700E+02  0.11938601E+01  0.14078736E+01
  0.38480000E+02  0.12059123E+01  0.14266984E+01
  0.38563200E+02  0.11937688E+01  0.14508558E+01
  0.38646500E+02  0.11720615E+01  0.14793317E+01
  0.38729800E+02  0.11513077E+01  0.15100332E+01
  0.38813100E+02  0.11357561E+01  0.15344902E+01
  0.38896400E+02  0.11265035E+01  0.15420345E+01
  0.38979700E+02  0.11214609E+01  0.15272316E+01
  0.39063000E+02  0.11185210E+01  0.14920728E+01
  0.39146300E+02  0.11187670E+01  0.14481937E+01
  0.39229600E+02  0.11222195E+01  0.14073297E+01
  0.39312900E+02  0.11374919E+01  0.13770204E+01
  0.39396100E+02  0.11668090E+01  0.13562540E+01
  0.39479400E+02  0.12135015E+01  0.13386270E+01
  0.39562700E+02  0.12701092E+01  0.13219945E+01
  0.39646000E+02  0.13301941E+01  0.13074464E+01
  0.39729300E+02  0.13840072E+01  0.13015095E+01
  0.39812600E+02  0.14184544E+01  0.13085895E+01
  0.39895900E+02  0.14236024E+01  0.13276782E+01
  0.39979200E+02  0.14014513E+01  0.13588507E+01
  0.40062500E+02  0.13627766E+01  0.13945200E+01
  0.40145800E+02  0.13250257E+01  0.14281320E+01
  0.40229000E+02  0.13002930E+01  0.14475790E+01
  0.40312300E+02  0.12930727E+01  0.14560835E+01
  0.40395600E+02  0.13001594E+01  0.14635071E+01
  0.40478900E+02  0.13161122E+01  0.14809027E+01
  0.40562200E+02  0.13276866E+01  0.15138731E+01
  0.40645500E+02  0.13293027E+01  0.15602926E+01
  0.40728800E+02  0.13220117E+01  0.16180177E+01
  0.40812100E+02  0.13124497E+01  0.16893469E+01
  0.40895400E+02  0.13061896E+01  0.17833008E+01
  0.40978700E+02  0.13110895E+01  0.19123320E+01
  0.41061900E+02  0.13350676E+01  0.20766472E+01
  0.41145200E+02  0.13894883E+01  0.22416179E+01
  0.41228500E+02  0.14734063E+01  0.23475373E+01
  0.41311800E+02  0.15666820E+01  0.23455080E+01
  0.41395100E+02  0.16229984E+01  0.22450536E+01
  0.41478400E+02  0.16013321E+01  0.20988444E+01
  0.41561700E+02  0.15068898E+01  0.19577076E+01
  0.41645000E+02  0.13836100E+01  0.18376071E+01
  0.41728300E+02  0.12769267E+01  0.17363923E+01
  0.41811600E+02  0.12052205E+01  0.16496098E+01
  0.41894800E+02  0.11606876E+01  0.15842126E+01
  0.41978100E+02  0.11274403E+01  0.15460728E+01
  0.42061400E+02  0.10952011E+01  0.15353502E+01
  0.42144700E+02  0.10616739E+01  0.15452998E+01
  0.42228000E+02  0.10291594E+01  0.15679681E+01
  0.42311300E+02  0.99997636E+00  0.15884018E+01
  0.42394600E+02  0.97414543E+00  0.15961622E+01
  0.42477900E+02  0.95284762E+00  0.15842107E+01
  0.42561200E+02  0.93611025E+00  0.15547570E+01
  0.42644500E+02  0.92279550E+00  0.15181850E+01
  0.42727700E+02  0.91408911E+00  0.14872919E+01
  0.42811000E+02  0.91119240E+00  0.14644581E+01
  0.42894300E+02  0.91530930E+00  0.14462121E+01
  0.42977600E+02  0.93117778E+00  0.14255357E+01
  0.43060900E+02  0.95533654E+00  0.14012387E+01
  0.43144200E+02  0.98783338E+00  0.13756582E+01
  0.43227500E+02  0.10204486E+01  0.13570549E+01
  0.43310800E+02  0.10460820E+01  0.13478364E+01
  0.43394100E+02  0.10575789E+01  0.13421293E+01
  0.43477400E+02  0.10536696E+01  0.13304509E+01
  0.43560600E+02  0.10342628E+01  0.13044327E+01
  0.43643900E+02  0.10076217E+01  0.12663837E+01
  0.43727200E+02  0.97967670E+00  0.12269853E+01
  0.43810500E+02  0.95520890E+00  0.11993976E+01
  0.43893800E+02  0.93663735E+00  0.11908846E+01
  0.43977100E+02  0.92399620E+00  0.12075633E+01
  0.44060400E+02  0.91491192E+00  0.12423541E+01
  0.44143700E+02  0.91061110E+00  0.12832983E+01
  0.44227000E+02  0.91112106E+00  0.13123043E+01
  0.44310300E+02  0.92010108E+00  0.13184080E+01
  0.44393500E+02  0.94366151E+00  0.13014766E+01
  0.44476800E+02  0.98431887E+00  0.12735385E+01
  0.44560100E+02  0.10336443E+01  0.12540090E+01
  0.44643400E+02  0.10794879E+01  0.12490346E+01
  0.44726700E+02  0.11071649E+01  0.12574754E+01
  0.44810000E+02  0.11116755E+01  0.12757334E+01
  0.44893300E+02  0.11002496E+01  0.12977303E+01
  0.44976600E+02  0.10875448E+01  0.13222578E+01
  0.45059900E+02  0.10870967E+01  0.13444050E+01
  0.45143200E+02  0.10977403E+01  0.13604579E+01
  0.45226400E+02  0.11071776E+01  0.13691437E+01
  0.45309700E+02  0.11042650E+01  0.13741414E+01
  0.45393000E+02  0.10839708E+01  0.13791482E+01
  0.45476300E+02  0.10573821E+01  0.13841641E+01
  0.45559600E+02  0.10406470E+01  0.13854547E+01
  0.45642900E+02  0.10437968E+01  0.13755171E+01
  0.45726200E+02  0.10669406E+01  0.13505419E+01
  0.45809500E+02  0.10964199E+01  0.13116987E+01
  0.45892800E+02  0.11109526E+01  0.12651819E+01
  0.45976100E+02  0.10878456E+01  0.12222561E+01
  0.46059300E+02  0.10268920E+01  0.11917484E+01
  0.46142600E+02  0.95310581E+00  0.11838179E+01
  0.46225900E+02  0.89420252E+00  0.12023740E+01
  0.46309200E+02  0.86671259E+00  0.12298462E+01
  0.46392500E+02  0.87587692E+00  0.12383962E+01
  0.46475800E+02  0.92189350E+00  0.12025250E+01
  0.46559100E+02  0.99351143E+00  0.11258100E+01
  0.46642400E+02  0.10577335E+01  0.10373434E+01
  0.46725700E+02  0.10762190E+01  0.96132016E+00
  0.46809000E+02  0.10308172E+01  0.91315570E+00
  0.46892200E+02  0.94424644E+00  0.88915472E+00
  0.46975500E+02  0.85351334E+00  0.88560031E+00
  0.47058800E+02  0.78816760E+00  0.89617100E+00
  0.47142100E+02  0.75349790E+00  0.91063764E+00
  0.47225400E+02  0.74192627E+00  0.91869827E+00
  0.47308700E+02  0.74064977E+00  0.91256324E+00
  0.47392000E+02  0.74065903E+00  0.89215747E+00
  0.47475300E+02  0.73936661E+00  0.86518864E+00
  0.47558600E+02  0.73416684E+00  0.83811967E+00
  0.47641900E+02  0.72894432E+00  0.81485562E+00
  0.47725100E+02  0.72369753E+00  0.80193510E+00
  0.47808400E+02  0.72365444E+00  0.80202857E+00
  0.47891700E+02  0.73276638E+00  0.81520260E+00
  0.47975000E+02  0.75894587E+00  0.84021469E+00
  0.48058300E+02  0.80884699E+00  0.86530871E+00
  0.48141600E+02  0.88127729E+00  0.88522331E+00
  0.48224900E+02  0.96976478E+00  0.89729595E+00
  0.48308200E+02  0.10559129E+01  0.90676521E+00
  0.48391500E+02  0.11185534E+01  0.92287263E+00
  0.48474800E+02  0.11509410E+01  0.94565233E+00
  0.48558000E+02  0.11635302E+01  0.97778988E+00
  0.48641300E+02  0.11708421E+01  0.10233240E+01
  0.48724600E+02  0.11715160E+01  0.10956337E+01
  0.48807900E+02  0.11548492E+01  0.12015232E+01
  0.48891200E+02  0.11060590E+01  0.13157827E+01
  0.48974500E+02  0.10263196E+01  0.13835913E+01
  0.49057800E+02  0.93557961E+00  0.13618179E+01
  0.49141100E+02  0.85258141E+00  0.12567184E+01
  0.49224400E+02  0.78543552E+00  0.11189766E+01
  0.49307700E+02  0.73557108E+00  0.99558064E+00
  0.49390900E+02  0.70037648E+00  0.90414691E+00
  0.49474200E+02  0.67722622E+00  0.84078784E+00
  0.49557500E+02  0.66211817E+00  0.79481261E+00
  0.49640800E+02  0.65644960E+00  0.76088477E+00
  0.49724100E+02  0.65483401E+00  0.73363146E+00
  0.49807400E+02  0.65457016E+00  0.71036513E+00
  0.49890700E+02  0.65293864E+00  0.69246937E+00
  0.49974000E+02  0.65266341E+00  0.68406772E+00
  0.50057300E+02  0.64828059E+00  0.68110493E+00
  0.50140600E+02  0.64113965E+00  0.68086839E+00
  0.50223800E+02  0.62710899E+00  0.67650926E+00
  0.50307100E+02  0.61165503E+00  0.66251174E+00
  0.50390400E+02  0.59752323E+00  0.64020346E+00
  0.50473700E+02  0.58885759E+00  0.61368062E+00
  0.50557000E+02  0.58568542E+00  0.59121075E+00
  0.50640300E+02  0.59080125E+00  0.57973237E+00
  0.50723600E+02  0.60563193E+00  0.58345776E+00
  0.50806900E+02  0.62606078E+00  0.60107387E+00
  0.50890200E+02  0.65211510E+00  0.62430636E+00
  0.50973500E+02  0.67407322E+00  0.64482624E+00
  0.51056700E+02  0.68772833E+00  0.66122359E+00
  0.51140000E+02  0.69304216E+00  0.67487775E+00
  0.51223300E+02  0.69417103E+00  0.68717334E+00
  0.51306600E+02  0.69950535E+00  0.69950535E+00
  0.51389900E+02  0.71327786E+00  0.71046968E+00
  0.51473200E+02  0.72849770E+00  0.71584041E+00
  0.51556500E+02  0.73531121E+00  0.71277294E+00
  0.51639800E+02  0.72803375E+00  0.70263722E+00
  0.51723100E+02  0.70801022E+00  0.69105190E+00
  0.51806400E+02  0.68650295E+00  0.68791842E+00
  0.51889600E+02  0.67059255E+00  0.69752967E+00
  0.51972900E+02  0.66598899E+00  0.71852970E+00
  0.52056200E+02  0.66705641E+00  0.74243805E+00
  0.52139500E+02  0.66954840E+00  0.75787181E+00
  0.52222800E+02  0.67347179E+00  0.75480207E+00
  0.52306100E+02  0.68169165E+00  0.73456920E+00
  0.52389400E+02  0.69565987E+00  0.70567966E+00
  0.52472700E+02  0.71397008E+00  0.67812821E+00
  0.52556000E+02  0.72371921E+00  0.65766547E+00
  0.52639300E+02  0.71479870E+00  0.64144913E+00
  0.52722500E+02  0.68711848E+00  0.62517699E+00
  0.52805800E+02  0.64780639E+00  0.60452311E+00
  0.52889100E+02  0.61125694E+00  0.58235590E+00
  0.52972400E+02  0.57893112E+00  0.56301052E+00
  0.53055700E+02  0.55374864E+00  0.54360141E+00
  0.53139000E+02  0.53429173E+00  0.52703233E+00
  0.53222300E+02  0.53076681E+00  0.51477110E+00
  0.53305600E+02  0.54470542E+00  0.51266392E+00
  0.53388900E+02  0.57473077E+00  0.52513472E+00
  0.53472200E+02  0.61653504E+00  0.54786881E+00
  0.53555400E+02  0.65261249E+00  0.57798640E+00
  0.53638700E+02  0.67707609E+00  0.60673052E+00
  0.53722000E+02  0.68399881E+00  0.62528647E+00
  0.53805300E+02  0.67623890E+00  0.63066627E+00
  0.53888600E+02  0.65667278E+00  0.62428085E+00
  0.53971900E+02  0.63114440E+00  0.60755022E+00
  0.54055200E+02  0.60553408E+00  0.58781113E+00
  0.54138500E+02  0.58575858E+00  0.56652914E+00
  0.54221800E+02  0.57184522E+00  0.54666032E+00
  0.54305000E+02  0.56233652E+00  0.53266177E+00
  0.54388300E+02  0.55131099E+00  0.52456275E+00
  0.54471600E+02  0.53727247E+00  0.52238958E+00
  0.54554900E+02  0.52169787E+00  0.52467900E+00
  0.54638200E+02  0.50607320E+00  0.52697298E+00
  0.54721500E+02  0.49787404E+00  0.52927151E+00
  0.54804800E+02  0.49563715E+00  0.53456937E+00
  0.54888100E+02  0.49938982E+00  0.54288023E+00
  0.54971400E+02  0.50615549E+00  0.55121385E+00
  0.55054700E+02  0.50993093E+00  0.56107445E+00
  0.55137900E+02  0.50768856E+00  0.56794833E+00
  0.55221200E+02  0.50242048E+00  0.57182391E+00
  0.55304500E+02  0.49864523E+00  0.57419754E+00
  0.55387800E+02  0.50090961E+00  0.57354907E+00
  0.55471100E+02  0.50772534E+00  0.57289606E+00
  0.55554400E+02  0.51759503E+00  0.57375637E+00
  0.55637700E+02  0.52597188E+00  0.57309653E+00
  0.55721000E+02  0.53132663E+00  0.57090971E+00
  0.55804300E+02  0.52907154E+00  0.56566438E+00
  0.55887600E+02  0.52375338E+00  0.56345480E+00
  0.55970800E+02  0.51994534E+00  0.57041062E+00
  0.56054100E+02  0.52071916E+00  0.58810635E+00
  0.56137400E+02  0.52456059E+00  0.61505496E+00
  0.56220700E+02  0.52687504E+00  0.64054488E+00
  0.56304000E+02  0.52304063E+00  0.65841585E+00
  0.56387300E+02  0.50840814E+00  0.66093058E+00
  0.56470600E+02  0.49218723E+00  0.64956371E+00
  0.56553900E+02  0.48055180E+00  0.63197970E+00
  0.56637200E+02  0.47971216E+00  0.61588851E+00
  0.56720500E+02  0.48506691E+00  0.59974726E+00
  0.56803700E+02  0.48888244E+00  0.58510692E+00
  0.56887000E+02  0.48338223E+00  0.56886783E+00
  0.56970300E+02  0.47163757E+00  0.55569179E+00
  0.57053600E+02  0.45985650E+00  0.54715129E+00
  0.57136900E+02  0.45584457E+00  0.54638904E+00
  0.57220200E+02  0.45650914E+00  0.55031239E+00
  0.57303500E+02  0.45560806E+00  0.55424485E+00
  0.57386800E+02  0.44999860E+00  0.55505054E+00
  0.57470100E+02  0.43494964E+00  0.55114558E+00
  0.57553400E+02  0.41199271E+00  0.53936450E+00
  0.57636600E+02  0.38424253E+00  0.52124704E+00
  0.57719900E+02  0.35798818E+00  0.49992182E+00
  0.57803200E+02  0.33323576E+00  0.48011218E+00
  0.57886500E+02  0.31315528E+00  0.46182496E+00
  0.57969800E+02  0.29618337E+00  0.44348312E+00
  0.58053100E+02  0.27916138E+00  0.42032822E+00
  0.58136400E+02  0.25891249E+00  0.38757452E+00
  0.58219700E+02  0.23860442E+00  0.34995315E+00
  0.58303000E+02  0.22142312E+00  0.31381550E+00
  0.58386300E+02  0.20738224E+00  0.28554939E+00
  0.58469500E+02  0.19809263E+00  0.26998109E+00
  0.58552800E+02  0.19517526E+00  0.26556633E+00
  0.58636100E+02  0.19545292E+00  0.26594414E+00
  0.58719400E+02  0.19573059E+00  0.27113499E+00
  0.58802700E+02  0.19761488E+00  0.27312625E+00
  0.58886000E+02  0.19628592E+00  0.26868646E+00
  0.58969300E+02  0.19334123E+00  0.25778831E+00
  0.59052600E+02  0.18554708E+00  0.24040448E+00
  0.59135900E+02  0.17126725E+00  0.22135485E+00
  0.59219200E+02  0.15209245E+00  0.20386860E+00
  0.59302400E+02  0.13448307E+00  0.18795224E+00
  0.59385700E+02  0.11844644E+00  0.17361327E+00
  0.59469000E+02  0.10886360E+00  0.16248299E+00
  0.59552300E+02  0.10413477E+00  0.15457505E+00
  0.59635600E+02  0.10265105E+00  0.14990312E+00
  0.59718900E+02  0.10442609E+00  0.14848085E+00
  0.59802200E+02  0.10620569E+00  0.14868796E+00
  0.59885500E+02  0.10798983E+00  0.14889507E+00
  0.59968800E+02  0.10814005E+00  0.14910219E+00
  0.60052100E+02  0.10500874E+00  0.15095006E+00
  0.60135300E+02  0.10022512E+00  0.15280223E+00
  0.60218600E+02  0.90492086E-01  0.15136858E+00
  0.60301900E+02  0.80731744E-01  0.14828279E+00
  0.60385200E+02  0.69294227E-01  0.14353804E+00
  0.60468500E+02  0.59476986E-01  0.13547536E+00
  0.60551800E+02  0.52941262E-01  0.12904433E+00
  0.60635100E+02  0.49700712E-01  0.12590847E+00
  0.60718400E+02  0.49768990E-01  0.12276351E+00
  0.60801700E+02  0.53159753E-01  0.12127069E+00
  0.60885000E+02  0.56559620E-01  0.11810980E+00
  0.60968200E+02  0.61634284E-01  0.11493961E+00
  0.61051500E+02  0.65054629E-01  0.11009245E+00
  0.61134800E+02  0.66813734E-01  0.10690197E+00
  0.61218100E+02  0.65232153E-01  0.10370240E+00
  0.61301400E+02  0.60296229E-01  0.10384351E+00
  0.61384700E+02  0.55346649E-01  0.10230744E+00
  0.61468000E+02  0.50383414E-01  0.10244628E+00
  0.61551300E+02  0.42043077E-01  0.10258511E+00
  0.61634600E+02  0.35363980E-01  0.99355943E-01
  0.61717900E+02  0.28666675E-01  0.96117674E-01
  0.61801100E+02  0.23639675E-01  0.91181603E-01
  0.61884400E+02  0.18599066E-01  0.84541207E-01
  0.61967700E+02  0.16931001E-01  0.77882604E-01
  0.62051000E+02  0.15258384E-01  0.72901170E-01
  0.62134300E+02  0.13581216E-01  0.67906080E-01
  0.62217600E+02  0.13599424E-01  0.64597262E-01
  0.62300900E+02  0.13617631E-01  0.59577136E-01
  0.62384200E+02  0.11931359E-01  0.56247835E-01
  0.62467500E+02  0.11947290E-01  0.52909429E-01
  0.62550800E+02  0.11963222E-01  0.51270952E-01
  0.62634000E+02  0.10267830E-01  0.49627843E-01
  0.62717300E+02  0.10281485E-01  0.46266684E-01
  0.62800600E+02  0.85792842E-02  0.46328135E-01
  0.62883900E+02  0.85906639E-02  0.44671453E-01
  0.62967200E+02  0.68816349E-02  0.43010218E-01
  0.63050500E+02  0.68907387E-02  0.43067117E-01
  0.63133800E+02  0.68998425E-02  0.41399055E-01
  0.63217100E+02  0.69089463E-02  0.39726441E-01
  0.63300400E+02  0.69180501E-02  0.38049276E-01
  0.63383700E+02  0.69271539E-02  0.34635769E-01
  0.63466900E+02  0.69362468E-02  0.32947172E-01
  0.63550200E+02  0.69453505E-02  0.29517740E-01
  0.63633500E+02  0.69544543E-02  0.26079204E-01
  0.63716800E+02  0.52226686E-02  0.24372453E-01
  0.63800100E+02  0.52294964E-02  0.24404317E-01
  0.63883400E+02  0.52363243E-02  0.24436180E-01
  0.63966700E+02  0.52431521E-02  0.24468043E-01
  0.64050000E+02  0.52499800E-02  0.24499907E-01
  0.64133300E+02  0.52568078E-02  0.26284039E-01
  0.64216600E+02  0.52636357E-02  0.26318178E-01
  0.64299800E+02  0.52704553E-02  0.26352277E-01
  0.64383100E+02  0.52772831E-02  0.28145510E-01
  0.64466400E+02  0.35227407E-02  0.28181925E-01
  0.64549700E+02  0.35272926E-02  0.26454694E-01
  0.64633000E+02  0.35318444E-02  0.26488833E-01
  0.64716300E+02  0.35363963E-02  0.24754774E-01
  0.64799600E+02  0.35409482E-02  0.21245689E-01
  0.64882900E+02  0.35455001E-02  0.19500251E-01
  0.64966200E+02  0.35500520E-02  0.19525286E-01
  0.65049500E+02  0.35546039E-02  0.17773020E-01
  0.65132700E+02  0.35591504E-02  0.16016177E-01
  0.65216000E+02  0.35637022E-02  0.16036660E-01
  0.65299300E+02  0.35682541E-02  0.14273017E-01
  0.65382600E+02  0.35728060E-02  0.12504821E-01
  0.65465900E+02  0.35773579E-02  0.10732074E-01
  0.65549200E+02  0.35819098E-02  0.10745729E-01
  0.65632500E+02  0.17932309E-02  0.89661543E-02
  0.65715800E+02  0.17955068E-02  0.89775341E-02
  0.65799100E+02  0.17977828E-02  0.89889138E-02
  0.65882400E+02  0.18000587E-02  0.72002348E-02
  0.65965600E+02  0.18023319E-02  0.72093277E-02
  0.66048900E+02  0.18046079E-02  0.72184315E-02
  0.66132200E+02  0.18068838E-02  0.72275353E-02
  0.66215500E+02  0.18091598E-02  0.72366391E-02
  0.66298800E+02  0.18114357E-02  0.90571786E-02
  0.66382100E+02  0.18137117E-02  0.90685583E-02
  0.66465400E+02  0.18159876E-02  0.90799380E-02
  0.66548700E+02  0.18182636E-02  0.10909581E-01
  0.66632000E+02  0.18205395E-02  0.10923237E-01
  0.66715300E+02  0.18228154E-02  0.10936893E-01
  0.66798500E+02  0.18250887E-02  0.10950532E-01
  0.66881800E+02  0.18273646E-02  0.10964188E-01
  0.66965100E+02  0.18296406E-02  0.91482028E-02
  0.67048400E+02  0.18319165E-02  0.73276660E-02
  0.67131700E+02  0.18341925E-02  0.73367698E-02
  0.67215000E+02  0.18364684E-02  0.73458736E-02
  0.67298300E+02  0.18387444E-02  0.73549774E-02
  0.67381600E+02  0.18410203E-02  0.92051015E-02
  0.67464900E+02  0.18432962E-02  0.11059777E-01
  0.67548200E+02  0.18455722E-02  0.14764578E-01
  0.67631400E+02  0.18478454E-02  0.18478454E-01
  0.67714700E+02  0.18501214E-02  0.22201456E-01
  0.67798000E+02  0.18523973E-02  0.27785960E-01
  0.67881300E+02  0.18546733E-02  0.29674772E-01
  0.67964600E+02  0.18569492E-02  0.29711187E-01
  0.68047900E+02  0.18592251E-02  0.26029152E-01
  0.68131200E+02  0.18615011E-02  0.20476512E-01
  0.68214500E+02  0.18637770E-02  0.16773993E-01
  0.68297800E+02  0.18660530E-02  0.11196318E-01
  0.68381100E+02  0.18683289E-02  0.93416447E-02
  0.68464300E+02  0.18706022E-02  0.74824086E-02
  0.68547600E+02  0.18728781E-02  0.56186343E-02
  0.68630900E+02  0.18751540E-02  0.56254621E-02
  0.68714200E+02  0.18774300E-02  0.56322900E-02
  0.68797500E+02  0.18797059E-02  0.56391178E-02
  0.68880800E+02  0.18819819E-02  0.56459457E-02
  0.68964100E+02  0.18842578E-02  0.56527735E-02
  0.69047400E+02  0.18865338E-02  0.56596014E-02
  0.69130700E+02  0.18888097E-02  0.56664292E-02
  0.69214000E+02  0.18910857E-02  0.37821714E-02
  0.69297200E+02  0.18933589E-02  0.37867178E-02
  0.69380500E+02  0.18956348E-02  0.37912697E-02
  0.69463800E+02  0.18979108E-02  0.18979108E-02
  0.69547100E+02  0.19001867E-02  0.19001867E-02
  0.69630400E+02  0.19024627E-02  0.19024627E-02
  0.69713700E+02  0.19047386E-02  0.19047386E-02
  0.69797000E+02  0.19070146E-02  0.19070146E-02
  0.69880300E+02  0.19092905E-02  0.19092905E-02
  0.69963600E+02  0.19115665E-02  0.19115665E-02
  0.70046900E+02  0.19138424E-02  0.19138424E-02
  0.70130100E+02  0.19161156E-02  0.19161156E-02
  0.70213400E+02  0.19183916E-02  0.19183916E-02
  0.70296700E+02  0.19206675E-02  0.19206675E-02
  0.70380000E+02  0.19229435E-02  0.19229435E-02
  0.70463300E+02  0.19252194E-02  0.19252194E-02
  0.70546600E+02  0.19274954E-02  0.19274954E-02
  0.70629900E+02  0.19297713E-02  0.19297713E-02
  0.70713200E+02  0.19320473E-02  0.19320473E-02
  0.70796500E+02  0.19343232E-02  0.19343232E-02
  0.70879800E+02  0.19365992E-02  0.19365992E-02
  0.70963000E+02  0.19388724E-02  0.19388724E-02
  0.71046300E+02  0.19411483E-02  0.19411483E-02
  0.71129600E+02  0.00000000E+00  0.19434243E-02
  0.71212900E+02  0.00000000E+00  0.19457002E-02
  0.71296200E+02  0.00000000E+00  0.19479762E-02
  0.71379500E+02  0.00000000E+00  0.19502521E-02
  0.71462800E+02  0.00000000E+00  0.19525281E-02
  0.71546100E+02  0.00000000E+00  0.19548040E-02
  0.71629400E+02  0.00000000E+00  0.19570800E-02
  0.71712600E+02  0.00000000E+00  0.19593532E-02
  0.71795900E+02  0.00000000E+00  0.19616291E-02
  0.71879200E+02  0.00000000E+00  0.19639051E-02
  0.71962500E+02  0.00000000E+00  0.19661810E-02
  0.72045800E+02  0.00000000E+00  0.19684570E-02
  0.72129100E+02  0.00000000E+00  0.19707329E-02
  0.72212400E+02  0.00000000E+00  0.19730089E-02
  0.72295700E+02  0.00000000E+00  0.19752848E-02
  0.72379000E+02  0.00000000E+00  0.19775608E-02
  0.72462300E+02  0.00000000E+00  0.19798367E-02
  0.72545500E+02  0.00000000E+00  0.19821099E-02
  0.72628800E+02  0.00000000E+00  0.19843859E-02
  0.72712100E+02  0.00000000E+00  0.19866618E-02
  0.72795400E+02  0.00000000E+00  0.19889378E-02
  0.72878700E+02  0.00000000E+00  0.19912137E-02
  0.72962000E+02  0.00000000E+00  0.19934897E-02
  0.73045300E+02  0.00000000E+00  0.00000000E+00
  0.73128600E+02  0.00000000E+00  0.00000000E+00
  0.73211900E+02  0.00000000E+00  0.00000000E+00
  0.73295200E+02  0.00000000E+00  0.00000000E+00
  0.73378400E+02  0.00000000E+00  0.00000000E+00
  0.73461700E+02  0.00000000E+00  0.00000000E+00
  0.73545000E+02  0.00000000E+00  0.00000000E+00
  0.73628300E+02  0.00000000E+00  0.00000000E+00
  0.73711600E+02  0.00000000E+00  0.00000000E+00
  0.73794900E+02  0.00000000E+00  0.00000000E+00
  0.73878200E+02  0.00000000E+00  0.00000000E+00
  0.73961500E+02  0.00000000E+00  0.00000000E+00
  0.74044800E+02  0.00000000E+00  0.00000000E+00
  0.74128100E+02  0.00000000E+00  0.00000000E+00
  0.74211300E+02  0.00000000E+00  0.00000000E+00
  0.74294600E+02  0.00000000E+00  0.00000000E+00
  0.74377900E+02  0.00000000E+00  0.00000000E+00
  0.74461200E+02  0.00000000E+00  0.00000000E+00
  0.74544500E+02  0.00000000E+00  0.00000000E+00
  0.74627800E+02  0.00000000E+00  0.00000000E+00
  0.74711100E+02  0.00000000E+00  0.00000000E+00
  0.74794400E+02  0.00000000E+00  0.00000000E+00
  0.74877700E+02  0.00000000E+00  0.00000000E+00
  0.74961000E+02  0.00000000E+00  0.00000000E+00
  0.75044200E+02  0.00000000E+00  0.00000000E+00
  0.75127500E+02  0.00000000E+00  0.00000000E+00
  0.75210800E+02  0.00000000E+00  0.00000000E+00
  0.75294100E+02  0.00000000E+00  0.00000000E+00
  0.75377400E+02  0.00000000E+00  0.00000000E+00
  0.75460700E+02  0.00000000E+00  0.00000000E+00
  0.75544000E+02  0.00000000E+00  0.00000000E+00
  0.75627300E+02  0.00000000E+00  0.00000000E+00
  0.75710600E+02  0.00000000E+00  0.00000000E+00
  0.75793900E+02  0.00000000E+00  0.00000000E+00
  0.75877100E+02  0.00000000E+00  0.00000000E+00
  0.75960400E+02  0.00000000E+00  0.00000000E+00
  0.76043700E+02  0.00000000E+00  0.00000000E+00
  0.76127000E+02  0.00000000E+00  0.00000000E+00
  0.76210300E+02  0.00000000E+00  0.00000000E+00
  0.76293600E+02  0.00000000E+00  0.00000000E+00
  0.76376900E+02  0.00000000E+00  0.00000000E+00
  0.76460200E+02  0.00000000E+00  0.00000000E+00
  0.76543500E+02  0.00000000E+00  0.00000000E+00
  0.76626800E+02  0.00000000E+00  0.00000000E+00
  0.76710000E+02  0.00000000E+00  0.00000000E+00
  0.76793300E+02  0.00000000E+00  0.00000000E+00
  0.76876600E+02  0.00000000E+00  0.00000000E+00
  0.76959900E+02  0.00000000E+00  0.00000000E+00
  0.77043200E+02  0.00000000E+00  0.00000000E+00
  0.77126500E+02  0.00000000E+00  0.00000000E+00
  0.77209800E+02  0.00000000E+00  0.00000000E+00
  0.77293100E+02  0.00000000E+00  0.00000000E+00
  0.77376400E+02  0.00000000E+00  0.00000000E+00
  0.77459700E+02  0.00000000E+00  0.00000000E+00
  0.77542900E+02  0.00000000E+00  0.00000000E+00
  0.77626200E+02  0.00000000E+00  0.00000000E+00
  0.77709500E+02  0.00000000E+00  0.00000000E+00
  0.77792800E+02  0.00000000E+00  0.00000000E+00
  0.77876100E+02  0.00000000E+00  0.00000000E+00
  0.77959400E+02  0.00000000E+00  0.00000000E+00
  0.78042700E+02  0.00000000E+00  0.00000000E+00
  0.78126000E+02  0.00000000E+00  0.00000000E+00
  0.78209300E+02  0.00000000E+00  0.00000000E+00
  0.78292600E+02  0.00000000E+00  0.00000000E+00
  0.78375800E+02  0.00000000E+00  0.00000000E+00
  0.78459100E+02  0.00000000E+00  0.00000000E+00
  0.78542400E+02  0.00000000E+00  0.00000000E+00
  0.78625700E+02  0.00000000E+00  0.00000000E+00
  0.78709000E+02  0.00000000E+00  0.00000000E+00
  0.78792300E+02  0.00000000E+00  0.00000000E+00
  0.78875600E+02  0.00000000E+00  0.00000000E+00
  0.78958900E+02  0.00000000E+00  0.00000000E+00
  0.79042200E+02  0.00000000E+00  0.00000000E+00
  0.79125500E+02  0.00000000E+00  0.00000000E+00
  0.79208700E+02  0.00000000E+00  0.00000000E+00
  0.79292000E+02  0.00000000E+00  0.00000000E+00
  0.79375300E+02  0.00000000E+00  0.00000000E+00
  0.79458600E+02  0.00000000E+00  0.00000000E+00
  0.79541900E+02  0.00000000E+00  0.00000000E+00
  0.79625200E+02  0.00000000E+00  0.00000000E+00
  0.79708500E+02  0.00000000E+00  0.00000000E+00
  0.79791800E+02  0.00000000E+00  0.00000000E+00
  0.79875100E+02  0.00000000E+00  0.00000000E+00
  0.79958400E+02  0.00000000E+00  0.00000000E+00
  0.80041600E+02  0.00000000E+00  0.00000000E+00
  0.80124900E+02  0.00000000E+00  0.00000000E+00
  0.80208200E+02  0.00000000E+00  0.00000000E+00
  0.80291500E+02  0.00000000E+00  0.00000000E+00
  0.80374800E+02  0.00000000E+00  0.00000000E+00
  0.80458100E+02  0.00000000E+00  0.00000000E+00
  0.80541400E+02  0.00000000E+00  0.00000000E+00
  0.80624700E+02  0.00000000E+00  0.00000000E+00
  0.80708000E+02  0.00000000E+00  0.00000000E+00
  0.80791300E+02  0.00000000E+00  0.00000000E+00
  0.80874500E+02  0.00000000E+00  0.00000000E+00
  0.80957800E+02  0.00000000E+00  0.00000000E+00
  0.81041100E+02  0.00000000E+00  0.00000000E+00
  0.81124400E+02  0.00000000E+00  0.00000000E+00
  0.81207700E+02  0.00000000E+00  0.00000000E+00
  0.81291000E+02  0.00000000E+00  0.00000000E+00
  0.81374300E+02  0.00000000E+00  0.00000000E+00
  0.81457600E+02  0.00000000E+00  0.00000000E+00
  0.81540900E+02  0.00000000E+00  0.00000000E+00
  0.81624200E+02  0.00000000E+00  0.00000000E+00
  0.81707400E+02  0.00000000E+00  0.00000000E+00
  0.81790700E+02  0.00000000E+00  0.00000000E+00
  0.81874000E+02  0.00000000E+00  0.00000000E+00
  0.81957300E+02  0.00000000E+00  0.00000000E+00
  0.82040600E+02  0.00000000E+00  0.00000000E+00
  0.82123900E+02  0.00000000E+00  0.00000000E+00
  0.82207200E+02  0.00000000E+00  0.00000000E+00
  0.82290500E+02  0.00000000E+00  0.00000000E+00
  0.82373800E+02  0.00000000E+00  0.00000000E+00
  0.82457100E+02  0.00000000E+00  0.00000000E+00
  0.82540300E+02  0.00000000E+00  0.00000000E+00
  0.82623600E+02  0.00000000E+00  0.00000000E+00
  0.82706900E+02  0.00000000E+00  0.00000000E+00
  0.82790200E+02  0.00000000E+00  0.00000000E+00
  0.82873500E+02  0.00000000E+00  0.00000000E+00
  0.82956800E+02  0.00000000E+00  0.00000000E+00
  0.83040100E+02  0.00000000E+00  0.00000000E+00
  0.83123400E+02  0.00000000E+00  0.00000000E+00
  0.83206700E+02  0.00000000E+00  0.00000000E+00
