   #Energy      xx(%)           yy(%)
  0.00000000E+00  0.00000000E+00  0.00000000E+00
  0.67300000E-01  0.22859823E-01  0.22859823E-01
  0.13460000E+00  0.22557793E-01  0.22557793E-01
  0.20190000E+00  0.21956923E-01  0.21956923E-01
  0.26910000E+00  0.20946422E-01  0.20946422E-01
  0.33640000E+00  0.19527920E-01  0.19527920E-01
  0.40370000E+00  0.17784774E-01  0.17784774E-01
  0.47100000E+00  0.15993909E-01  0.15993909E-01
  0.53830000E+00  0.14564210E-01  0.14564210E-01
  0.60560000E+00  0.13902307E-01  0.13902307E-01
  0.67280000E+00  0.14207339E-01  0.14207339E-01
  0.74010000E+00  0.15330251E-01  0.15330251E-01
  0.80740000E+00  0.16760826E-01  0.16760826E-01
  0.87470000E+00  0.17871017E-01  0.17871017E-01
  0.94200000E+00  0.18209047E-01  0.18209047E-01
  0.10093000E+01  0.17665573E-01  0.17665573E-01
  0.10766000E+01  0.16414542E-01  0.16414542E-01
  0.11438000E+01  0.14734868E-01  0.14734868E-01
  0.12111000E+01  0.12892815E-01  0.12892815E-01
  0.12784000E+01  0.11092879E-01  0.11092879E-01
  0.13457000E+01  0.94990715E-02  0.94990715E-02
  0.14130000E+01  0.82322126E-02  0.82322126E-02
  0.14803000E+01  0.73629727E-02  0.73629727E-02
  0.15476000E+01  0.69112639E-02  0.69112639E-02
  0.16148000E+01  0.68523866E-02  0.68523866E-02
  0.16821000E+01  0.71317509E-02  0.71317509E-02
  0.17494000E+01  0.76656290E-02  0.76656290E-02
  0.18167000E+01  0.83604597E-02  0.83604597E-02
  0.18840000E+01  0.91322785E-02  0.91322785E-02
  0.19513000E+01  0.99293926E-02  0.99293926E-02
  0.20185000E+01  0.10735937E-01  0.10735937E-01
  0.20858000E+01  0.11549932E-01  0.11549932E-01
  0.21531000E+01  0.12329461E-01  0.12329461E-01
  0.22204000E+01  0.12968151E-01  0.12968151E-01
  0.22877000E+01  0.13354134E-01  0.13354134E-01
  0.23550000E+01  0.13479354E-01  0.13479354E-01
  0.24223000E+01  0.13517279E-01  0.13517279E-01
  0.24895000E+01  0.13765161E-01  0.13765161E-01
  0.25568000E+01  0.14523376E-01  0.14523376E-01
  0.26241000E+01  0.16017663E-01  0.16017663E-01
  0.26914000E+01  0.18439046E-01  0.18439046E-01
  0.27587000E+01  0.21986497E-01  0.21986497E-01
  0.28260000E+01  0.26770530E-01  0.26770530E-01
  0.28933000E+01  0.32614604E-01  0.32614604E-01
  0.29605000E+01  0.38922385E-01  0.38922385E-01
  0.30278000E+01  0.44761488E-01  0.44761488E-01
  0.30951000E+01  0.49120076E-01  0.49120076E-01
  0.31624000E+01  0.51276824E-01  0.51276824E-01
  0.32297000E+01  0.51074614E-01  0.51074614E-01
  0.32970000E+01  0.48946520E-01  0.48946520E-01
  0.33642000E+01  0.45660070E-01  0.45660070E-01
  0.34315000E+01  0.41996655E-01  0.41996655E-01
  0.34988000E+01  0.38483405E-01  0.38483405E-01
  0.35661000E+01  0.35313542E-01  0.35313542E-01
  0.36334000E+01  0.32401171E-01  0.32401171E-01
  0.37007000E+01  0.29530678E-01  0.29530678E-01
  0.37680000E+01  0.26506222E-01  0.26506222E-01
  0.38352000E+01  0.23278029E-01  0.23278029E-01
  0.39025000E+01  0.19966721E-01  0.19966721E-01
  0.39698000E+01  0.16781005E-01  0.16781005E-01
  0.40371000E+01  0.13914914E-01  0.13914914E-01
  0.41044000E+01  0.11476870E-01  0.11476870E-01
  0.41717000E+01  0.94786441E-02  0.94786441E-02
  0.42390000E+01  0.78764495E-02  0.78764495E-02
  0.43062000E+01  0.66166037E-02  0.66166037E-02
  0.43735000E+01  0.56572885E-02  0.56572885E-02
  0.44408000E+01  0.49685972E-02  0.49685972E-02
  0.45081000E+01  0.45087327E-02  0.45087327E-02
  0.45754000E+01  0.42026645E-02  0.42026645E-02
  0.46427000E+01  0.39445364E-02  0.39445364E-02
  0.47099000E+01  0.36314292E-02  0.36314292E-02
  0.47772000E+01  0.32154701E-02  0.32154701E-02
  0.48445000E+01  0.27299004E-02  0.27299004E-02
  0.49118000E+01  0.22664831E-02  0.22664831E-02
  0.49791000E+01  0.19294731E-02  0.19294731E-02
  0.50464000E+01  0.17883302E-02  0.17883302E-02
  0.51137000E+01  0.18568920E-02  0.18568920E-02
  0.51809000E+01  0.20974424E-02  0.20974424E-02
  0.52482000E+01  0.24561943E-02  0.24561943E-02
  0.53155000E+01  0.28926645E-02  0.28926645E-02
  0.53828000E+01  0.33824074E-02  0.33824074E-02
  0.54501000E+01  0.38944612E-02  0.38944612E-02
  0.55174000E+01  0.43776242E-02  0.43776242E-02
  0.55847000E+01  0.47869771E-02  0.47869771E-02
  0.56519000E+01  0.51126128E-02  0.51126128E-02
  0.57192000E+01  0.53917722E-02  0.53917722E-02
  0.57865000E+01  0.56714503E-02  0.56714503E-02
  0.58538000E+01  0.59599852E-02  0.59599852E-02
  0.59211000E+01  0.61923696E-02  0.61923696E-02
  0.59884000E+01  0.62494621E-02  0.62494621E-02
  0.60556000E+01  0.60365179E-02  0.60365179E-02
  0.61229000E+01  0.55767354E-02  0.55767354E-02
  0.61902000E+01  0.50149625E-02  0.50149625E-02
  0.62575000E+01  0.45396218E-02  0.45396218E-02
  0.63248000E+01  0.42801564E-02  0.42801564E-02
  0.63921000E+01  0.42516359E-02  0.42516359E-02
  0.64594000E+01  0.43825284E-02  0.43825284E-02
  0.65266000E+01  0.45878299E-02  0.45878299E-02
  0.65939000E+01  0.48324943E-02  0.48324943E-02
  0.66612000E+01  0.51328782E-02  0.51328782E-02
  0.67285000E+01  0.55115351E-02  0.55115351E-02
  0.67958000E+01  0.59489872E-02  0.59489872E-02
  0.68631000E+01  0.63633838E-02  0.63633838E-02
  0.69304000E+01  0.66412218E-02  0.66412218E-02
  0.69976000E+01  0.66875217E-02  0.66875217E-02
  0.70649000E+01  0.64839807E-02  0.64839807E-02
  0.71322000E+01  0.61219358E-02  0.61219358E-02
  0.71995000E+01  0.58128786E-02  0.58128786E-02
  0.72668000E+01  0.58150671E-02  0.58150671E-02
  0.73341000E+01  0.63034430E-02  0.63034430E-02
  0.74013000E+01  0.72469463E-02  0.72469463E-02
  0.74686000E+01  0.83716360E-02  0.83716360E-02
  0.75359000E+01  0.92876253E-02  0.92876253E-02
  0.76032000E+01  0.97285950E-02  0.97285950E-02
  0.76705000E+01  0.97425770E-02  0.97425770E-02
  0.77378000E+01  0.96790029E-02  0.96790029E-02
  0.78051000E+01  0.99641016E-02  0.99641016E-02
  0.78723000E+01  0.10821294E-01  0.10821294E-01
  0.79396000E+01  0.12113448E-01  0.12113448E-01
  0.80069000E+01  0.13454633E-01  0.13454633E-01
  0.80742000E+01  0.14506069E-01  0.14506069E-01
  0.81415000E+01  0.15263784E-01  0.15263784E-01
  0.82088000E+01  0.16039380E-01  0.16039380E-01
  0.82761000E+01  0.17163403E-01  0.17163403E-01
  0.83433000E+01  0.18619212E-01  0.18619212E-01
  0.84106000E+01  0.19950778E-01  0.19950778E-01
  0.84779000E+01  0.20497019E-01  0.20497019E-01
  0.85452000E+01  0.19814082E-01  0.19814082E-01
  0.86125000E+01  0.17931215E-01  0.17931215E-01
  0.86798000E+01  0.15326894E-01  0.15326894E-01
  0.87470000E+01  0.12634770E-01  0.12634770E-01
  0.88143000E+01  0.10387696E-01  0.10387696E-01
  0.88816000E+01  0.88506596E-02  0.88506596E-02
  0.89489000E+01  0.80331990E-02  0.80331990E-02
  0.90162000E+01  0.77571571E-02  0.77571571E-02
  0.90835000E+01  0.77842392E-02  0.77842392E-02
  0.91508000E+01  0.79000317E-02  0.79000317E-02
  0.92180000E+01  0.79554897E-02  0.79554897E-02
  0.92853000E+01  0.78589966E-02  0.78589966E-02
  0.93526000E+01  0.75769387E-02  0.75769387E-02
  0.94199000E+01  0.71317755E-02  0.71317755E-02
  0.94872000E+01  0.66099634E-02  0.66099634E-02
  0.95545000E+01  0.61128016E-02  0.61128016E-02
  0.96218000E+01  0.57168246E-02  0.57168246E-02
  0.96890000E+01  0.54742090E-02  0.54742090E-02
  0.97563000E+01  0.54458875E-02  0.54458875E-02
  0.98236000E+01  0.57368114E-02  0.57368114E-02
  0.98909000E+01  0.64424742E-02  0.64424742E-02
  0.99582000E+01  0.75577544E-02  0.75577544E-02
  0.10025500E+02  0.88789530E-02  0.88789530E-02
  0.10092700E+02  0.10022341E-01  0.10022341E-01
  0.10160000E+02  0.10585639E-01  0.10585639E-01
  0.10227300E+02  0.10356556E-01  0.10356556E-01
  0.10294600E+02  0.94095559E-02  0.94095559E-02
  0.10361900E+02  0.80519669E-02  0.80519669E-02
  0.10429200E+02  0.66781822E-02  0.66781822E-02
  0.10496500E+02  0.56187030E-02  0.56187030E-02
  0.10563700E+02  0.51042415E-02  0.51042415E-02
  0.10631000E+02  0.53034153E-02  0.53034153E-02
  0.10698300E+02  0.63563779E-02  0.63563779E-02
  0.10765600E+02  0.83522299E-02  0.83522299E-02
  0.10832900E+02  0.11217114E-01  0.11217114E-01
  0.10900200E+02  0.14592098E-01  0.14592098E-01
  0.10967400E+02  0.17835602E-01  0.17835602E-01
  0.11034700E+02  0.20245895E-01  0.20245895E-01
  0.11102000E+02  0.21388100E-01  0.21388100E-01
  0.11169300E+02  0.21281615E-01  0.21281615E-01
  0.11236600E+02  0.20343809E-01  0.20343809E-01
  0.11303900E+02  0.19111700E-01  0.19111700E-01
  0.11371200E+02  0.17979134E-01  0.17979134E-01
  0.11438400E+02  0.17045466E-01  0.17045466E-01
  0.11505700E+02  0.16163225E-01  0.16163225E-01
  0.11573000E+02  0.15108021E-01  0.15108021E-01
  0.11640300E+02  0.13733946E-01  0.13733946E-01
  0.11707600E+02  0.12090446E-01  0.12090446E-01
  0.11774900E+02  0.10419022E-01  0.10419022E-01
  0.11842200E+02  0.90217883E-02  0.90217883E-02
  0.11909400E+02  0.81822495E-02  0.81822495E-02
  0.11976700E+02  0.80826878E-02  0.80826878E-02
  0.12044000E+02  0.88509628E-02  0.88509628E-02
  0.12111300E+02  0.10543498E-01  0.10543498E-01
  0.12178600E+02  0.13075547E-01  0.13075547E-01
  0.12245900E+02  0.16053441E-01  0.16053441E-01
  0.12313100E+02  0.18796350E-01  0.18796350E-01
  0.12380400E+02  0.20590824E-01  0.20590824E-01
  0.12447700E+02  0.21085123E-01  0.21085123E-01
  0.12515000E+02  0.20488407E-01  0.20488407E-01
  0.12582300E+02  0.19467967E-01  0.19467967E-01
  0.12649600E+02  0.18768550E-01  0.18768550E-01
  0.12716900E+02  0.18916870E-01  0.18916870E-01
  0.12784100E+02  0.20011629E-01  0.20011629E-01
  0.12851400E+02  0.21746721E-01  0.21746721E-01
  0.12918700E+02  0.23548981E-01  0.23548981E-01
  0.12986000E+02  0.24837642E-01  0.24837642E-01
  0.13053300E+02  0.25279788E-01  0.25279788E-01
  0.13120600E+02  0.24848861E-01  0.24848861E-01
  0.13187900E+02  0.23784230E-01  0.23784230E-01
  0.13255100E+02  0.22445807E-01  0.22445807E-01
  0.13322400E+02  0.21240527E-01  0.21240527E-01
  0.13389700E+02  0.20485739E-01  0.20485739E-01
  0.13457000E+02  0.20291789E-01  0.20291789E-01
  0.13524300E+02  0.20484624E-01  0.20484624E-01
  0.13591600E+02  0.20702143E-01  0.20702143E-01
  0.13658800E+02  0.20547787E-01  0.20547787E-01
  0.13726100E+02  0.19780319E-01  0.19780319E-01
  0.13793400E+02  0.18412879E-01  0.18412879E-01
  0.13860700E+02  0.16651814E-01  0.16651814E-01
  0.13928000E+02  0.14810432E-01  0.14810432E-01
  0.13995300E+02  0.13154363E-01  0.13154363E-01
  0.14062600E+02  0.11848171E-01  0.11848171E-01
  0.14129800E+02  0.10929785E-01  0.10929785E-01
  0.14197100E+02  0.10368834E-01  0.10368834E-01
  0.14264400E+02  0.10109108E-01  0.10109108E-01
  0.14331700E+02  0.10094053E-01  0.10094053E-01
  0.14399000E+02  0.10261259E-01  0.10261259E-01
  0.14466300E+02  0.10521680E-01  0.10521680E-01
  0.14533600E+02  0.10753020E-01  0.10753020E-01
  0.14600800E+02  0.10905668E-01  0.10905668E-01
  0.14668100E+02  0.11103882E-01  0.11103882E-01
  0.14735400E+02  0.11695014E-01  0.11695014E-01
  0.14802700E+02  0.13166923E-01  0.13166923E-01
  0.14870000E+02  0.15947704E-01  0.15947704E-01
  0.14937300E+02  0.20190468E-01  0.20190468E-01
  0.15004500E+02  0.25521459E-01  0.25521459E-01
  0.15071800E+02  0.31012522E-01  0.31012522E-01
  0.15139100E+02  0.35417795E-01  0.35417795E-01
  0.15206400E+02  0.37664632E-01  0.37664632E-01
  0.15273700E+02  0.37288066E-01  0.37288066E-01
  0.15341000E+02  0.34613006E-01  0.34613006E-01
  0.15408300E+02  0.30491715E-01  0.30491715E-01
  0.15475500E+02  0.25961476E-01  0.25961476E-01
  0.15542800E+02  0.21810750E-01  0.21810750E-01
  0.15610100E+02  0.18452640E-01  0.18452640E-01
  0.15677400E+02  0.15942808E-01  0.15942808E-01
  0.15744700E+02  0.14169762E-01  0.14169762E-01
  0.15812000E+02  0.12965690E-01  0.12965690E-01
  0.15879300E+02  0.12160393E-01  0.12160393E-01
  0.15946500E+02  0.11619944E-01  0.11619944E-01
  0.16013800E+02  0.11239533E-01  0.11239533E-01
  0.16081100E+02  0.10994058E-01  0.10994058E-01
  0.16148400E+02  0.10879304E-01  0.10879304E-01
  0.16215700E+02  0.10887244E-01  0.10887244E-01
  0.16283000E+02  0.10964257E-01  0.10964257E-01
  0.16350200E+02  0.11039324E-01  0.11039324E-01
  0.16417500E+02  0.11061599E-01  0.11061599E-01
  0.16484800E+02  0.11041057E-01  0.11041057E-01
  0.16552100E+02  0.11041390E-01  0.11041390E-01
  0.16619400E+02  0.11115241E-01  0.11115241E-01
  0.16686700E+02  0.11276720E-01  0.11276720E-01
  0.16754000E+02  0.11496755E-01  0.11496755E-01
  0.16821200E+02  0.11713333E-01  0.11713333E-01
  0.16888500E+02  0.11864434E-01  0.11864434E-01
  0.16955800E+02  0.11883688E-01  0.11883688E-01
  0.17023100E+02  0.11767841E-01  0.11767841E-01
  0.17090400E+02  0.11591112E-01  0.11591112E-01
  0.17157700E+02  0.11508017E-01  0.11508017E-01
  0.17225000E+02  0.11662410E-01  0.11662410E-01
  0.17292200E+02  0.12058220E-01  0.12058220E-01
  0.17359500E+02  0.12575735E-01  0.12575735E-01
  0.17426800E+02  0.12990296E-01  0.12990296E-01
  0.17494100E+02  0.13142016E-01  0.13142016E-01
  0.17561400E+02  0.13049364E-01  0.13049364E-01
  0.17628700E+02  0.12829713E-01  0.12829713E-01
  0.17695900E+02  0.12625398E-01  0.12625398E-01
  0.17763200E+02  0.12479660E-01  0.12479660E-01
  0.17830500E+02  0.12330884E-01  0.12330884E-01
  0.17897800E+02  0.12108861E-01  0.12108861E-01
  0.17965100E+02  0.11789056E-01  0.11789056E-01
  0.18032400E+02  0.11388027E-01  0.11388027E-01
  0.18099700E+02  0.10928465E-01  0.10928465E-01
  0.18166900E+02  0.10426910E-01  0.10426910E-01
  0.18234200E+02  0.99141056E-02  0.99141056E-02
  0.18301500E+02  0.94179814E-02  0.94179814E-02
  0.18368800E+02  0.89909272E-02  0.89909272E-02
  0.18436100E+02  0.86407975E-02  0.86407975E-02
  0.18503400E+02  0.83217611E-02  0.83217611E-02
  0.18570700E+02  0.79768354E-02  0.79768354E-02
  0.18637900E+02  0.75486974E-02  0.75486974E-02
  0.18705200E+02  0.70325879E-02  0.70325879E-02
  0.18772500E+02  0.64917626E-02  0.64917626E-02
  0.18839800E+02  0.60111685E-02  0.60111685E-02
  0.18907100E+02  0.56772558E-02  0.56772558E-02
  0.18974400E+02  0.55768298E-02  0.55768298E-02
  0.19041600E+02  0.57464381E-02  0.57464381E-02
  0.19108900E+02  0.61781813E-02  0.61781813E-02
  0.19176200E+02  0.68028140E-02  0.68028140E-02
  0.19243500E+02  0.74903165E-02  0.74903165E-02
  0.19310800E+02  0.80797616E-02  0.80797616E-02
  0.19378100E+02  0.84529419E-02  0.84529419E-02
  0.19445400E+02  0.85868914E-02  0.85868914E-02
  0.19512600E+02  0.85549776E-02  0.85549776E-02
  0.19579900E+02  0.84895796E-02  0.84895796E-02
  0.19647200E+02  0.84985776E-02  0.84985776E-02
  0.19714500E+02  0.85796200E-02  0.85796200E-02
  0.19781800E+02  0.86734406E-02  0.86734406E-02
  0.19849100E+02  0.87080129E-02  0.87080129E-02
  0.19916400E+02  0.86946485E-02  0.86946485E-02
  0.19983600E+02  0.87226753E-02  0.87226753E-02
  0.20050900E+02  0.89288033E-02  0.89288033E-02
  0.20118200E+02  0.94263680E-02  0.94263680E-02
  0.20185500E+02  0.10238018E-01  0.10238018E-01
  0.20252800E+02  0.11266059E-01  0.11266059E-01
  0.20320100E+02  0.12327615E-01  0.12327615E-01
  0.20387300E+02  0.13230095E-01  0.13230095E-01
  0.20454600E+02  0.13869595E-01  0.13869595E-01
  0.20521900E+02  0.14294741E-01  0.14294741E-01
  0.20589200E+02  0.14718698E-01  0.14718698E-01
  0.20656500E+02  0.15358590E-01  0.15358590E-01
  0.20723800E+02  0.16339112E-01  0.16339112E-01
  0.20791100E+02  0.17580166E-01  0.17580166E-01
  0.20858300E+02  0.18806361E-01  0.18806361E-01
  0.20925600E+02  0.19689828E-01  0.19689828E-01
  0.20992900E+02  0.20008272E-01  0.20008272E-01
  0.21060200E+02  0.19707058E-01  0.19707058E-01
  0.21127500E+02  0.18875930E-01  0.18875930E-01
  0.21194800E+02  0.17685116E-01  0.17685116E-01
  0.21262000E+02  0.16351387E-01  0.16351387E-01
  0.21329300E+02  0.15112135E-01  0.15112135E-01
  0.21396600E+02  0.14190270E-01  0.14190270E-01
  0.21463900E+02  0.13705327E-01  0.13705327E-01
  0.21531200E+02  0.13666104E-01  0.13666104E-01
  0.21598500E+02  0.13941997E-01  0.13941997E-01
  0.21665800E+02  0.14348042E-01  0.14348042E-01
  0.21733000E+02  0.14722956E-01  0.14722956E-01
  0.21800300E+02  0.15014373E-01  0.15014373E-01
  0.21867600E+02  0.15222979E-01  0.15222979E-01
  0.21934900E+02  0.15358487E-01  0.15358487E-01
  0.22002200E+02  0.15423404E-01  0.15423404E-01
  0.22069500E+02  0.15363497E-01  0.15363497E-01
  0.22136800E+02  0.15161199E-01  0.15161199E-01
  0.22204000E+02  0.14831332E-01  0.14831332E-01
  0.22271300E+02  0.14448544E-01  0.14448544E-01
  0.22338600E+02  0.14086413E-01  0.14086413E-01
  0.22405900E+02  0.13782765E-01  0.13782765E-01
  0.22473200E+02  0.13509632E-01  0.13509632E-01
  0.22540500E+02  0.13156505E-01  0.13156505E-01
  0.22607700E+02  0.12642338E-01  0.12642338E-01
  0.22675000E+02  0.11943902E-01  0.11943902E-01
  0.22742300E+02  0.11126467E-01  0.11126467E-01
  0.22809600E+02  0.10312489E-01  0.10312489E-01
  0.22876900E+02  0.95822175E-02  0.95822175E-02
  0.22944200E+02  0.89792666E-02  0.89792666E-02
  0.23011500E+02  0.85009582E-02  0.85009582E-02
  0.23078700E+02  0.81331325E-02  0.81331325E-02
  0.23146000E+02  0.78474862E-02  0.78474862E-02
  0.23213300E+02  0.76206935E-02  0.76206935E-02
  0.23280600E+02  0.74118634E-02  0.74118634E-02
  0.23347900E+02  0.71661056E-02  0.71661056E-02
  0.23415200E+02  0.68477028E-02  0.68477028E-02
  0.23482500E+02  0.64476213E-02  0.64476213E-02
  0.23549700E+02  0.59971351E-02  0.59971351E-02
  0.23617000E+02  0.55708639E-02  0.55708639E-02
  0.23684300E+02  0.52412768E-02  0.52412768E-02
  0.23751600E+02  0.50572115E-02  0.50572115E-02
  0.23818900E+02  0.50164138E-02  0.50164138E-02
  0.23886200E+02  0.50884353E-02  0.50884353E-02
  0.23953400E+02  0.52209445E-02  0.52209445E-02
  0.24020700E+02  0.53768150E-02  0.53768150E-02
  0.24088000E+02  0.55382760E-02  0.55382760E-02
  0.24155300E+02  0.57273035E-02  0.57273035E-02
  0.24222600E+02  0.59831680E-02  0.59831680E-02
  0.24289900E+02  0.62998010E-02  0.62998010E-02
  0.24357200E+02  0.66062462E-02  0.66062462E-02
  0.24424400E+02  0.68114031E-02  0.68114031E-02
  0.24491700E+02  0.68753663E-02  0.68753663E-02
  0.24559000E+02  0.68409511E-02  0.68409511E-02
  0.24626300E+02  0.68014493E-02  0.68014493E-02
  0.24693600E+02  0.68245136E-02  0.68245136E-02
  0.24760900E+02  0.69150218E-02  0.69150218E-02
  0.24828200E+02  0.70057004E-02  0.70057004E-02
  0.24895400E+02  0.70345006E-02  0.70345006E-02
  0.24962700E+02  0.69871587E-02  0.69871587E-02
  0.25030000E+02  0.69135058E-02  0.69135058E-02
  0.25097300E+02  0.68957889E-02  0.68957889E-02
  0.25164600E+02  0.69921256E-02  0.69921256E-02
  0.25231900E+02  0.72243368E-02  0.72243368E-02
  0.25299100E+02  0.75689844E-02  0.75689844E-02
  0.25366400E+02  0.79525473E-02  0.79525473E-02
  0.25433700E+02  0.82814207E-02  0.82814207E-02
  0.25501000E+02  0.84595703E-02  0.84595703E-02
  0.25568300E+02  0.84499022E-02  0.84499022E-02
  0.25635600E+02  0.82897518E-02  0.82897518E-02
  0.25702900E+02  0.80843065E-02  0.80843065E-02
  0.25770100E+02  0.79226902E-02  0.79226902E-02
  0.25837400E+02  0.78544169E-02  0.78544169E-02
  0.25904700E+02  0.78891857E-02  0.78891857E-02
  0.25972000E+02  0.80173739E-02  0.80173739E-02
  0.26039300E+02  0.82314128E-02  0.82314128E-02
  0.26106600E+02  0.85237590E-02  0.85237590E-02
  0.26173900E+02  0.88779206E-02  0.88779206E-02
  0.26241100E+02  0.92393147E-02  0.92393147E-02
  0.26308400E+02  0.95819229E-02  0.95819229E-02
  0.26375700E+02  0.98996604E-02  0.98996604E-02
  0.26443000E+02  0.10237153E-01  0.10237153E-01
  0.26510300E+02  0.10605138E-01  0.10605138E-01
  0.26577600E+02  0.11023722E-01  0.11023722E-01
  0.26644800E+02  0.11497371E-01  0.11497371E-01
  0.26712100E+02  0.12045691E-01  0.12045691E-01
  0.26779400E+02  0.12704335E-01  0.12704335E-01
  0.26846700E+02  0.13433775E-01  0.13433775E-01
  0.26914000E+02  0.14094946E-01  0.14094946E-01
  0.26981300E+02  0.14464448E-01  0.14464448E-01
  0.27048600E+02  0.14382094E-01  0.14382094E-01
  0.27115800E+02  0.13863052E-01  0.13863052E-01
  0.27183100E+02  0.13067199E-01  0.13067199E-01
  0.27250400E+02  0.12219824E-01  0.12219824E-01
  0.27317700E+02  0.11517486E-01  0.11517486E-01
  0.27385000E+02  0.11062779E-01  0.11062779E-01
  0.27452300E+02  0.10900163E-01  0.10900163E-01
  0.27519600E+02  0.11002351E-01  0.11002351E-01
  0.27586800E+02  0.11335130E-01  0.11335130E-01
  0.27654100E+02  0.11821352E-01  0.11821352E-01
  0.27721400E+02  0.12381126E-01  0.12381126E-01
  0.27788700E+02  0.12916276E-01  0.12916276E-01
  0.27856000E+02  0.13326781E-01  0.13326781E-01
  0.27923300E+02  0.13520316E-01  0.13520316E-01
  0.27990500E+02  0.13440965E-01  0.13440965E-01
  0.28057800E+02  0.13133965E-01  0.13133965E-01
  0.28125100E+02  0.12709766E-01  0.12709766E-01
  0.28192400E+02  0.12407507E-01  0.12407507E-01
  0.28259700E+02  0.12466570E-01  0.12466570E-01
  0.28327000E+02  0.13104395E-01  0.13104395E-01
  0.28394300E+02  0.14335661E-01  0.14335661E-01
  0.28461500E+02  0.15962992E-01  0.15962992E-01
  0.28528800E+02  0.17707074E-01  0.17707074E-01
  0.28596100E+02  0.19322738E-01  0.19322738E-01
  0.28663400E+02  0.20742180E-01  0.20742180E-01
  0.28730700E+02  0.21984778E-01  0.21984778E-01
  0.28798000E+02  0.22992051E-01  0.22992051E-01
  0.28865300E+02  0.23603713E-01  0.23603713E-01
  0.28932500E+02  0.23557364E-01  0.23557364E-01
  0.28999800E+02  0.22710247E-01  0.22710247E-01
  0.29067100E+02  0.21170375E-01  0.21170375E-01
  0.29134400E+02  0.19225859E-01  0.19225859E-01
  0.29201700E+02  0.17268292E-01  0.17268292E-01
  0.29269000E+02  0.15594439E-01  0.15594439E-01
  0.29336200E+02  0.14317610E-01  0.14317610E-01
  0.29403500E+02  0.13414439E-01  0.13414439E-01
  0.29470800E+02  0.12778297E-01  0.12778297E-01
  0.29538100E+02  0.12284704E-01  0.12284704E-01
  0.29605400E+02  0.11844199E-01  0.11844199E-01
  0.29672700E+02  0.11397372E-01  0.11397372E-01
  0.29740000E+02  0.10935754E-01  0.10935754E-01
  0.29807200E+02  0.10456957E-01  0.10456957E-01
  0.29874500E+02  0.99820285E-02  0.99820285E-02
  0.29941800E+02  0.95574822E-02  0.95574822E-02
  0.30009100E+02  0.92029064E-02  0.92029064E-02
  0.30076400E+02  0.89400384E-02  0.89400384E-02
  0.30143700E+02  0.88066018E-02  0.88066018E-02
  0.30211000E+02  0.88183481E-02  0.88183481E-02
  0.30278200E+02  0.89990219E-02  0.89990219E-02
  0.30345500E+02  0.93697783E-02  0.93697783E-02
  0.30412800E+02  0.99181816E-02  0.99181816E-02
  0.30480100E+02  0.10611097E-01  0.10611097E-01
  0.30547400E+02  0.11376011E-01  0.11376011E-01
  0.30614700E+02  0.12180477E-01  0.12180477E-01
  0.30681900E+02  0.12991179E-01  0.12991179E-01
  0.30749200E+02  0.13856435E-01  0.13856435E-01
  0.30816500E+02  0.14771112E-01  0.14771112E-01
  0.30883800E+02  0.15635345E-01  0.15635345E-01
  0.30951100E+02  0.16259765E-01  0.16259765E-01
  0.31018400E+02  0.16415043E-01  0.16415043E-01
  0.31085700E+02  0.15978648E-01  0.15978648E-01
  0.31152900E+02  0.15009686E-01  0.15009686E-01
  0.31220200E+02  0.13740000E-01  0.13740000E-01
  0.31287500E+02  0.12410164E-01  0.12410164E-01
  0.31354800E+02  0.11225381E-01  0.11225381E-01
  0.31422100E+02  0.10273265E-01  0.10273265E-01
  0.31489400E+02  0.95526153E-02  0.95526153E-02
  0.31556700E+02  0.90119897E-02  0.90119897E-02
  0.31623900E+02  0.85986983E-02  0.85986983E-02
  0.31691200E+02  0.82859651E-02  0.82859651E-02
  0.31758500E+02  0.80441612E-02  0.80441612E-02
  0.31825800E+02  0.78668220E-02  0.78668220E-02
  0.31893100E+02  0.77531251E-02  0.77531251E-02
  0.31960400E+02  0.76943026E-02  0.76943026E-02
  0.32027600E+02  0.77133187E-02  0.77133187E-02
  0.32094900E+02  0.78389624E-02  0.78389624E-02
  0.32162200E+02  0.80882169E-02  0.80882169E-02
  0.32229500E+02  0.84835856E-02  0.84835856E-02
  0.32296800E+02  0.90011048E-02  0.90011048E-02
  0.32364100E+02  0.96271496E-02  0.96271496E-02
  0.32431400E+02  0.10286123E-01  0.10286123E-01
  0.32498600E+02  0.10900024E-01  0.10900024E-01
  0.32565900E+02  0.11385438E-01  0.11385438E-01
  0.32633200E+02  0.11681432E-01  0.11681432E-01
  0.32700500E+02  0.11813281E-01  0.11813281E-01
  0.32767800E+02  0.11820460E-01  0.11820460E-01
  0.32835100E+02  0.11705407E-01  0.11705407E-01
  0.32902300E+02  0.11451931E-01  0.11451931E-01
  0.32969600E+02  0.11051927E-01  0.11051927E-01
  0.33036900E+02  0.10559431E-01  0.10559431E-01
  0.33104200E+02  0.10063742E-01  0.10063742E-01
  0.33171500E+02  0.96447253E-02  0.96447253E-02
  0.33238800E+02  0.93667788E-02  0.93667788E-02
  0.33306100E+02  0.92283760E-02  0.92283760E-02
  0.33373300E+02  0.92345922E-02  0.92345922E-02
  0.33440600E+02  0.93142927E-02  0.93142927E-02
  0.33507900E+02  0.93922388E-02  0.93922388E-02
  0.33575200E+02  0.93931446E-02  0.93931446E-02
  0.33642500E+02  0.92673753E-02  0.92673753E-02
  0.33709800E+02  0.90542799E-02  0.90542799E-02
  0.33777100E+02  0.88104248E-02  0.88104248E-02
  0.33844300E+02  0.85770586E-02  0.85770586E-02
  0.33911600E+02  0.83881396E-02  0.83881396E-02
  0.33978900E+02  0.82370999E-02  0.82370999E-02
  0.34046200E+02  0.81262595E-02  0.81262595E-02
  0.34113500E+02  0.80923532E-02  0.80923532E-02
  0.34180800E+02  0.82086875E-02  0.82086875E-02
  0.34248000E+02  0.85262447E-02  0.85262447E-02
  0.34315300E+02  0.91080340E-02  0.91080340E-02
  0.34382600E+02  0.99764984E-02  0.99764984E-02
  0.34449900E+02  0.11126950E-01  0.11126950E-01
  0.34517200E+02  0.12498198E-01  0.12498198E-01
  0.34584500E+02  0.13980426E-01  0.13980426E-01
  0.34651800E+02  0.15379905E-01  0.15379905E-01
  0.34719000E+02  0.16474258E-01  0.16474258E-01
  0.34786300E+02  0.17116032E-01  0.17116032E-01
  0.34853600E+02  0.17251085E-01  0.17251085E-01
  0.34920900E+02  0.17001112E-01  0.17001112E-01
  0.34988200E+02  0.16526079E-01  0.16526079E-01
  0.35055500E+02  0.16036575E-01  0.16036575E-01
  0.35122800E+02  0.15594536E-01  0.15594536E-01
  0.35190000E+02  0.15226855E-01  0.15226855E-01
  0.35257300E+02  0.14866509E-01  0.14866509E-01
  0.35324600E+02  0.14483910E-01  0.14483910E-01
  0.35391900E+02  0.14091444E-01  0.14091444E-01
  0.35459200E+02  0.13705544E-01  0.13705544E-01
  0.35526500E+02  0.13401916E-01  0.13401916E-01
  0.35593700E+02  0.13213189E-01  0.13213189E-01
  0.35661000E+02  0.13173731E-01  0.13173731E-01
  0.35728300E+02  0.13262317E-01  0.13262317E-01
  0.35795600E+02  0.13427122E-01  0.13427122E-01
  0.35862900E+02  0.13603349E-01  0.13603349E-01
  0.35930200E+02  0.13752075E-01  0.13752075E-01
  0.35997500E+02  0.13865894E-01  0.13865894E-01
  0.36064700E+02  0.13992203E-01  0.13992203E-01
  0.36132000E+02  0.14164757E-01  0.14164757E-01
  0.36199300E+02  0.14412569E-01  0.14412569E-01
  0.36266600E+02  0.14728835E-01  0.14728835E-01
  0.36333900E+02  0.15069624E-01  0.15069624E-01
  0.36401200E+02  0.15377333E-01  0.15377333E-01
  0.36468500E+02  0.15578620E-01  0.15578620E-01
  0.36535700E+02  0.15676423E-01  0.15676423E-01
  0.36603000E+02  0.15681170E-01  0.15681170E-01
  0.36670300E+02  0.15605150E-01  0.15605150E-01
  0.36737600E+02  0.15499900E-01  0.15499900E-01
  0.36804900E+02  0.15387343E-01  0.15387343E-01
  0.36872200E+02  0.15290007E-01  0.15290007E-01
  0.36939400E+02  0.15239803E-01  0.15239803E-01
  0.37006700E+02  0.15254852E-01  0.15254852E-01
  0.37074000E+02  0.15306547E-01  0.15306547E-01
  0.37141300E+02  0.15375949E-01  0.15375949E-01
  0.37208600E+02  0.15371289E-01  0.15371289E-01
  0.37275900E+02  0.15241434E-01  0.15241434E-01
  0.37343200E+02  0.14937094E-01  0.14937094E-01
  0.37410400E+02  0.14524785E-01  0.14524785E-01
  0.37477700E+02  0.14099436E-01  0.14099436E-01
  0.37545000E+02  0.13798514E-01  0.13798514E-01
  0.37612300E+02  0.13671902E-01  0.13671902E-01
  0.37679600E+02  0.13746690E-01  0.13746690E-01
  0.37746900E+02  0.13979771E-01  0.13979771E-01
  0.37814200E+02  0.14319197E-01  0.14319197E-01
  0.37881400E+02  0.14679127E-01  0.14679127E-01
  0.37948700E+02  0.15016186E-01  0.15016186E-01
  0.38016000E+02  0.15307441E-01  0.15307441E-01
  0.38083300E+02  0.15532130E-01  0.15532130E-01
  0.38150600E+02  0.15661985E-01  0.15661985E-01
  0.38217900E+02  0.15765054E-01  0.15765054E-01
  0.38285100E+02  0.15971270E-01  0.15971270E-01
  0.38352400E+02  0.16522468E-01  0.16522468E-01
  0.38419700E+02  0.17590995E-01  0.17590995E-01
  0.38487000E+02  0.19167286E-01  0.19167286E-01
  0.38554300E+02  0.21019715E-01  0.21019715E-01
  0.38621600E+02  0.22795080E-01  0.22795080E-01
  0.38688900E+02  0.24198065E-01  0.24198065E-01
  0.38756100E+02  0.25059144E-01  0.25059144E-01
  0.38823400E+02  0.25352102E-01  0.25352102E-01
  0.38890700E+02  0.25177758E-01  0.25177758E-01
  0.38958000E+02  0.24689338E-01  0.24689338E-01
  0.39025300E+02  0.23983811E-01  0.23983811E-01
  0.39092600E+02  0.23167323E-01  0.23167323E-01
  0.39159900E+02  0.22273079E-01  0.22273079E-01
  0.39227100E+02  0.21278438E-01  0.21278438E-01
  0.39294400E+02  0.20222379E-01  0.20222379E-01
  0.39361700E+02  0.19134965E-01  0.19134965E-01
  0.39429000E+02  0.18052662E-01  0.18052662E-01
  0.39496300E+02  0.17065198E-01  0.17065198E-01
  0.39563600E+02  0.16203690E-01  0.16203690E-01
  0.39630800E+02  0.15554643E-01  0.15554643E-01
  0.39698100E+02  0.15172723E-01  0.15172723E-01
  0.39765400E+02  0.15111675E-01  0.15111675E-01
  0.39832700E+02  0.15417926E-01  0.15417926E-01
  0.39900000E+02  0.16132069E-01  0.16132069E-01
  0.39967300E+02  0.17260764E-01  0.17260764E-01
  0.40034600E+02  0.18745402E-01  0.18745402E-01
  0.40101800E+02  0.20438581E-01  0.20438581E-01
  0.40169100E+02  0.22058301E-01  0.22058301E-01
  0.40236400E+02  0.23294483E-01  0.23294483E-01
  0.40303700E+02  0.23822704E-01  0.23822704E-01
  0.40371000E+02  0.23550064E-01  0.23550064E-01
  0.40438300E+02  0.22647766E-01  0.22647766E-01
  0.40505600E+02  0.21489138E-01  0.21489138E-01
  0.40572800E+02  0.20447635E-01  0.20447635E-01
  0.40640100E+02  0.19818006E-01  0.19818006E-01
  0.40707400E+02  0.19737822E-01  0.19737822E-01
  0.40774700E+02  0.20139945E-01  0.20139945E-01
  0.40842000E+02  0.20836094E-01  0.20836094E-01
  0.40909300E+02  0.21610316E-01  0.21610316E-01
  0.40976500E+02  0.22263607E-01  0.22263607E-01
  0.41043800E+02  0.22645366E-01  0.22645366E-01
  0.41111100E+02  0.22723974E-01  0.22723974E-01
  0.41178400E+02  0.22535084E-01  0.22535084E-01
  0.41245700E+02  0.22163968E-01  0.22163968E-01
  0.41313000E+02  0.21711370E-01  0.21711370E-01
  0.41380300E+02  0.21266566E-01  0.21266566E-01
  0.41447500E+02  0.20925989E-01  0.20925989E-01
  0.41514800E+02  0.20732733E-01  0.20732733E-01
  0.41582100E+02  0.20665249E-01  0.20665249E-01
  0.41649400E+02  0.20636876E-01  0.20636876E-01
  0.41716700E+02  0.20576152E-01  0.20576152E-01
  0.41784000E+02  0.20436040E-01  0.20436040E-01
  0.41851300E+02  0.20196731E-01  0.20196731E-01
  0.41918500E+02  0.19891416E-01  0.19891416E-01
  0.41985800E+02  0.19503612E-01  0.19503612E-01
  0.42053100E+02  0.19071572E-01  0.19071572E-01
  0.42120400E+02  0.18641004E-01  0.18641004E-01
  0.42187700E+02  0.18232922E-01  0.18232922E-01
  0.42255000E+02  0.17813563E-01  0.17813563E-01
  0.42322200E+02  0.17387250E-01  0.17387250E-01
  0.42389500E+02  0.16940959E-01  0.16940959E-01
  0.42456800E+02  0.16460577E-01  0.16460577E-01
  0.42524100E+02  0.15946309E-01  0.15946309E-01
  0.42591400E+02  0.15432567E-01  0.15432567E-01
  0.42658700E+02  0.14938991E-01  0.14938991E-01
  0.42726000E+02  0.14528300E-01  0.14528300E-01
  0.42793200E+02  0.14192169E-01  0.14192169E-01
  0.42860500E+02  0.13905307E-01  0.13905307E-01
  0.42927800E+02  0.13638068E-01  0.13638068E-01
  0.42995100E+02  0.13353173E-01  0.13353173E-01
  0.43062400E+02  0.13009331E-01  0.13009331E-01
  0.43129700E+02  0.12673716E-01  0.12673716E-01
  0.43196900E+02  0.12361629E-01  0.12361629E-01
  0.43264200E+02  0.12105252E-01  0.12105252E-01
  0.43331500E+02  0.11932033E-01  0.11932033E-01
  0.43398800E+02  0.11833735E-01  0.11833735E-01
  0.43466100E+02  0.11818369E-01  0.11818369E-01
  0.43533400E+02  0.11827910E-01  0.11827910E-01
  0.43600700E+02  0.11835557E-01  0.11835557E-01
  0.43667900E+02  0.11780144E-01  0.11780144E-01
  0.43735200E+02  0.11638719E-01  0.11638719E-01
  0.43802500E+02  0.11414686E-01  0.11414686E-01
  0.43869800E+02  0.11127566E-01  0.11127566E-01
  0.43937100E+02  0.10759152E-01  0.10759152E-01
  0.44004400E+02  0.10371988E-01  0.10371988E-01
  0.44071700E+02  0.99780076E-02  0.99780076E-02
  0.44138900E+02  0.96277142E-02  0.96277142E-02
  0.44206200E+02  0.93398450E-02  0.93398450E-02
  0.44273500E+02  0.91544340E-02  0.91544340E-02
  0.44340800E+02  0.90286736E-02  0.90286736E-02
  0.44408100E+02  0.89648984E-02  0.89648984E-02
  0.44475400E+02  0.89273333E-02  0.89273333E-02
  0.44542600E+02  0.89083255E-02  0.89083255E-02
  0.44609900E+02  0.89074961E-02  0.89074961E-02
  0.44677200E+02  0.89180293E-02  0.89180293E-02
  0.44744500E+02  0.89627601E-02  0.89627601E-02
  0.44811800E+02  0.90106793E-02  0.90106793E-02
  0.44879100E+02  0.90574882E-02  0.90574882E-02
  0.44946400E+02  0.90903041E-02  0.90903041E-02
  0.45013600E+02  0.91089016E-02  0.91089016E-02
  0.45080900E+02  0.91317039E-02  0.91317039E-02
  0.45148200E+02  0.91650005E-02  0.91650005E-02
  0.45215500E+02  0.92296327E-02  0.92296327E-02
  0.45282800E+02  0.93217945E-02  0.93217945E-02
  0.45350100E+02  0.94145913E-02  0.94145913E-02
  0.45417400E+02  0.94831319E-02  0.94831319E-02
  0.45484600E+02  0.95149314E-02  0.95149314E-02
  0.45551900E+02  0.94636443E-02  0.94636443E-02
  0.45619200E+02  0.93564530E-02  0.93564530E-02
  0.45686500E+02  0.91762813E-02  0.91762813E-02
  0.45753800E+02  0.89564185E-02  0.89564185E-02
  0.45821100E+02  0.86974757E-02  0.86974757E-02
  0.45888300E+02  0.83976220E-02  0.83976220E-02
  0.45955600E+02  0.81004273E-02  0.81004273E-02
  0.46022900E+02  0.78352074E-02  0.78352074E-02
  0.46090200E+02  0.76323577E-02  0.76323577E-02
  0.46157500E+02  0.75694101E-02  0.75694101E-02
  0.46224800E+02  0.77033048E-02  0.77033048E-02
  0.46292100E+02  0.80326774E-02  0.80326774E-02
  0.46359300E+02  0.85328661E-02  0.85328661E-02
  0.46426600E+02  0.90637783E-02  0.90637783E-02
  0.46493900E+02  0.94937102E-02  0.94937102E-02
  0.46561200E+02  0.97052901E-02  0.97052901E-02
  0.46628500E+02  0.96692243E-02  0.96692243E-02
  0.46695800E+02  0.94536543E-02  0.94536543E-02
  0.46763100E+02  0.91668130E-02  0.91668130E-02
  0.46830300E+02  0.88991728E-02  0.88991728E-02
  0.46897600E+02  0.87328680E-02  0.87328680E-02
  0.46964900E+02  0.87029207E-02  0.87029207E-02
  0.47032200E+02  0.88189246E-02  0.88189246E-02
  0.47099500E+02  0.90697759E-02  0.90697759E-02
  0.47166800E+02  0.93975245E-02  0.93975245E-02
  0.47234000E+02  0.97576912E-02  0.97576912E-02
  0.47301300E+02  0.10084790E-01  0.10084790E-01
  0.47368600E+02  0.10297625E-01  0.10297625E-01
  0.47435900E+02  0.10367102E-01  0.10367102E-01
  0.47503200E+02  0.10263859E-01  0.10263859E-01
  0.47570500E+02  0.10001223E-01  0.10001223E-01
  0.47637800E+02  0.96195033E-02  0.96195033E-02
  0.47705000E+02  0.91415694E-02  0.91415694E-02
  0.47772300E+02  0.86531252E-02  0.86531252E-02
  0.47839600E+02  0.81802959E-02  0.81802959E-02
  0.47906900E+02  0.77664112E-02  0.77664112E-02
  0.47974200E+02  0.74291379E-02  0.74291379E-02
  0.48041500E+02  0.71797589E-02  0.71797589E-02
  0.48108800E+02  0.70232401E-02  0.70232401E-02
  0.48176000E+02  0.69997360E-02  0.69997360E-02
  0.48243300E+02  0.71535236E-02  0.71535236E-02
  0.48310600E+02  0.75163359E-02  0.75163359E-02
  0.48377900E+02  0.81188604E-02  0.81188604E-02
  0.48445200E+02  0.89268494E-02  0.89268494E-02
  0.48512500E+02  0.98235205E-02  0.98235205E-02
  0.48579700E+02  0.10675119E-01  0.10675119E-01
  0.48647000E+02  0.11302041E-01  0.11302041E-01
  0.48714300E+02  0.11590991E-01  0.11590991E-01
  0.48781600E+02  0.11546872E-01  0.11546872E-01
  0.48848900E+02  0.11208865E-01  0.11208865E-01
  0.48916200E+02  0.10725658E-01  0.10725658E-01
  0.48983500E+02  0.10199241E-01  0.10199241E-01
  0.49050700E+02  0.96915209E-02  0.96915209E-02
  0.49118000E+02  0.92578710E-02  0.92578710E-02
  0.49185300E+02  0.88650171E-02  0.88650171E-02
  0.49252600E+02  0.85115599E-02  0.85115599E-02
  0.49319900E+02  0.81899202E-02  0.81899202E-02
  0.49387200E+02  0.78820351E-02  0.78820351E-02
  0.49454500E+02  0.75868465E-02  0.75868465E-02
  0.49521700E+02  0.73410407E-02  0.73410407E-02
  0.49589000E+02  0.71882789E-02  0.71882789E-02
  0.49656300E+02  0.72094097E-02  0.72094097E-02
  0.49723600E+02  0.74962186E-02  0.74962186E-02
  0.49790900E+02  0.80979707E-02  0.80979707E-02
  0.49858200E+02  0.90085178E-02  0.90085178E-02
  0.49925400E+02  0.10173276E-01  0.10173276E-01
  0.49992700E+02  0.11442698E-01  0.11442698E-01
  0.50060000E+02  0.12651738E-01  0.12651738E-01
  0.50127300E+02  0.13613649E-01  0.13613649E-01
  0.50194600E+02  0.14202866E-01  0.14202866E-01
  0.50261900E+02  0.14383194E-01  0.14383194E-01
  0.50329200E+02  0.14193968E-01  0.14193968E-01
  0.50396400E+02  0.13736114E-01  0.13736114E-01
  0.50463700E+02  0.13134152E-01  0.13134152E-01
  0.50531000E+02  0.12513236E-01  0.12513236E-01
  0.50598300E+02  0.11948518E-01  0.11948518E-01
  0.50665600E+02  0.11503602E-01  0.11503602E-01
  0.50732900E+02  0.11171925E-01  0.11171925E-01
  0.50800200E+02  0.10930376E-01  0.10930376E-01
  0.50867400E+02  0.10753918E-01  0.10753918E-01
  0.50934700E+02  0.10578445E-01  0.10578445E-01
  0.51002000E+02  0.10400944E-01  0.10400944E-01
  0.51069300E+02  0.10204355E-01  0.10204355E-01
  0.51136600E+02  0.10002009E-01  0.10002009E-01
  0.51203900E+02  0.98187382E-02  0.98187382E-02
  0.51271100E+02  0.96490902E-02  0.96490902E-02
  0.51338400E+02  0.95537090E-02  0.95537090E-02
  0.51405700E+02  0.95652471E-02  0.95652471E-02
  0.51473000E+02  0.96913525E-02  0.96913525E-02
  0.51540300E+02  0.99618859E-02  0.99618859E-02
  0.51607600E+02  0.10358140E-01  0.10358140E-01
  0.51674900E+02  0.10843086E-01  0.10843086E-01
  0.51742100E+02  0.11306580E-01  0.11306580E-01
  0.51809400E+02  0.11695649E-01  0.11695649E-01
  0.51876700E+02  0.12005672E-01  0.12005672E-01
  0.51944000E+02  0.12239679E-01  0.12239679E-01
  0.52011300E+02  0.12412786E-01  0.12412786E-01
  0.52078600E+02  0.12515053E-01  0.12515053E-01
  0.52145900E+02  0.12503573E-01  0.12503573E-01
  0.52213100E+02  0.12354857E-01  0.12354857E-01
  0.52280400E+02  0.12095517E-01  0.12095517E-01
  0.52347700E+02  0.11754323E-01  0.11754323E-01
  0.52415000E+02  0.11375255E-01  0.11375255E-01
  0.52482300E+02  0.10998252E-01  0.10998252E-01
  0.52549600E+02  0.10632872E-01  0.10632872E-01
  0.52616800E+02  0.10290856E-01  0.10290856E-01
  0.52684100E+02  0.99825314E-02  0.99825314E-02
  0.52751400E+02  0.96936399E-02  0.96936399E-02
  0.52818700E+02  0.94353062E-02  0.94353062E-02
  0.52886000E+02  0.92064896E-02  0.92064896E-02
  0.52953300E+02  0.89935896E-02  0.89935896E-02
  0.53020600E+02  0.88087311E-02  0.88087311E-02
  0.53087800E+02  0.86508385E-02  0.86508385E-02
  0.53155100E+02  0.85070324E-02  0.85070324E-02
  0.53222400E+02  0.83889310E-02  0.83889310E-02
  0.53289700E+02  0.82709387E-02  0.82709387E-02
  0.53357000E+02  0.81534359E-02  0.81534359E-02
  0.53424300E+02  0.80364302E-02  0.80364302E-02
  0.53491500E+02  0.79202474E-02  0.79202474E-02
  0.53558800E+02  0.78046024E-02  0.78046024E-02
  0.53626100E+02  0.76894727E-02  0.76894727E-02
  0.53693400E+02  0.75877315E-02  0.75877315E-02
  0.53760700E+02  0.74864259E-02  0.74864259E-02
  0.53828000E+02  0.73979906E-02  0.73979906E-02
  0.53895300E+02  0.73343123E-02  0.73343123E-02
  0.53962500E+02  0.72827958E-02  0.72827958E-02
  0.54029800E+02  0.72553302E-02  0.72553302E-02
  0.54097100E+02  0.72631757E-02  0.72631757E-02
  0.54164400E+02  0.72812483E-02  0.72812483E-02
  0.54231700E+02  0.72976160E-02  0.72976160E-02
  0.54299000E+02  0.72769811E-02  0.72769811E-02
  0.54366300E+02  0.72440490E-02  0.72440490E-02
  0.54433500E+02  0.71762706E-02  0.71762706E-02
  0.54500800E+02  0.70968464E-02  0.70968464E-02
  0.54568100E+02  0.70188275E-02  0.70188275E-02
  0.54635400E+02  0.69531894E-02  0.69531894E-02
  0.54702700E+02  0.68998176E-02  0.68998176E-02
  0.54770000E+02  0.68817975E-02  0.68817975E-02
  0.54837200E+02  0.68632994E-02  0.68632994E-02
  0.54904500E+02  0.68675648E-02  0.68675648E-02
  0.54971800E+02  0.68593256E-02  0.68593256E-02
  0.55039100E+02  0.68390776E-02  0.68390776E-02
  0.55106400E+02  0.67951825E-02  0.67951825E-02
  0.55173700E+02  0.67400430E-02  0.67400430E-02
  0.55241000E+02  0.66736091E-02  0.66736091E-02
  0.55308200E+02  0.66075349E-02  0.66075349E-02
  0.55375500E+02  0.65416968E-02  0.65416968E-02
  0.55442800E+02  0.64644967E-02  0.64644967E-02
  0.55510100E+02  0.63991645E-02  0.63991645E-02
  0.55577400E+02  0.63340055E-02  0.63340055E-02
  0.55644700E+02  0.62690213E-02  0.62690213E-02
  0.55712000E+02  0.62041991E-02  0.62041991E-02
  0.55779200E+02  0.61394860E-02  0.61394860E-02
  0.55846500E+02  0.60749632E-02  0.60749632E-02
  0.55913800E+02  0.60218311E-02  0.60218311E-02
  0.55981100E+02  0.59687990E-02  0.59687990E-02
  0.56048400E+02  0.59158109E-02  0.59158109E-02
  0.56115700E+02  0.58628985E-02  0.58628985E-02
  0.56182900E+02  0.58211673E-02  0.58211673E-02
  0.56250200E+02  0.57684119E-02  0.57684119E-02
  0.56317500E+02  0.57267614E-02  0.57267614E-02
  0.56384800E+02  0.56851301E-02  0.56851301E-02
  0.56452100E+02  0.56325138E-02  0.56325138E-02
  0.56519400E+02  0.55909527E-02  0.55909527E-02
  0.56586700E+02  0.55603655E-02  0.55603655E-02
  0.56653900E+02  0.55188057E-02  0.55188057E-02
  0.56721200E+02  0.54772920E-02  0.54772920E-02
  0.56788500E+02  0.54358483E-02  0.54358483E-02
  0.56855800E+02  0.54052390E-02  0.54052390E-02
  0.56923100E+02  0.53637839E-02  0.53637839E-02
  0.56990400E+02  0.53223608E-02  0.53223608E-02
  0.57057700E+02  0.52917426E-02  0.52917426E-02
  0.57124900E+02  0.52610929E-02  0.52610929E-02
  0.57192200E+02  0.52197156E-02  0.52197156E-02
  0.57259500E+02  0.51890799E-02  0.51890799E-02
  0.57326800E+02  0.51584339E-02  0.51584339E-02
  0.57394100E+02  0.51277786E-02  0.51277786E-02
  0.57461400E+02  0.50971148E-02  0.50971148E-02
  0.57528600E+02  0.50557995E-02  0.50557995E-02
  0.57595900E+02  0.50251415E-02  0.50251415E-02
  0.57663200E+02  0.49944780E-02  0.49944780E-02
  0.57730500E+02  0.49743760E-02  0.49743760E-02
  0.57797800E+02  0.49436836E-02  0.49436836E-02
  0.57865100E+02  0.49130339E-02  0.49130339E-02
  0.57932400E+02  0.48823359E-02  0.48823359E-02
  0.57999600E+02  0.48516201E-02  0.48516201E-02
  0.58066900E+02  0.48313949E-02  0.48313949E-02
  0.58134200E+02  0.48006750E-02  0.48006750E-02
  0.58201500E+02  0.47699566E-02  0.47699566E-02
  0.58268800E+02  0.47496616E-02  0.47496616E-02
  0.58336100E+02  0.47189270E-02  0.47189270E-02
  0.58403400E+02  0.46881965E-02  0.46881965E-02
  0.58470600E+02  0.46678216E-02  0.46678216E-02
  0.58537900E+02  0.46370797E-02  0.46370797E-02
  0.58605200E+02  0.46166779E-02  0.46166779E-02
  0.58672500E+02  0.45962500E-02  0.45962500E-02
  0.58739800E+02  0.45654853E-02  0.45654853E-02
  0.58807100E+02  0.45450180E-02  0.45450180E-02
  0.58874300E+02  0.45245107E-02  0.45245107E-02
  0.58941600E+02  0.44937298E-02  0.44937298E-02
  0.59008900E+02  0.44732020E-02  0.44732020E-02
  0.59076200E+02  0.44526513E-02  0.44526513E-02
  0.59143500E+02  0.44218606E-02  0.44218606E-02
  0.59210800E+02  0.44012776E-02  0.44012776E-02
  0.59278100E+02  0.43806732E-02  0.43806732E-02
  0.59345300E+02  0.43600332E-02  0.43600332E-02
  0.59412600E+02  0.43393876E-02  0.43393876E-02
  0.59479900E+02  0.43187220E-02  0.43187220E-02
  0.59547200E+02  0.42980371E-02  0.42980371E-02
  0.59614500E+02  0.42773332E-02  0.42773332E-02
  0.59681800E+02  0.42566109E-02  0.42566109E-02
  0.59749100E+02  0.42358707E-02  0.42358707E-02
  0.59816300E+02  0.42150990E-02  0.42150990E-02
  0.59883600E+02  0.41943245E-02  0.41943245E-02
  0.59950900E+02  0.41735337E-02  0.41735337E-02
  0.60018200E+02  0.41527268E-02  0.41527268E-02
  0.60085500E+02  0.41319046E-02  0.41319046E-02
  0.60152800E+02  0.41110675E-02  0.41110675E-02
  0.60220000E+02  0.40902481E-02  0.40902481E-02
  0.60287300E+02  0.40793744E-02  0.40793744E-02
  0.60354600E+02  0.40584810E-02  0.40584810E-02
  0.60421900E+02  0.40375745E-02  0.40375745E-02
  0.60489200E+02  0.40166556E-02  0.40166556E-02
  0.60556500E+02  0.40056701E-02  0.40056701E-02
  0.60623800E+02  0.39847128E-02  0.39847128E-02
  0.60691000E+02  0.39637314E-02  0.39637314E-02
  0.60758300E+02  0.39427525E-02  0.39427525E-02
  0.60825600E+02  0.39316605E-02  0.39316605E-02
  0.60892900E+02  0.39106466E-02  0.39106466E-02
  0.60960200E+02  0.38995016E-02  0.38995016E-02
  0.61027500E+02  0.38784543E-02  0.38784543E-02
  0.61094800E+02  0.38573987E-02  0.38573987E-02
  0.61162000E+02  0.38461656E-02  0.38461656E-02
  0.61229300E+02  0.38250792E-02  0.38250792E-02
  0.61296600E+02  0.38138087E-02  0.38138087E-02
  0.61363900E+02  0.37926929E-02  0.37926929E-02
  0.61431200E+02  0.37813735E-02  0.37813735E-02
  0.61498500E+02  0.37602299E-02  0.37602299E-02
  0.61565700E+02  0.37488507E-02  0.37488507E-02
  0.61633000E+02  0.37276810E-02  0.37276810E-02
  0.61700300E+02  0.37162675E-02  0.37162675E-02
  0.61767600E+02  0.36950733E-02  0.36950733E-02
  0.61834900E+02  0.36836143E-02  0.36836143E-02
  0.61902200E+02  0.36721308E-02  0.36721308E-02
  0.61969500E+02  0.36508941E-02  0.36508941E-02
  0.62036700E+02  0.36393551E-02  0.36393551E-02
  0.62104000E+02  0.36180979E-02  0.36180979E-02
  0.62171300E+02  0.36065281E-02  0.36065281E-02
  0.62238600E+02  0.35949350E-02  0.35949350E-02
  0.62305900E+02  0.35736410E-02  0.35736410E-02
  0.62373200E+02  0.35620070E-02  0.35620070E-02
  0.62440500E+02  0.35503503E-02  0.35503503E-02
  0.62507700E+02  0.35386599E-02  0.35386599E-02
  0.62575000E+02  0.35173158E-02  0.35173158E-02
  0.62642300E+02  0.35055981E-02  0.35055981E-02
  0.62709600E+02  0.34938586E-02  0.34938586E-02
  0.62776900E+02  0.34820976E-02  0.34820976E-02
  0.62844200E+02  0.34607091E-02  0.34607091E-02
  0.62911400E+02  0.34489007E-02  0.34489007E-02
  0.62978700E+02  0.34370825E-02  0.34370825E-02
  0.63046000E+02  0.34252436E-02  0.34252436E-02
  0.63113300E+02  0.34133844E-02  0.34133844E-02
  0.63180600E+02  0.34015049E-02  0.34015049E-02
  0.63247900E+02  0.33896054E-02  0.33896054E-02
  0.63315200E+02  0.33681383E-02  0.33681383E-02
  0.63382400E+02  0.33561957E-02  0.33561957E-02
  0.63449700E+02  0.33442445E-02  0.33442445E-02
  0.63517000E+02  0.33322742E-02  0.33322742E-02
  0.63584300E+02  0.33202851E-02  0.33202851E-02
  0.63651600E+02  0.33082775E-02  0.33082775E-02
  0.63718900E+02  0.32962514E-02  0.32962514E-02
  0.63786100E+02  0.32841969E-02  0.32841969E-02
  0.63853400E+02  0.32721348E-02  0.32721348E-02
  0.63920700E+02  0.32600549E-02  0.32600549E-02
  0.63988000E+02  0.32479576E-02  0.32479576E-02
  0.64055300E+02  0.32358430E-02  0.32358430E-02
  0.64122600E+02  0.32237113E-02  0.32237113E-02
  0.64189900E+02  0.32115628E-02  0.32115628E-02
  0.64257100E+02  0.31993878E-02  0.31993878E-02
  0.64324400E+02  0.31872063E-02  0.31872063E-02
  0.64391700E+02  0.31750087E-02  0.31750087E-02
  0.64459000E+02  0.31627952E-02  0.31627952E-02
  0.64526300E+02  0.31505660E-02  0.31505660E-02
  0.64593600E+02  0.31383213E-02  0.31383213E-02
  0.64660900E+02  0.31354557E-02  0.31354557E-02
  0.64728100E+02  0.31231624E-02  0.31231624E-02
  0.64795400E+02  0.31108640E-02  0.31108640E-02
  0.64862700E+02  0.30985509E-02  0.30985509E-02
  0.64930000E+02  0.30862234E-02  0.30862234E-02
  0.64997300E+02  0.30738817E-02  0.30738817E-02
  0.65064600E+02  0.30615260E-02  0.30615260E-02
  0.65131800E+02  0.30584930E-02  0.30584930E-02
  0.65199100E+02  0.30461009E-02  0.30461009E-02
  0.65266400E+02  0.30336954E-02  0.30336954E-02
  0.65333700E+02  0.30212768E-02  0.30212768E-02
  0.65401000E+02  0.30088453E-02  0.30088453E-02
  0.65468300E+02  0.30057137E-02  0.30057137E-02
  0.65535600E+02  0.29932474E-02  0.29932474E-02
  0.65602800E+02  0.29807597E-02  0.29807597E-02
  0.65670100E+02  0.29682692E-02  0.29682692E-02
  0.65737400E+02  0.29557669E-02  0.29557669E-02
  0.65804700E+02  0.29525301E-02  0.29525301E-02
  0.65872000E+02  0.29399947E-02  0.29399947E-02
  0.65939300E+02  0.29274481E-02  0.29274481E-02
  0.66006600E+02  0.29241513E-02  0.29241513E-02
  0.66073800E+02  0.29115638E-02  0.29115638E-02
  0.66141100E+02  0.28989746E-02  0.28989746E-02
  0.66208400E+02  0.28863751E-02  0.28863751E-02
  0.66275700E+02  0.28829983E-02  0.28829983E-02
  0.66343000E+02  0.28703682E-02  0.28703682E-02
  0.66410300E+02  0.28577283E-02  0.28577283E-02
  0.66477500E+02  0.28542850E-02  0.28542850E-02
  0.66544800E+02  0.28416155E-02  0.28416155E-02
  0.66612100E+02  0.28289370E-02  0.28289370E-02
  0.66679400E+02  0.28254454E-02  0.28254454E-02
  0.66746700E+02  0.28127382E-02  0.28127382E-02
  0.66814000E+02  0.28092102E-02  0.28092102E-02
  0.66881300E+02  0.27964749E-02  0.27964749E-02
  0.66948500E+02  0.27837233E-02  0.27837233E-02
  0.67015800E+02  0.27801399E-02  0.27801399E-02
  0.67083100E+02  0.27673697E-02  0.27673697E-02
  0.67150400E+02  0.27637509E-02  0.27637509E-02
  0.67217700E+02  0.27509542E-02  0.27509542E-02
