#K-Path     Band-1    Band-2    Band-3    Band-4      ...     Band-n
  0.0000  -19.9595  -17.6711  -17.6711  -13.4020  -13.4020  -13.4020  -13.3760  -13.3760   -5.7578   -5.7578   -5.7578   -2.1078   -2.1078   -2.1078   -1.9402   -1.9402   -1.9402   -1.5710   -1.5710   -1.5710   -1.5628   -0.4959   -0.4959   10.9026
  0.0454  -19.9541  -17.6726  -17.6701  -13.4029  -13.4029  -13.4019  -13.3775  -13.3754   -5.7714   -5.7538   -5.7538   -2.1809   -2.1809   -2.1096   -1.9403   -1.8918   -1.8918   -1.7810   -1.5436   -1.5436   -1.3855   -0.4959   -0.4355   10.6425
  0.0908  -19.9407  -17.6773  -17.6673  -13.4054  -13.4054  -13.4018  -13.3820  -13.3737   -5.8112   -5.7418   -5.7418   -2.3120   -2.3120   -2.1148   -2.0328   -1.9403   -1.8318   -1.8318   -1.4657   -1.4657   -1.2295   -0.4957   -0.2782   10.2796
  0.1363  -19.9208  -17.6851  -17.6626  -13.4097  -13.4097  -13.4015  -13.3893  -13.3710   -5.8737   -5.7222   -5.7222   -2.4564   -2.4564   -2.3097   -2.1234   -1.9405   -1.7928   -1.7928   -1.3554   -1.3554   -1.0718   -0.4958   -0.0671    9.9058
  0.1817  -19.8944  -17.6963  -17.6562  -13.4155  -13.4155  -13.4011  -13.3994  -13.3672   -5.9538   -5.6949   -5.6949   -2.6058   -2.6058   -2.6012   -2.1350   -1.9407   -1.7678   -1.7678   -1.2282   -1.2282   -0.8950   -0.4958    0.1664    9.5270
  0.2271  -19.8579  -17.7108  -17.6476  -13.4226  -13.4226  -13.4118  -13.4006  -13.3626   -6.0454   -5.6601   -5.6601   -2.8942   -2.7552   -2.7552   -2.1466   -1.9409   -1.7430   -1.7430   -1.0912   -1.0912   -0.6934   -0.4958    0.4078    9.1479
  0.2725  -19.8157  -17.7287  -17.6388  -13.4308  -13.4308  -13.4264  -13.4000  -13.3571   -6.1428   -5.6182   -5.6182   -3.1884   -2.9047   -2.9047   -2.1668   -1.9412   -1.7207   -1.7207   -0.9563   -0.9563   -0.4959   -0.4695    0.6451    8.7696
  0.3180  -19.7670  -17.7510  -17.6284  -13.4428  -13.4399  -13.4399  -13.3994  -13.3511   -6.2420   -5.5697   -5.5697   -3.4785   -3.0527   -3.0527   -2.1854   -1.9415   -1.6994   -1.6994   -0.8240   -0.8240   -0.4960   -0.2270    0.8746    8.3914
  0.3634  -19.7130  -17.7766  -17.6155  -13.4604  -13.4497  -13.4497  -13.3987  -13.3446   -6.3372   -5.5134   -5.5134   -3.7626   -3.1974   -3.1974   -2.2023   -1.9418   -1.6789   -1.6789   -0.6963   -0.6963   -0.4959    0.0308    1.0935    8.0152
  0.4088  -19.6535  -17.8070  -17.6036  -13.4788  -13.4599  -13.4599  -13.3980  -13.3378   -6.4258   -5.4525   -5.4525   -4.0378   -3.3405   -3.3405   -2.2227   -1.9421   -1.6561   -1.6561   -0.5756   -0.5756   -0.4960    0.3005    1.2985    7.6417
  0.4542  -19.5898  -17.8411  -17.5914  -13.4977  -13.4701  -13.4701  -13.3973  -13.3310   -6.5040   -5.3861   -5.3861   -4.3021   -3.4807   -3.4807   -2.2430   -1.9425   -1.6334   -1.6334   -0.4961   -0.4627   -0.4627    0.5759    1.4897    7.2738
  0.4997  -19.5232  -17.8787  -17.5793  -13.5164  -13.4802  -13.4802  -13.3966  -13.3242   -6.5695   -5.3145   -5.3145   -4.5540   -3.6176   -3.6176   -2.2643   -1.9428   -1.6108   -1.6108   -0.4963   -0.3584   -0.3584    0.8532    1.6679    6.9120
  0.5451  -19.4549  -17.9193  -17.5676  -13.5345  -13.4898  -13.4898  -13.3959  -13.3176   -6.6211   -5.2379   -5.2379   -4.7900   -3.7510   -3.7510   -2.2835   -1.9431   -1.5890   -1.5890   -0.4964   -0.2646   -0.2646    1.1258    1.8353    6.5582
  0.5905  -19.3868  -17.9620  -17.5567  -13.5513  -13.4987  -13.4987  -13.3953  -13.3116   -6.6577   -5.1568   -5.1568   -5.0084   -3.8809   -3.8809   -2.3009   -1.9434   -1.5684   -1.5684   -0.4965   -0.1816   -0.1816    1.3841    1.9979    6.2144
  0.6359  -19.3207  -18.0052  -17.5468  -13.5665  -13.5066  -13.5066  -13.3947  -13.3061   -6.6795   -5.2064   -5.0713   -5.0713   -4.0070   -4.0070   -2.3164   -1.9437   -1.5497   -1.5497   -0.4966   -0.1102   -0.1102    1.6135    2.1658    5.8841
  0.6814  -19.2587  -18.0470  -17.5382  -13.5796  -13.5134  -13.5134  -13.3943  -13.3014   -6.6878   -5.3801   -4.9818   -4.9818   -4.1295   -4.1295   -2.3295   -1.9439   -1.5326   -1.5326   -0.4966   -0.0506   -0.0506    1.7976    2.3515    5.5726
  0.7268  -19.2059  -18.0849  -17.5312  -13.5902  -13.5188  -13.5188  -13.3939  -13.2976   -6.6853   -5.5283   -4.8884   -4.8884   -4.2483   -4.2483   -2.3399   -1.9441   -1.5196   -1.5196   -0.4967   -0.0041   -0.0041    1.9285    2.5442    5.2883
  0.7722  -19.1637  -18.1157  -17.5260  -13.5980  -13.5229  -13.5229  -13.3936  -13.2948   -6.6763   -5.6409   -4.7913   -4.7913   -4.3634   -4.3634   -2.3473   -1.9442   -1.5098   -1.5098   -0.4967    0.0294    0.0294    2.0130    2.7302    5.0493
  0.8176  -19.1365  -18.1359  -17.5228  -13.6028  -13.5253  -13.5253  -13.3934  -13.2931   -6.6669   -5.7128   -4.6908   -4.6908   -4.4746   -4.4746   -2.3516   -1.9443   -1.5038   -1.5038   -0.4967    0.0497    0.0497    2.0600    2.8697    4.8818
  0.8631  -19.1270  -18.1419  -17.5196  -13.6044  -13.5261  -13.5261  -13.3933  -13.2925   -6.6621   -5.7376   -4.5968   -4.5968   -4.5694   -4.5694   -2.3460   -1.9443   -1.5016   -1.5016   -0.4965    0.0574    0.0574    2.0773    2.9228    4.8202
  0.8631  -19.1270  -18.1419  -17.5196  -13.6044  -13.5261  -13.5261  -13.3933  -13.2925   -6.6621   -5.7376   -4.5968   -4.5968   -4.5694   -4.5694   -2.3460   -1.9443   -1.5016   -1.5016   -0.4965    0.0574    0.0574    2.0773    2.9228    4.8202
  0.9085  -19.1236  -18.1416  -17.5235  -13.6036  -13.5260  -13.5239  -13.3942  -13.2931   -6.6630   -5.7663   -4.6180   -4.5975   -4.5668   -4.5485   -2.3410   -1.9905   -1.5421   -1.4552   -0.4597    0.0519    0.0572    2.0888    2.9241    4.8383
  0.9539  -19.1135  -18.1373  -17.5287  -13.6013  -13.5258  -13.5174  -13.3967  -13.2947   -6.6632   -5.8450   -4.6741   -4.5933   -4.5572   -4.4906   -2.3061   -2.0955   -1.6479   -1.3492   -0.3648    0.0387    0.0596    2.1296    2.9280    4.8924
  0.9993  -19.0968  -18.1302  -17.5374  -13.5975  -13.5255  -13.5067  -13.4009  -13.2973   -6.6637   -5.9587   -4.7633   -4.5863   -4.5414   -4.4113   -2.2484   -2.2220   -1.7923   -1.2211   -0.2409    0.0171    0.0636    2.1976    2.9341    4.9805
  1.0448  -19.0739  -18.1206  -17.5493  -13.5924  -13.5250  -13.4922  -13.4065  -13.3008   -6.6647   -6.0935   -4.8806   -4.5765   -4.5199   -4.3241   -2.3552   -2.1689   -1.9589   -1.0859   -0.1096   -0.0126    0.0692    2.2931    2.9422    5.0997
  1.0902  -19.0446  -18.1084  -17.5645  -13.5863  -13.5243  -13.4742  -13.4135  -13.3051   -6.6665   -6.2389   -5.0192   -4.5635   -4.4928   -4.2376   -2.4900   -2.1321   -2.0694   -0.9478   -0.0491    0.0166    0.0764    2.4140    2.9512    5.2457
  1.1356  -19.0099  -18.0943  -17.5827  -13.5795  -13.5236  -13.4533  -13.4215  -13.3099   -6.6697   -6.3880   -5.1726   -4.5476   -4.4615   -4.1577   -2.6239   -2.3089   -1.9526   -0.8129   -0.0914    0.0848    0.1308    2.5578    2.9619    5.4136
  1.1810  -18.9702  -18.0786  -17.6045  -13.5723  -13.5228  -13.4305  -13.4300  -13.3150   -6.6751   -6.5363   -5.3351   -4.5287   -4.4267   -4.0864   -2.7552   -2.4855   -1.8226   -0.6819   -0.1392    0.0944    0.2298    2.7206    2.9729    5.5989
  1.2265  -18.9259  -18.0615  -17.6286  -13.5651  -13.5220  -13.4401  -13.4049  -13.3201   -6.6835   -6.6799   -5.4978   -4.5065   -4.3890   -4.0239   -2.8836   -2.6581   -1.6834   -0.5556   -0.1899    0.1050    0.3139    2.8966    2.9841    5.7960
  1.2719  -18.8776  -18.0432  -17.6550  -13.5584  -13.5211  -13.4501  -13.3789  -13.3248   -6.8163   -6.6962   -5.6548   -4.4809   -4.3495   -3.9694   -3.0079   -2.8243   -1.5378   -0.4355   -0.2425    0.1164    0.3837    2.9958    3.0816    6.0005
  1.3173  -18.8268  -18.0253  -17.6847  -13.5525  -13.5202  -13.4602  -13.3525  -13.3290   -6.9447   -6.7161   -5.8015   -4.4525   -4.3094   -3.9243   -3.1278   -2.9838   -1.3934   -0.3230   -0.2968    0.1281    0.4406    3.0051    3.2662    6.2058
  1.3627  -18.7738  -18.0068  -17.7152  -13.5478  -13.5193  -13.4700  -13.3322  -13.3265   -7.0620   -6.7433   -5.9302   -4.4199   -4.2695   -3.8851   -3.2429   -3.1316   -1.2500   -0.3498   -0.2189    0.1404    0.4870    3.0142    3.4479    6.4087
  1.4082  -18.7198  -17.9886  -17.7467  -13.5444  -13.5184  -13.4794  -13.3343  -13.3017   -7.1678   -6.7797   -6.0373   -4.3834   -4.2310   -3.8517   -3.3528   -3.2675   -1.1116   -0.4000   -0.1243    0.1528    0.5245    3.0221    3.6221    6.6047
  1.4536  -18.6661  -17.9718  -17.7795  -13.5424  -13.5176  -13.4882  -13.3354  -13.2786   -7.2611   -6.8251   -6.1213   -4.3435   -4.1951   -3.8238   -3.4572   -3.3893   -0.9860   -0.4476   -0.0403    0.1645    0.5543    3.0291    3.7805    6.7862
  1.4990  -18.6134  -17.9566  -17.8135  -13.5416  -13.5169  -13.4959  -13.3356  -13.2579   -7.3415   -6.8767   -6.1829   -4.3006   -4.1629   -3.8005   -3.5555   -3.4951   -0.8740   -0.4905    0.0332    0.1755    0.5776    3.0347    3.9221    6.9502
  1.5444  -18.5651  -17.9431  -17.8445  -13.5417  -13.5163  -13.5026  -13.3350  -13.2401   -7.4075   -6.9280   -6.2252   -4.2530   -4.1349   -3.7818   -3.6481   -3.5830   -0.7772   -0.5271    0.0936    0.1851    0.5961    3.0403    4.0425    7.0927
  1.5899  -18.5232  -17.9327  -17.8735  -13.5423  -13.5158  -13.5080  -13.3341  -13.2259   -7.4594   -6.9745   -6.2536   -4.2029   -4.1125   -3.7676   -3.7350   -3.6546   -0.7010   -0.5576    0.1409    0.1923    0.6094    3.0437    4.1369    7.2067
  1.6353  -18.4898  -17.9249  -17.8969  -13.5431  -13.5154  -13.5119  -13.3332  -13.2154   -7.4968   -7.0108   -6.2711   -4.1512   -4.0959   -3.8120   -3.7565   -3.7072   -0.6454   -0.5801    0.1756    0.1985    0.6186    3.0465    4.2054    7.2899
  1.6807  -18.4676  -17.9198  -17.9125  -13.5437  -13.5152  -13.5143  -13.3326  -13.2089   -7.5191   -7.0336   -6.2804   -4.1044   -4.0856   -3.8735   -3.7501   -3.7376   -0.6112   -0.5934    0.1967    0.2025    0.6243    3.0491    4.2477    7.3423
  1.7261  -18.4599  -17.9182  -17.9182  -13.5439  -13.5151  -13.5151  -13.3323  -13.2068   -7.5266   -7.0416   -6.2834   -4.0822   -4.0822   -3.9009   -3.7481   -3.7481   -0.6002   -0.5975    0.2037    0.2037    0.6261    3.0496    4.2619    7.3597
  1.7261  -18.4599  -17.9182  -17.9182  -13.5439  -13.5151  -13.5151  -13.3323  -13.2068   -7.5266   -7.0416   -6.2834   -4.0822   -4.0822   -3.9009   -3.7481   -3.7481   -0.6002   -0.5975    0.2037    0.2037    0.6261    3.0496    4.2619    7.3597
  1.7904  -18.4754  -17.9166  -17.9123  -13.5435  -13.5145  -13.5144  -13.3328  -13.2111   -7.5120   -7.0258   -6.2776   -4.1339   -4.0758   -3.8529   -3.7408   -3.7396   -0.6166   -0.5952    0.1940    0.1963    0.6223    3.0474    4.2335    7.3337
  1.8546  -18.5196  -17.9119  -17.8947  -13.5422  -13.5124  -13.5120  -13.3342  -13.2234   -7.4703   -6.9747   -6.2604   -4.2312   -4.0565   -3.7644   -3.7190   -3.7118   -0.6644   -0.5886    0.1673    0.1742    0.6115    3.0426    4.1499    7.2632
  1.9189  -18.5871  -17.9036  -17.8691  -13.5405  -13.5091  -13.5082  -13.3365  -13.2424   -7.4089   -6.8824   -6.2318   -4.3410   -4.0239   -3.6826   -3.6673   -3.6655   -0.7378   -0.5797    0.1239    0.1377    0.5934    3.0285    4.0172    7.1629
  1.9831  -18.6746  -17.8939  -17.8406  -13.5388  -13.5045  -13.5030  -13.3396  -13.2660   -7.3361   -6.7434   -6.1951   -4.4577   -3.9795   -3.6334   -3.6096   -3.5688   -0.8431   -0.5716    0.0646    0.0861    0.5667    2.9953    3.8313    7.0476
  2.0473  -18.7766  -17.8804  -17.8086  -13.5376  -13.4987  -13.4966  -13.3431  -13.2913   -7.2560   -6.5532   -6.1487   -4.5774   -3.9223   -3.5709   -3.5379   -3.4692   -0.9621   -0.5677   -0.0099    0.0205    0.5319    2.9307    3.6089    6.9547
  2.1116  -18.8886  -17.8655  -17.7785  -13.5371  -13.4920  -13.4891  -13.3471  -13.3160   -7.1694   -6.3179   -6.0969   -4.7000   -3.8528   -3.4960   -3.4604   -3.3670   -1.0981   -0.5728   -0.0956   -0.0591    0.4874    2.8195    3.3495    6.9059
  2.1758  -19.0070  -17.8490  -17.7503  -13.5372  -13.4843  -13.4809  -13.3513  -13.3376   -7.0754   -6.0424   -6.0407   -4.8239   -3.7716   -3.4103   -3.3751   -3.2625   -1.2385   -0.5897   -0.1920   -0.1534    0.4325    2.6479    3.0638    6.9300
  2.2401  -19.1278  -17.8290  -17.7247  -13.5369  -13.4758  -13.4720  -13.3554  -13.3547   -6.9697   -5.9831   -5.7324   -4.9461   -3.6768   -3.3105   -3.2834   -3.1546   -1.3781   -0.6217   -0.2969   -0.2580    0.3679    2.4159    2.7570    7.0418
  2.3043  -19.2490  -17.8091  -17.7037  -13.5350  -13.4668  -13.4627  -13.3671  -13.3594   -6.8546   -5.9282   -5.3958   -5.0661   -3.5715   -3.1995   -3.1871   -3.0440   -1.5143   -0.6711   -0.4094   -0.3765    0.2913    2.1240    2.4325    7.2415
  2.3685  -19.3671  -17.7887  -17.6872  -13.5296  -13.4574  -13.4534  -13.3755  -13.3631   -6.7294   -5.8777   -5.1826   -5.0384   -3.4551   -3.0855   -3.0754   -2.9304   -1.6384   -0.7390   -0.5283   -0.5064    0.2027    1.7875    2.0971    7.5207
  2.4328  -19.4788  -17.7687  -17.6750  -13.5196  -13.4481  -13.4441  -13.3808  -13.3663   -6.5957   -5.8351   -5.2922   -4.6657   -3.3284   -2.9779   -2.9359   -2.8127   -1.7488   -0.8255   -0.6507   -0.6481    0.1014    1.4228    1.7552    7.8650
  2.4970  -19.5832  -17.7484  -17.6670  -13.5048  -13.4389  -13.4354  -13.3840  -13.3689   -6.4552   -5.8001   -5.3935   -4.2844   -3.1923   -2.8623   -2.7822   -2.6935   -1.8417   -0.9296   -0.7992   -0.7776   -0.0139    1.0459    1.4096    8.2590
  2.5613  -19.6775  -17.7294  -17.6624  -13.4859  -13.4301  -13.4272  -13.3856  -13.3711   -6.3125   -5.7760   -5.4847   -3.8979   -3.0462   -2.7384   -2.6129   -2.5716   -1.9174   -1.0484   -0.9581   -0.9069   -0.1456    0.6745    1.0651    8.6844
  2.6255  -19.7601  -17.7129  -17.6614  -13.4645  -13.4222  -13.4199  -13.3862  -13.3728   -6.1731   -5.7621   -5.5649   -3.5160   -2.8921   -2.6066   -2.4479   -2.4292   -1.9754   -1.1831   -1.1243   -1.0377   -0.2992    0.3249    0.7257    9.1238
  2.6898  -19.8295  -17.6985  -17.6628  -13.4430  -13.4153  -13.4137  -13.3859  -13.3741   -6.0419   -5.7550   -5.6325   -3.1452   -2.7310   -2.4632   -2.3237   -2.2361   -2.0158   -1.3288   -1.2965   -1.1683   -0.4847    0.0214    0.3964    9.4787
  2.7540  -19.8847  -17.6871  -17.6658  -13.4241  -13.4096  -13.4087  -13.3846  -13.3750   -5.9271   -5.7543   -5.6869   -2.7957   -2.5640   -2.3039   -2.2009   -2.0957   -1.9820   -1.4824   -1.4727   -1.2964   -0.7156   -0.2128    0.0854    9.8202
  2.8182  -19.9249  -17.6783  -17.6686  -13.4107  -13.4054  -13.4050  -13.3817  -13.3756   -5.8364   -5.7554   -5.7261   -2.4854   -2.3928   -2.1150   -2.0950   -2.0834   -1.8043   -1.6501   -1.6375   -1.4184   -0.9855   -0.3715   -0.1941   10.1892
  2.8825  -19.9501  -17.6729  -17.6704  -13.4038  -13.4029  -13.4028  -13.3778  -13.3759   -5.7779   -5.7570   -5.7498   -2.2404   -2.2234   -2.1044   -1.9852   -1.9157   -1.8234   -1.7549   -1.6409   -1.5235   -1.2748   -0.4646   -0.4088   10.5821
  2.9467  -19.9595  -17.6711  -17.6711  -13.4020  -13.4020  -13.4020  -13.3760  -13.3760   -5.7578   -5.7578   -5.7578   -2.1078   -2.1078   -2.1078   -1.9402   -1.9402   -1.9402   -1.5710   -1.5710   -1.5710   -1.5628   -0.4959   -0.4959   10.9026
  2.9467  -19.9595  -17.6711  -17.6711  -13.4020  -13.4020  -13.4020  -13.3760  -13.3760   -5.7578   -5.7578   -5.7578   -2.1078   -2.1078   -2.1078   -1.9402   -1.9402   -1.9402   -1.5710   -1.5710   -1.5710   -1.5628   -0.4959   -0.4959   10.9026
  3.0254  -19.9454  -17.6720  -17.6720  -13.4038  -13.4038  -13.4038  -13.3772  -13.3772   -5.7844   -5.7531   -5.7531   -2.2715   -2.2715   -2.0991   -2.0703   -1.8171   -1.8171   -1.7822   -1.6037   -1.6037   -1.1813   -0.4085   -0.4085   10.5786
  3.1041  -19.9087  -17.6746  -17.6746  -13.4109  -13.4109  -13.4090  -13.3786  -13.3786   -5.8603   -5.7408   -5.7408   -2.5185   -2.5185   -2.4009   -2.0730   -1.8297   -1.8297   -1.7930   -1.5219   -1.5219   -0.7569   -0.1933   -0.1933   10.1855
  3.1827  -19.8499  -17.6786  -17.6786  -13.4248  -13.4248  -13.4169  -13.3771  -13.3771   -5.9746   -5.7244   -5.7244   -2.7933   -2.7933   -2.7625   -2.0300   -1.9578   -1.9578   -1.7577   -1.3371   -1.3371   -0.2990    0.0845    0.0845    9.8238
  3.2614  -19.7669  -17.6857  -17.6857  -13.4433  -13.4433  -13.4267  -13.3728  -13.3728   -6.1140   -5.7112   -5.7111   -3.1345   -3.0948   -3.0948   -2.0601   -2.0601   -1.9712   -1.7028   -1.1529   -1.1529    0.1850    0.3947    0.3947    9.3734
  3.3401  -19.6643  -17.6956  -17.6956  -13.4630  -13.4630  -13.4369  -13.3663  -13.3663   -6.2648   -5.7069   -5.7069   -3.5179   -3.4159   -3.4159   -2.1184   -2.1184   -1.8993   -1.6335   -0.9817   -0.9817    0.6840    0.7201    0.7201    8.7185
  3.4188  -19.5431  -17.7083  -17.7083  -13.4807  -13.4807  -13.4460  -13.3581  -13.3581   -6.4154   -5.7175   -5.7175   -3.9116   -3.7501   -3.7501   -2.1244   -2.1244   -1.8110   -1.5527   -0.8275   -0.8275    1.0555    1.0555    1.1785    8.0460
  3.4975  -19.4060  -17.7248  -17.7248  -13.4936  -13.4936  -13.4521  -13.3484  -13.3484   -6.5593   -5.7475   -5.7475   -4.3120   -4.0884   -4.0884   -2.0804   -2.0804   -1.7128   -1.4621   -0.6922   -0.6922    1.3952    1.3952    1.6397    7.4031
  3.5761  -19.2556  -17.7443  -17.7443  -13.4996  -13.4996  -13.4533  -13.3374  -13.3374   -6.6894   -5.7959   -5.7959   -4.7143   -4.4256   -4.4256   -1.9902   -1.9902   -1.6065   -1.3640   -0.5766   -0.5766    1.7361    1.7361    2.0243    6.8516
  3.6548  -19.0976  -17.7666  -17.7666  -13.4974  -13.4974  -13.4481  -13.3252  -13.3252   -6.8038   -5.8623   -5.8623   -5.1124   -4.7553   -4.7553   -1.8661   -1.8661   -1.4923   -1.2614   -0.4790   -0.4790    2.0725    2.0725    2.2555    6.4712
  3.7335  -18.9334  -17.7917  -17.7917  -13.4865  -13.4865  -13.4352  -13.3120  -13.3120   -6.9024   -5.9441   -5.9441   -5.4992   -5.0702   -5.0702   -1.7142   -1.7142   -1.3707   -1.1572   -0.3990   -0.3990    2.2655    2.4049    2.4049    6.3396
  3.8122  -18.7685  -17.8184  -17.8184  -13.4677  -13.4677  -13.4139  -13.2976  -13.2976   -6.9852   -6.0397   -6.0397   -5.8649   -5.3624   -5.3624   -1.5470   -1.5470   -1.2518   -1.0551   -0.3336   -0.3336    2.0504    2.7261    2.7261    6.4686
  3.8909  -18.6072  -17.8449  -17.8449  -13.4427  -13.4427  -13.3845  -13.2818  -13.2818   -7.0579   -6.1983   -6.1505   -6.1505   -5.6200   -5.6200   -1.3727   -1.3727   -1.1341   -0.9594   -0.2799   -0.2799    1.6837    3.0339    3.0339    6.7898
  3.9695  -18.4559  -17.8721  -17.8721  -13.4143  -13.4143  -13.3482  -13.2644  -13.2644   -7.1320   -6.4865   -6.2812   -6.2812   -5.8323   -5.8323   -1.2059   -1.2059   -1.0250   -0.8754   -0.2373   -0.2373    1.2531    3.3202    3.3202    7.2174
  4.0482  -18.3171  -17.8976  -17.8976  -13.3858  -13.3858  -13.3073  -13.2450  -13.2450   -7.2266   -6.7003   -6.4303   -6.4303   -5.9903   -5.9903   -1.0528   -1.0528   -0.9249   -0.8099   -0.2025   -0.2025    0.8287    3.5818    3.5818    7.6914
  4.1269  -18.1967  -17.9199  -17.9199  -13.3607  -13.3607  -13.2652  -13.2237  -13.2237   -7.3556   -6.8269   -6.5829   -6.5829   -6.1005   -6.1005   -0.9190   -0.9190   -0.8366   -0.7717   -0.1738   -0.1738    0.4555    3.8124    3.8124    8.1678
  4.2056  -18.0977  -17.9381  -17.9381  -13.3411  -13.3411  -13.2261  -13.2021  -13.2021   -7.4969   -6.8838   -6.7196   -6.7196   -6.1767   -6.1767   -0.8084   -0.8084   -0.7710   -0.7655   -0.1501   -0.1501    0.1715    4.0053    4.0053    8.6178
  4.2842  -18.0242  -17.9520  -17.9520  -13.3276  -13.3276  -13.1940  -13.1832  -13.1832   -7.6161   -6.9053   -6.8251   -6.8251   -6.2276   -6.2276   -0.8085   -0.7301   -0.7301   -0.7119   -0.1320   -0.1320   -0.0066    4.1498    4.1498    9.0003
  4.3629  -17.9800  -17.9615  -17.9615  -13.3199  -13.3199  -13.1730  -13.1703  -13.1703   -7.6946   -6.9130   -6.8923   -6.8923   -6.2576   -6.2576   -0.8578   -0.6847   -0.6847   -0.6821   -0.1204   -0.1204   -0.0925    4.2380    4.2380    9.2630
  4.4416  -17.9649  -17.9649  -17.9649  -13.3173  -13.3173  -13.1657  -13.1657  -13.1657   -7.7213   -6.9149   -6.9149   -6.9149   -6.2679   -6.2679   -0.8798   -0.6713   -0.6713   -0.6713   -0.1163   -0.1163   -0.1163    4.2673    4.2673    9.3587
  4.4416  -17.9649  -17.9649  -17.9649  -13.3173  -13.3173  -13.1657  -13.1657  -13.1657   -7.7213   -6.9149   -6.9149   -6.9149   -6.2679   -6.2679   -0.8798   -0.6713   -0.6713   -0.6713   -0.1163   -0.1163   -0.1163    4.2673    4.2673    9.3587
  4.5058  -17.9744  -17.9643  -17.9623  -13.3197  -13.3183  -13.1709  -13.1695  -13.1677   -7.7035   -6.9170   -6.9027   -6.8940   -6.2647   -6.2581   -0.8647   -0.6858   -0.6798   -0.6767   -0.1228   -0.1173   -0.0988    4.2367    4.2570    9.3070
  4.5701  -18.0013  -17.9618  -17.9536  -13.3268  -13.3214  -13.1856  -13.1807  -13.1738   -7.6509   -6.9216   -6.8663   -6.8309   -6.2533   -6.2278   -0.8285   -0.7253   -0.7010   -0.6912   -0.1418   -0.1194   -0.0380    4.1494    4.2291    9.1655
  4.6343  -18.0458  -17.9590  -17.9402  -13.3382  -13.3273  -13.2075  -13.1985  -13.1839   -7.5678   -6.9288   -6.8057   -6.7288   -6.2323   -6.1791   -0.8198   -0.7931   -0.7196   -0.7136   -0.1731   -0.1216    0.0814    4.0051    4.1793    8.9535
  4.6986  -18.1065  -17.9574  -17.9231  -13.3535  -13.3376  -13.2324  -13.2217  -13.1979   -7.4609   -6.9361   -6.7234   -6.5952   -6.1929   -6.1129   -0.9035   -0.8875   -0.7630   -0.6699   -0.2163   -0.1224    0.2690    3.8091    4.1083    8.7761
  4.7628  -18.1803  -17.9567  -17.9009  -13.3721  -13.3543  -13.2551  -13.2490  -13.2155   -7.3372   -6.9403   -6.6198   -6.4500   -6.1124   -6.0291   -1.0404   -0.9994   -0.8202   -0.6107   -0.2701   -0.1200    0.5215    3.5726    4.0194    8.4193
  4.8270  -18.2644  -17.9578  -17.8743  -13.3932  -13.3772  -13.2787  -13.2719  -13.2363   -7.2046   -6.9375   -6.4970   -6.3285   -5.9548   -5.9284   -1.2151   -1.1230   -0.8951   -0.5499   -0.3334   -0.1140    0.8265    3.3028    3.9109    8.1468
  4.8913  -18.3543  -17.9614  -17.8446  -13.4159  -13.4030  -13.3097  -13.2831  -13.2602   -7.0726   -6.9250   -6.3565   -6.2337   -5.8140   -5.7118   -1.4213   -1.2542   -0.9847   -0.4878   -0.4043   -0.1036    1.1672    3.0068    3.7872    7.9108
  4.9555  -18.4489  -17.9685  -17.8114  -13.4396  -13.4268  -13.3406  -13.2906  -13.2864   -6.9532   -6.9010   -6.2003   -6.1363   -5.6866   -5.4145   -1.6561   -1.3842   -1.0885   -0.4828   -0.4252   -0.0895    1.5218    2.6916    3.6476    7.5893
  5.0198  -18.5453  -17.9806  -17.7776  -13.4636  -13.4451  -13.3707  -13.3147  -13.2960   -6.8631   -6.8560   -6.0322   -6.0167   -5.5520   -5.0805   -1.9175   -1.5150   -1.2062   -0.5671   -0.3634   -0.0731    1.8693    2.3578    3.4942    7.2576
  5.0840  -18.6402  -17.9959  -17.7415  -13.4871  -13.4561  -13.3990  -13.3442  -13.2999   -6.8079   -6.7839   -5.8689   -5.8538   -5.4102   -4.7204   -2.2006   -1.6295   -1.3343   -0.6555   -0.3017   -0.0549    2.0162    2.1906    3.3273    6.9193
  5.1482  -18.7326  -18.0152  -17.7051  -13.5095  -13.4592  -13.4252  -13.3741  -13.3028   -6.7358   -6.7355   -5.6970   -5.6691   -5.2672   -4.3449   -2.5010   -1.7283   -1.4718   -0.7475   -0.2409   -0.0366    1.6671    2.4602    3.1512    6.5808
  5.2125  -18.8178  -18.0359  -17.6682  -13.5303  -13.4553  -13.4486  -13.4038  -13.3046   -6.7047   -6.6428   -5.5081   -5.4806   -5.1264   -3.9601   -2.8111   -1.7991   -1.6131   -0.8415   -0.1809   -0.0173    1.3190    2.6667    2.9723    6.2487
  5.2767  -18.8957  -18.0585  -17.6342  -13.5491  -13.4691  -13.4460  -13.4321  -13.3053   -6.6857   -6.5303   -5.3164   -5.2932   -4.9947   -3.5774   -3.1285   -1.8383   -1.7593   -0.9384   -0.1255    0.0002    0.9747    2.7902    2.8054    5.9273
  5.3410  -18.9640  -18.0802  -17.6019  -13.5655  -13.4865  -13.4583  -13.4336  -13.3047   -6.6744   -6.3975   -5.1289   -5.1114   -4.8750   -3.4453   -3.2037   -1.9030   -1.8403   -1.0365   -0.0741    0.0164    0.6395    2.6126    2.8857    5.6280
  5.4052  -19.0211  -18.1006  -17.5747  -13.5793  -13.5008  -13.4813  -13.4205  -13.3028   -6.6680   -6.2475   -4.9570   -4.9423   -4.7755   -3.7549   -2.8493   -2.0406   -1.8039   -1.1365   -0.0292    0.0303    0.3194    2.4458    2.9235    5.3602
  5.4694  -19.0664  -18.1180  -17.5523  -13.5902  -13.5119  -13.5002  -13.4089  -13.2998   -6.6649   -6.0856   -4.8094   -4.7933   -4.6976   -4.0467   -2.5254   -2.1638   -1.7308   -1.2387    0.0075    0.0236    0.0418    2.2979    2.9335    5.1352
  5.5337  -19.1000  -18.1317  -17.5356  -13.5981  -13.5198  -13.5144  -13.4003  -13.2964   -6.6636   -5.9246   -4.6957   -4.6748   -4.6424   -4.3043   -2.2635   -2.2478   -1.6352   -1.3457   -0.2337    0.0341    0.0498    2.1791    2.9308    4.9636
  5.5979  -19.1203  -18.1401  -17.5252  -13.6028  -13.5245  -13.5232  -13.3951  -13.2936   -6.6630   -5.7925   -4.6236   -4.6097   -4.5973   -4.4954   -2.3295   -2.0357   -1.5430   -1.4483   -0.4231    0.0507    0.0547    2.1021    2.9253    4.8565
  5.6622  -19.1270  -18.1419  -17.5196  -13.6044  -13.5261  -13.5261  -13.3933  -13.2925   -6.6621   -5.7376   -4.5968   -4.5968   -4.5694   -4.5694   -2.3460   -1.9443   -1.5016   -1.5016   -0.4965    0.0574    0.0574    2.0773    2.9228    4.8202
  5.6622  -17.9649  -17.9649  -17.9649  -13.3173  -13.3173  -13.1657  -13.1657  -13.1657   -7.7213   -6.9149   -6.9149   -6.9149   -6.2679   -6.2679   -0.8798   -0.6713   -0.6713   -0.6713   -0.1163   -0.1163   -0.1163    4.2673    4.2673    9.3587
  5.7076  -17.9686  -17.9646  -17.9646  -13.3189  -13.3174  -13.1683  -13.1683  -13.1660   -7.7124   -6.9203   -6.9044   -6.9044   -6.2680   -6.2613   -0.8721   -0.6787   -0.6787   -0.6708   -0.1194   -0.1194   -0.1051    4.2469    4.2672    9.3370
  5.7530  -17.9794  -17.9635  -17.9635  -13.3235  -13.3177  -13.1761  -13.1761  -13.1669   -7.6858   -6.9362   -6.8727   -6.8727   -6.2684   -6.2411   -0.8504   -0.7016   -0.7016   -0.6694   -0.1272   -0.1272   -0.0702    4.1868    4.2671    9.2759
  5.7984  -17.9965  -17.9610  -17.9610  -13.3311  -13.3182  -13.1887  -13.1887  -13.1684   -7.6441   -6.9613   -6.8206   -6.8206   -6.2680   -6.2043   -0.8189   -0.7397   -0.7397   -0.6648   -0.1360   -0.1360   -0.0088    4.0915    4.2689    9.1793
  5.8439  -18.0208  -17.9591  -17.9591  -13.3415  -13.3189  -13.2059  -13.2059  -13.1705   -7.5899   -6.9954   -6.7489   -6.7489   -6.2688   -6.1531   -0.8060   -0.8060   -0.7829   -0.6618   -0.1414   -0.1414    0.0824    3.9543    4.2685    9.0547
  5.8893  -18.0505  -17.9566  -17.9566  -13.3543  -13.3197  -13.2268  -13.2268  -13.1730   -7.5269   -7.0364   -6.6580   -6.6580   -6.2697   -6.0833   -0.8982   -0.8982   -0.7475   -0.6580   -0.1398   -0.1398    0.2061    3.7831    4.2680    8.9116
  5.9347  -18.0843  -17.9534  -17.9534  -13.3692  -13.3207  -13.2509  -13.2509  -13.1758   -7.4585   -7.0817   -6.5477   -6.5477   -6.2696   -5.9928   -1.0178   -1.0178   -0.7160   -0.6489   -0.1304   -0.1304    0.3629    3.5778    4.2719    8.7591
  5.9801  -18.1219  -17.9502  -17.9502  -13.3857  -13.3218  -13.2774  -13.2774  -13.1790   -7.3909   -7.1311   -6.4208   -6.4208   -6.2709   -5.8787   -1.1611   -1.1611   -0.6899   -0.6441   -0.1122   -0.1122    0.5501    3.3491    4.2712    8.5984
  6.0256  -18.1618  -17.9467  -17.9467  -13.4035  -13.3230  -13.3054  -13.3054  -13.1823   -7.3270   -7.1821   -6.2774   -6.2774   -6.2722   -5.7405   -1.3266   -1.3266   -0.6688   -0.6388   -0.0870   -0.0870    0.7640    3.0978    4.2705    8.4366
  6.0710  -18.2025  -17.9429  -17.9429  -13.4219  -13.3343  -13.3343  -13.3242  -13.1858   -7.2693   -7.2334   -6.2736   -6.1182   -6.1182   -5.5778   -1.5107   -1.5107   -0.6521   -0.6331   -0.0555   -0.0555    0.9998    2.8297    4.2700    8.2767
  6.1164  -18.2434  -17.9392  -17.9392  -13.4407  -13.3630  -13.3630  -13.3254  -13.1892   -7.2830   -7.2191   -6.2749   -5.9452   -5.9452   -5.3946   -1.7123   -1.7123   -0.6389   -0.6275   -0.0215   -0.0215    1.2526    2.5471    4.2693    8.1229
  6.1618  -18.2826  -17.9348  -17.9348  -13.4591  -13.3909  -13.3909  -13.3266  -13.1924   -7.3299   -7.1761   -6.2761   -5.7583   -5.7583   -5.1919   -1.9265   -1.9265   -0.6284   -0.6210    0.0160    0.0160    1.5172    2.2575    4.2696    7.9785
  6.2073  -18.3201  -17.9313  -17.9313  -13.4767  -13.4173  -13.4173  -13.3278  -13.1955   -7.3733   -7.1410   -6.2774   -5.5603   -5.5603   -4.9792   -2.1536   -2.1536   -0.6201   -0.6157    0.0522    0.0522    1.7860    1.9653    4.2689    7.8439
  6.2527  -18.3551  -17.9286  -17.9286  -13.4931  -13.4415  -13.4415  -13.3289  -13.1983   -7.4124   -7.1125   -6.2789   -5.3520   -5.3520   -4.7613   -2.3918   -2.3918   -0.6135   -0.6132    0.0867    0.0867    1.6765    2.0528    4.2660    7.7212
  6.2981  -18.3857  -17.9256  -17.9256  -13.5078  -13.4630  -13.4630  -13.3299  -13.2008   -7.4465   -7.0897   -6.2800   -5.1340   -5.1340   -4.5462   -2.6347   -2.6347   -0.6089   -0.6083    0.1191    0.1191    1.4032    2.3091    4.2654    7.6147
  6.3435  -18.4115  -17.9229  -17.9229  -13.5203  -13.4812  -13.4812  -13.3308  -13.2029   -7.4750   -7.0720   -6.2810   -4.9077   -4.9077   -4.3427   -2.8818   -2.8818   -0.6051   -0.6043    0.1487    0.1487    1.1533    2.5452    4.2648    7.5250
  6.3890  -18.4328  -17.9214  -17.9214  -13.5304  -13.4958  -13.4958  -13.3314  -13.2046   -7.4975   -7.0589   -6.2824   -4.6763   -4.6763   -4.1656   -3.1320   -3.1320   -0.6044   -0.6013    0.1712    0.1712    0.9374    2.7495    4.2624    7.4526
  6.4344  -18.4480  -17.9199  -17.9199  -13.5378  -13.5065  -13.5065  -13.3319  -13.2059   -7.5138   -7.0497   -6.2830   -4.4423   -4.4423   -4.0246   -3.3787   -3.3787   -0.6023   -0.5993    0.1887    0.1887    0.7698    2.9092    4.2620    7.4007
  6.4798  -18.4568  -17.9185  -17.9185  -13.5424  -13.5130  -13.5130  -13.3322  -13.2065   -7.5233   -7.0433   -6.2833   -4.2170   -4.2170   -3.9326   -3.6107   -3.6107   -0.6007   -0.5979    0.2000    0.2000    0.6631    3.0142    4.2620    7.3703
  6.5252  -18.4599  -17.9182  -17.9182  -13.5439  -13.5151  -13.5151  -13.3323  -13.2068   -7.5266   -7.0416   -6.2834   -4.0822   -4.0822   -3.9009   -3.7481   -3.7481   -0.6002   -0.5975    0.2037    0.2037    0.6261    3.0496    4.2619    7.3597
