#K-Path  Band-1   Band-2   Band-3   Band-4      ...   Band-n
  0.0000  -24.5035  -16.8301  -16.7516  -16.6432  -16.5525  -14.5463   -8.6275   -7.5034   -6.3373   -3.5186   -2.8891   -0.3274   -0.0398    0.0817    0.4078    0.5250    0.9360    1.3338    2.6708    6.0855
  0.0562  -24.5032  -16.8288  -16.7499  -16.6442  -16.5527  -14.5429   -8.6302   -7.4990   -6.3567   -3.5056   -2.8671   -0.3292   -0.0524    0.0950    0.4096    0.5290    0.9351    1.3498    2.6817    6.0962
  0.1124  -24.5011  -16.8252  -16.7447  -16.6471  -16.5534  -14.5326   -8.6357   -7.4853   -6.4109   -3.4666   -2.8022   -0.3342   -0.0824    0.1289    0.4152    0.5409    0.9326    1.3973    2.7146    6.1283
  0.1686  -24.4979  -16.8191  -16.7363  -16.6519  -16.5545  -14.5154   -8.6453   -7.4633   -6.4975   -3.4021   -2.6980   -0.3427   -0.1220    0.1772    0.4245    0.5606    0.9286    1.4739    2.7696    6.1819
  0.2248  -24.4940  -16.8107  -16.7248  -16.6583  -16.5559  -14.4912   -8.6582   -7.4335   -6.6136   -3.3123   -2.5600   -0.3545   -0.1668    0.2389    0.4376    0.5877    0.9231    1.5771    2.8468    6.2017
  0.2809  -24.4889  -16.8000  -16.7105  -16.6663  -16.5578  -14.4602   -8.6748   -7.3963   -6.7517   -3.1978   -2.3941   -0.3693   -0.2145    0.3150    0.4544    0.6216    0.9162    1.7048    2.9465    5.7258
  0.3371  -24.4833  -16.7874  -16.6937  -16.6755  -16.5599  -14.4223   -8.6940   -7.3533   -6.9086   -3.0592   -2.2059   -0.3865   -0.2632    0.4062    0.4747    0.6617    0.9082    1.8548    3.0688    5.2526
  0.3933  -24.4769  -16.7729  -16.6857  -16.6749  -16.5622  -14.3776   -8.7152   -7.3053   -7.0795   -2.8975   -2.0002   -0.4049   -0.3114    0.4980    0.5137    0.7074    0.8994    2.0259    3.2138    4.7969
  0.4495  -24.4702  -16.7569  -16.6966  -16.6546  -16.5648  -14.3264   -8.7380   -7.2613   -7.2533   -2.7139   -1.7828   -0.4229   -0.3580    0.5236    0.6384    0.7574    0.8899    2.2175    3.3813    4.3666
  0.5057  -24.4634  -16.7399  -16.7079  -16.6332  -16.5674  -14.2694   -8.7625   -7.4495   -7.1994   -2.5106   -1.5580   -0.4378   -0.4021    0.5509    0.7809    0.8106    0.8800    2.4287    3.5709    3.9666
  0.5619  -24.4567  -16.7222  -16.7192  -16.6114  -16.5701  -14.2072   -8.7873   -7.6410   -7.1448   -2.2908   -1.3303   -0.4459   -0.4431    0.5789    0.8659    0.8699    0.9425    2.6593    3.5985    3.7831
  0.6181  -24.4502  -16.7303  -16.7044  -16.5898  -16.5727  -14.1412   -8.8124   -7.8316   -7.0908   -2.0598   -1.1045   -0.4804   -0.4411    0.6068    0.8600    0.9218    1.1240    2.9090    3.2663    4.0146
  0.6743  -24.4443  -16.7408  -16.6870  -16.5752  -16.5688  -14.0726   -8.8359   -8.0176   -7.0395   -1.8265   -0.8860   -0.5140   -0.4135    0.6340    0.8506    0.9766    1.3264    2.9688    3.1773    4.2657
  0.7304  -24.4389  -16.7505  -16.6706  -16.5776  -16.5492  -14.0038   -8.8581   -8.1940   -6.9920   -1.6054   -0.6816   -0.5433   -0.3478    0.6598    0.8418    1.0288    1.5504    2.7064    3.4632    4.5316
  0.7866  -24.4341  -16.7592  -16.6557  -16.5797  -16.5316  -13.9373   -8.8783   -8.3557   -6.9491   -1.4169   -0.5683   -0.4945   -0.2274    0.6842    0.8340    1.0767    1.7973    2.4796    3.7641    4.4414
  0.8428  -24.4301  -16.7666  -16.6427  -16.5815  -16.5163  -13.8763   -8.8958   -8.4980   -6.9125   -1.2782   -0.5889   -0.3215   -0.0494    0.7081    0.8273    1.1186    2.0673    2.2884    3.8964    4.0723
  0.8990  -24.4270  -16.7726  -16.6322  -16.5829  -16.5039  -13.8240   -8.9100   -8.6154   -6.8840   -1.1906   -0.6050   -0.1655    0.1715    0.7353    0.8218    1.1531    2.1342    2.3607    3.3888    4.3364
  0.9552  -24.4249  -16.7769  -16.6244  -16.5840  -16.4948  -13.7837   -8.9207   -8.7035   -6.8627   -1.1416   -0.6166   -0.0423    0.3983    0.7794    0.8178    1.1787    2.0180    2.6777    2.9434    4.1770
  1.0114  -24.4234  -16.7796  -16.6197  -16.5847  -16.4892  -13.7582   -8.9273   -8.7579   -6.8496   -1.1176   -0.6235    0.0363    0.5499    0.8154    0.8664    1.1944    1.9443    2.6073    3.0157    3.7921
  1.0676  -24.4230  -16.7805  -16.6181  -16.5849  -16.4873  -13.7495   -8.9299   -8.7766   -6.8449   -1.1105   -0.6258    0.0632    0.5913    0.8145    0.9293    1.1997    1.9169    2.4730    3.3020    3.4854
  1.0676  -24.4230  -16.7805  -16.6181  -16.5849  -16.4873  -13.7495   -8.9299   -8.7766   -6.8449   -1.1105   -0.6258    0.0632    0.5913    0.8145    0.9293    1.1997    1.9169    2.4730    3.3020    3.4854
  1.0809  -24.4229  -16.7805  -16.6181  -16.5849  -16.4873  -13.7495   -8.9299   -8.7765   -6.8448   -1.1105   -0.6258    0.0633    0.5913    0.8145    0.9292    1.1997    1.9172    2.4727    3.3023    3.4864
  1.0943  -24.4230  -16.7805  -16.6181  -16.5849  -16.4873  -13.7495   -8.9299   -8.7765   -6.8449   -1.1105   -0.6258    0.0634    0.5913    0.8145    0.9290    1.1997    1.9171    2.4720    3.3031    3.4895
  1.1077  -24.4230  -16.7805  -16.6181  -16.5849  -16.4873  -13.7495   -8.9299   -8.7765   -6.8451   -1.1105   -0.6259    0.0635    0.5913    0.8145    0.9286    1.1997    1.9171    2.4708    3.3044    3.4945
  1.1211  -24.4230  -16.7805  -16.6181  -16.5849  -16.4873  -13.7495   -8.9299   -8.7765   -6.8451   -1.1105   -0.6259    0.0638    0.5913    0.8145    0.9282    1.1997    1.9171    2.4692    3.3064    3.5014
  1.1345  -24.4230  -16.7805  -16.6181  -16.5849  -16.4873  -13.7495   -8.9299   -8.7765   -6.8451   -1.1105   -0.6260    0.0641    0.5913    0.8145    0.9276    1.1997    1.9170    2.4673    3.3088    3.5100
  1.1478  -24.4230  -16.7805  -16.6181  -16.5849  -16.4873  -13.7495   -8.9299   -8.7765   -6.8448   -1.1105   -0.6260    0.0644    0.5914    0.8145    0.9269    1.1997    1.9170    2.4650    3.3117    3.5202
  1.1612  -24.4229  -16.7805  -16.6181  -16.5849  -16.4873  -13.7495   -8.9297   -8.7764   -6.8450   -1.1105   -0.6261    0.0649    0.5914    0.8145    0.9261    1.1998    1.9171    2.4625    3.3148    3.5318
  1.1746  -24.4230  -16.7805  -16.6181  -16.5849  -16.4873  -13.7495   -8.9299   -8.7765   -6.8451   -1.1105   -0.6261    0.0652    0.5914    0.8145    0.9253    1.1997    1.9170    2.4598    3.3181    3.5444
  1.1880  -24.4229  -16.7805  -16.6181  -16.5849  -16.4873  -13.7494   -8.9295   -8.7762   -6.8451   -1.1104   -0.6262    0.0657    0.5915    0.8145    0.9245    1.1998    1.9175    2.4571    3.3217    3.5578
  1.2013  -24.4229  -16.7805  -16.6181  -16.5849  -16.4873  -13.7494   -8.9295   -8.7762   -6.8451   -1.1104   -0.6263    0.0662    0.5915    0.8145    0.9236    1.1998    1.9174    2.4543    3.3253    3.5717
  1.2147  -24.4230  -16.7805  -16.6181  -16.5849  -16.4873  -13.7495   -8.9296   -8.7764   -6.8455   -1.1105   -0.6264    0.0666    0.5915    0.8145    0.9228    1.1998    1.9169    2.4516    3.3287    3.5858
  1.2281  -24.4230  -16.7805  -16.6181  -16.5849  -16.4873  -13.7495   -8.9298   -8.7763   -6.8455   -1.1105   -0.6265    0.0670    0.5915    0.8145    0.9220    1.1998    1.9170    2.4491    3.3321    3.5996
  1.2415  -24.4230  -16.7805  -16.6181  -16.5849  -16.4873  -13.7495   -8.9298   -8.7762   -6.8458   -1.1105   -0.6265    0.0674    0.5915    0.8145    0.9212    1.1998    1.9172    2.4467    3.3351    3.6127
  1.2549  -24.4230  -16.7805  -16.6181  -16.5849  -16.4873  -13.7495   -8.9297   -8.7762   -6.8458   -1.1105   -0.6266    0.0677    0.5916    0.8145    0.9205    1.1998    1.9172    2.4447    3.3381    3.6248
  1.2682  -24.4230  -16.7805  -16.6181  -16.5849  -16.4873  -13.7496   -8.9300   -8.7762   -6.8453   -1.1105   -0.6266    0.0680    0.5916    0.8145    0.9199    1.1998    1.9172    2.4429    3.3408    3.6354
  1.2816  -24.4230  -16.7805  -16.6181  -16.5850  -16.4873  -13.7496   -8.9300   -8.7763   -6.8453   -1.1105   -0.6267    0.0683    0.5916    0.8145    0.9195    1.1998    1.9170    2.4415    3.3429    3.6442
  1.2950  -24.4229  -16.7805  -16.6181  -16.5849  -16.4873  -13.7496   -8.9297   -8.7762   -6.8451   -1.1105   -0.6267    0.0685    0.5917    0.8145    0.9191    1.1998    1.9170    2.4405    3.3445    3.6507
  1.3084  -24.4229  -16.7805  -16.6181  -16.5849  -16.4873  -13.7496   -8.9297   -8.7762   -6.8451   -1.1105   -0.6268    0.0686    0.5917    0.8145    0.9189    1.1998    1.9170    2.4398    3.3454    3.6547
  1.3217  -24.4230  -16.7805  -16.6181  -16.5849  -16.4873  -13.7496   -8.9297   -8.7764   -6.8453   -1.1105   -0.6268    0.0686    0.5917    0.8145    0.9188    1.1998    1.9166    2.4396    3.3457    3.6561
  1.3217  -24.4230  -16.7805  -16.6181  -16.5849  -16.4873  -13.7496   -8.9297   -8.7764   -6.8453   -1.1105   -0.6268    0.0686    0.5917    0.8145    0.9188    1.1998    1.9166    2.4396    3.3457    3.6561
  1.3779  -24.4236  -16.7796  -16.6197  -16.5847  -16.4892  -13.7584   -8.9281   -8.7579   -6.8497   -1.1177   -0.6246    0.0431    0.5454    0.8153    0.8588    1.1945    1.9406    2.5746    3.1062    3.9238
  1.4341  -24.4248  -16.7769  -16.6244  -16.5841  -16.4948  -13.7838   -8.9212   -8.7034   -6.8625   -1.1415   -0.6180   -0.0308    0.3817    0.7778    0.8177    1.1787    2.0116    2.7553    2.9401    4.3341
  1.4903  -24.4273  -16.7726  -16.6322  -16.5830  -16.5039  -13.8241   -8.9107   -8.6156   -6.8843   -1.1902   -0.6074   -0.1464    0.1442    0.7354    0.8217    1.1530    2.1251    2.4617    3.3722    3.9928
  1.5465  -24.4304  -16.7666  -16.6427  -16.5815  -16.5163  -13.8764   -8.8965   -8.4981   -6.9137   -1.2773   -0.5941   -0.2942   -0.0837    0.7070    0.8271    1.1186    2.1778    2.2775    3.6545    3.8798
  1.6027  -24.4345  -16.7592  -16.6557  -16.5797  -16.5316  -13.9375   -8.8793   -8.3559   -6.9502   -1.4152   -0.5882   -0.4568   -0.2583    0.6805    0.8339    1.0767    1.9179    2.4648    3.3296    4.4299
  1.6589  -24.4393  -16.7506  -16.6706  -16.5776  -16.5492  -14.0039   -8.8588   -8.1942   -6.9931   -1.6028   -0.6963   -0.5214   -0.3688    0.6522    0.8417    1.0288    1.6833    2.6741    3.0321    5.0114
  1.7151  -24.4447  -16.7408  -16.6870  -16.5753  -16.5688  -14.0727   -8.8364   -8.0178   -7.0407   -1.8232   -0.8995   -0.5006   -0.4271    0.6207    0.8505    0.9766    1.4744    2.6732    2.9963    5.4689
  1.7712  -24.4507  -16.7303  -16.7044  -16.5898  -16.5727  -14.1412   -8.8126   -7.8321   -7.0919   -2.0560   -1.1194   -0.4679   -0.4509    0.5851    0.8600    0.9217    1.2913    2.4124    3.2723    5.2098
  1.8274  -24.4568  -16.7222  -16.7192  -16.6114  -16.5701  -14.2073   -8.7881   -7.6410   -7.1449   -2.2867   -1.3460   -0.4541   -0.4290    0.5449    0.8657    0.8699    1.1349    2.1525    3.5989    4.9653
  1.8836  -24.4633  -16.7399  -16.7078  -16.6332  -16.5674  -14.2695   -8.7631   -7.4491   -7.1993   -2.5063   -1.5735   -0.4457   -0.3852    0.4995    0.8103    0.8799    1.0046    1.9080    3.9585    4.7418
  1.9398  -24.4702  -16.7569  -16.6966  -16.6546  -16.5648  -14.3265   -8.7390   -7.2607   -7.2536   -2.7092   -1.7987   -0.4311   -0.3368    0.4493    0.7566    0.8898    0.9000    1.6807    4.3129    4.5761
  1.9960  -24.4769  -16.7729  -16.6857  -16.6749  -16.5622  -14.3776   -8.7158   -7.3055   -7.0793   -2.8924   -2.0163   -0.4142   -0.2840    0.3959    0.7061    0.8196    0.8993    1.4712    4.2984    4.8314
  2.0522  -24.4833  -16.7874  -16.6937  -16.6755  -16.5599  -14.4222   -8.6939   -7.3537   -6.9085   -3.0536   -2.2216   -0.3974   -0.2271    0.3427    0.6601    0.7594    0.9082    1.2798    4.1435    4.8049
  2.1084  -24.4891  -16.8001  -16.7105  -16.6663  -16.5577  -14.4602   -8.6749   -7.3970   -6.7517   -3.1917   -2.4101   -0.3824   -0.1666    0.2934    0.6195    0.7152    0.9161    1.1067    4.0027    4.7072
  2.1646  -24.4943  -16.8107  -16.7248  -16.6583  -16.5559  -14.4912   -8.6583   -7.4348   -6.6132   -3.3056   -2.5764   -0.3702   -0.1038    0.2510    0.5853    0.6829    0.9228    0.9527    3.8846    4.6284
  2.2207  -24.4986  -16.8191  -16.7363  -16.6519  -16.5545  -14.5154   -8.6456   -7.4649   -6.4990   -3.3947   -2.7148   -0.3613   -0.0407    0.2176    0.5580    0.6603    0.8190    0.9286    3.7913    4.5680
  2.2769  -24.5015  -16.8252  -16.7447  -16.6471  -16.5534  -14.5325   -8.6353   -7.4868   -6.4113   -3.4587   -2.8190   -0.3553    0.0182    0.1938    0.5383    0.6453    0.7102    0.9327    3.7241    4.5254
  2.3331  -24.5033  -16.8289  -16.7499  -16.6442  -16.5527  -14.5429   -8.6297   -7.5002   -6.3566   -3.4972   -2.8842   -0.3520    0.0637    0.1797    0.5262    0.6351    0.6367    0.9351    3.6834    4.5000
  2.3893  -24.5038  -16.8301  -16.7516  -16.6432  -16.5525  -14.5463   -8.6275   -7.5047   -6.3373   -3.5100   -2.9064   -0.3510    0.0816    0.1750    0.5222    0.6073    0.6340    0.9360    3.6698    4.4916
  2.3893  -24.5038  -16.8301  -16.7516  -16.6432  -16.5525  -14.5463   -8.6275   -7.5047   -6.3373   -3.5100   -2.9064   -0.3510    0.0816    0.1750    0.5222    0.6073    0.6340    0.9360    3.6698    4.4916
  2.4027  -24.5038  -16.8301  -16.7516  -16.6432  -16.5525  -14.5463   -8.6275   -7.5047   -6.3373   -3.5101   -2.9063   -0.3508    0.0816    0.1734    0.5220    0.5855    0.6591    0.9360    3.6571    4.5061
  2.4161  -24.5038  -16.8301  -16.7516  -16.6432  -16.5525  -14.5463   -8.6275   -7.5046   -6.3373   -3.5102   -2.9059   -0.3505    0.0816    0.1685    0.5208    0.5582    0.6967    0.9360    3.6215    4.5473
  2.4294  -24.5040  -16.8301  -16.7516  -16.6432  -16.5525  -14.5464   -8.6281   -7.5048   -6.3379   -3.5105   -2.9054   -0.3500    0.0816    0.1606    0.5160    0.5370    0.7375    0.9359    3.5685    4.6095
  2.4428  -24.5040  -16.8301  -16.7516  -16.6432  -16.5525  -14.5464   -8.6281   -7.5048   -6.3379   -3.5109   -2.9046   -0.3492    0.0816    0.1498    0.5018    0.5286    0.7806    0.9359    3.5040    4.6869
  2.4562  -24.5040  -16.8301  -16.7516  -16.6432  -16.5525  -14.5464   -8.6280   -7.5047   -6.3379   -3.5114   -2.9037   -0.3482    0.0816    0.1366    0.4846    0.5266    0.8256    0.9359    3.4327    4.7751
  2.4696  -24.5040  -16.8301  -16.7516  -16.6432  -16.5525  -14.5464   -8.6280   -7.5047   -6.3379   -3.5120   -2.9025   -0.3470    0.0816    0.1213    0.4692    0.5259    0.8718    0.9359    3.3576    4.8710
  2.4830  -24.5041  -16.8301  -16.7516  -16.6432  -16.5525  -14.5464   -8.6281   -7.5052   -6.3380   -3.5126   -2.9013   -0.3456    0.0816    0.1044    0.4562    0.5256    0.9189    0.9359    3.2809    4.9722
  2.4963  -24.5044  -16.8301  -16.7516  -16.6432  -16.5525  -14.5464   -8.6285   -7.5056   -6.3385   -3.5133   -2.9000   -0.3441    0.0815    0.0866    0.4455    0.5254    0.9359    0.9665    3.2044    5.0773
  2.5097  -24.5041  -16.8301  -16.7516  -16.6432  -16.5525  -14.5464   -8.6284   -7.5046   -6.3383   -3.5140   -2.8986   -0.3424    0.0692    0.0815    0.4370    0.5253    0.9359    1.0147    3.1292    5.1857
  2.5231  -24.5041  -16.8301  -16.7516  -16.6432  -16.5525  -14.5464   -8.6284   -7.5046   -6.3383   -3.5147   -2.8972   -0.3405    0.0514    0.0815    0.4300    0.5252    0.9359    1.0621    3.0562    5.2959
  2.5365  -24.5041  -16.8301  -16.7516  -16.6432  -16.5525  -14.5464   -8.6284   -7.5046   -6.3383   -3.5154   -2.8958   -0.3385    0.0344    0.0815    0.4243    0.5251    0.9359    1.1084    2.9866    5.4072
  2.5498  -24.5040  -16.8301  -16.7516  -16.6432  -16.5525  -14.5464   -8.6283   -7.5041   -6.3382   -3.5160   -2.8944   -0.3365    0.0186    0.0816    0.4199    0.5251    0.9359    1.1531    2.9211    5.5188
  2.5632  -24.5037  -16.8301  -16.7516  -16.6432  -16.5525  -14.5463   -8.6281   -7.5033   -6.3380   -3.5167   -2.8931   -0.3345    0.0044    0.0817    0.4163    0.5251    0.9359    1.1954    2.8609    5.6294
  2.5766  -24.5039  -16.8301  -16.7516  -16.6432  -16.5525  -14.5464   -8.6284   -7.5036   -6.3383   -3.5172   -2.8920   -0.3326   -0.0087    0.0816    0.4135    0.5250    0.9359    1.2336    2.8068    5.7373
  2.5900  -24.5039  -16.8301  -16.7516  -16.6432  -16.5525  -14.5464   -8.6284   -7.5036   -6.3383   -3.5177   -2.8911   -0.3310   -0.0196    0.0816    0.4113    0.5250    0.9359    1.2673    2.7602    5.8400
  2.6034  -24.5039  -16.8301  -16.7516  -16.6432  -16.5525  -14.5464   -8.6284   -7.5037   -6.3383   -3.5181   -2.8903   -0.3295   -0.0284    0.0816    0.4097    0.5250    0.9359    1.2952    2.7223    5.9337
  2.6167  -24.5039  -16.8301  -16.7516  -16.6432  -16.5525  -14.5464   -8.6284   -7.5037   -6.3383   -3.5183   -2.8897   -0.3284   -0.0348    0.0816    0.4086    0.5250    0.9359    1.3162    2.6941    6.0120
  2.6301  -24.5038  -16.8301  -16.7516  -16.6432  -16.5525  -14.5463   -8.6281   -7.5034   -6.3381   -3.5185   -2.8893   -0.3277   -0.0386    0.0817    0.4080    0.5250    0.9359    1.3293    2.6767    6.0660
  2.6435  -24.5035  -16.8301  -16.7516  -16.6432  -16.5525  -14.5463   -8.6275   -7.5034   -6.3373   -3.5186   -2.8891   -0.3274   -0.0398    0.0817    0.4078    0.5250    0.9360    1.3338    2.6708    6.0855
  2.6435  -24.5035  -16.8301  -16.7516  -16.6432  -16.5525  -14.5463   -8.6275   -7.5034   -6.3373   -3.5186   -2.8891   -0.3274   -0.0398    0.0817    0.4078    0.5250    0.9360    1.3338    2.6708    6.0855
  2.7012  -24.4935  -16.8295  -16.7542  -16.6436  -16.5563  -14.5704   -8.6432   -7.4900   -6.3338   -3.5050   -2.8436   -0.3250   -0.0384    0.0850    0.4100    0.5241    0.9233    1.3518    2.6893    6.0732
  2.7590  -24.4626  -16.8280  -16.7616  -16.6448  -16.5674  -14.6423   -8.6857   -7.4498   -6.3190   -3.4648   -2.7108   -0.3175   -0.0360    0.0969    0.4156    0.5225    0.8915    1.4003    2.7444    6.0414
  2.8168  -24.4113  -16.8277  -16.7718  -16.6468  -16.5853  -14.7607   -8.7501   -7.3835   -6.2914   -3.3987   -2.5017   -0.3054   -0.0376    0.1213    0.4216    0.5237    0.8516    1.4692    2.8358    6.0001
  2.8745  -24.3400  -16.8335  -16.7795  -16.6503  -16.6089  -14.9238   -8.8282   -7.2927   -6.2485   -3.3073   -2.2323   -0.2890   -0.0461    0.1592    0.4232    0.5331    0.8113    1.5524    2.9618    5.9551
  2.9323  -24.2487  -16.8503  -16.7793  -16.6580  -16.6342  -15.1282   -8.9103   -7.1787   -6.1890   -3.1910   -1.9186   -0.2691   -0.0610    0.2075    0.4187    0.5537    0.7755    1.6485    3.1203    5.7327
  2.9900  -24.1381  -16.8766  -16.7727  -16.6819  -16.6483  -15.3698   -8.9888   -7.0433   -6.1143   -3.0502   -1.5772   -0.2466   -0.0804    0.2596    0.4125    0.5823    0.7480    1.7588    3.3069    5.2468
  3.0478  -24.0089  -16.9087  -16.7629  -16.7178  -16.6541  -15.6435   -9.0580   -6.8897   -6.0264   -2.8857   -1.2226   -0.2228   -0.1026    0.3031    0.4155    0.6123    0.7341    1.8854    3.5125    4.7792
  3.1056  -23.8619  -16.9446  -16.7574  -16.7523  -16.6586  -15.9429   -9.1143   -6.7207   -5.9288   -2.6983   -0.8693   -0.1991   -0.1255    0.3233    0.4393    0.6357    0.7415    2.0311    3.7036    4.3791
  3.1633  -23.6982  -16.9831  -16.7983  -16.7445  -16.6629  -16.2588   -9.1556   -6.5398   -5.8246   -2.4896   -0.5328   -0.1769   -0.1455    0.3270    0.4717    0.6548    0.7697    2.1962    3.6979    4.2388
  3.2211  -23.5193  -17.0253  -16.8393  -16.7611  -16.6671  -16.5615   -9.1825   -6.3501   -5.7175   -2.2616   -0.2552   -0.1602   -0.1314    0.3288    0.4935    0.6824    0.8073    2.3757    3.4423    4.4233
  3.2788  -23.3272  -17.0920  -16.9514  -16.8790  -16.6738  -16.6711   -9.1960   -6.1566   -5.6111   -2.0178   -0.2146   -0.1322    0.0625    0.3356    0.5014    0.7207    0.8449    2.5466    3.2213    4.6753
  3.3366  -23.1242  -17.3439  -17.0684  -16.9165  -16.6750  -16.6744   -9.1979   -5.9637   -5.5079   -1.7638   -0.2308   -0.1037    0.2482    0.3528    0.5025    0.7625    0.8785    2.6428    3.1747    4.9099
  3.3943  -22.9149  -17.6739  -17.1095  -16.9509  -16.6785  -16.6657   -9.1914   -5.7780   -5.4125   -1.5087   -0.2486   -0.0626    0.3353    0.3929    0.5019    0.7996    0.9077    2.6609    3.3285    4.9111
  3.4521  -22.7038  -17.9981  -17.1410  -16.9814  -16.6817  -16.6560   -9.1789   -5.6045   -5.3264   -1.2675   -0.2646    0.0030    0.3667    0.4179    0.4933    0.8269    0.9343    2.7126    3.5685    4.4198
  3.5099  -22.4988  -18.3005  -17.1668  -17.0072  -16.6844  -16.6472   -9.1636   -5.4499   -5.2521   -1.0610   -0.2782    0.1042    0.3823    0.4167    0.4744    0.8425    0.9602    2.8297    3.8289    3.8853
  3.5676  -22.3107  -18.5665  -17.1873  -17.0278  -16.6865  -16.6398   -9.1482   -5.3204   -5.1915   -0.9077   -0.2890    0.2275    0.3371    0.4599    0.4738    0.8514    0.9839    2.9881    3.3822    4.0813
  3.6254  -22.1549  -18.7793  -17.2022  -17.0429  -16.6881  -16.6343   -9.1351   -5.2224   -5.1477   -0.8111   -0.2968    0.2787    0.3112    0.4554    0.6003    0.8692    1.0030    2.9380    3.1494    4.2980
  3.6831  -22.0498  -18.9191  -17.2112  -17.0520  -16.6891  -16.6309   -9.1264   -5.1611   -5.1209   -0.7609   -0.3015    0.2362    0.3433    0.4523    0.7180    0.9331    1.0160    2.5998    3.2719    4.4491
  3.7409  -22.0123  -18.9682  -17.2142  -17.0551  -16.6894  -16.6297   -9.1234   -5.1405   -5.1112   -0.7455   -0.3031    0.2209    0.3516    0.4513    0.7471    0.9894    1.0233    2.4629    3.3178    4.5042
  3.7409  -22.0123  -18.9682  -17.2142  -17.0551  -16.6894  -16.6297   -9.1234   -5.1405   -5.1112   -0.7455   -0.3031    0.2209    0.3516    0.4513    0.7471    0.9894    1.0233    2.4629    3.3178    4.5042
  3.7971  -22.0125  -18.9681  -17.2123  -17.0549  -16.6897  -16.6312   -9.1198   -5.1411   -5.1291   -0.7444   -0.3005    0.2556    0.3467    0.4476    0.7443    0.9289    1.0747    2.5047    3.3029    4.5038
  3.8533  -22.0133  -18.9680  -17.2065  -17.0542  -16.6904  -16.6354   -9.1094   -5.1812   -5.1433   -0.7413   -0.2929    0.3313    0.3566    0.4371    0.7283    0.8649    1.1245    2.6250    3.2584    4.5009
  3.9095  -22.0144  -18.9679  -17.1975  -17.0532  -16.6915  -16.6422   -9.0931   -5.2594   -5.1460   -0.7363   -0.2806    0.3038    0.4183    0.5183    0.6856    0.8364    1.1599    2.8116    3.1889    4.4922
  3.9656  -22.0157  -18.9678  -17.1859  -17.0518  -16.6928  -16.6508   -9.0722   -5.3540   -5.1488   -0.7296   -0.2643    0.2635    0.3963    0.6324    0.7254    0.8359    1.1845    3.0516    3.0986    4.4752
  4.0218  -22.0173  -18.9676  -17.1729  -17.0504  -16.6943  -16.6607   -9.0487   -5.4544   -5.1529   -0.7219   -0.2453    0.2136    0.3705    0.5889    0.8454    0.9669    1.2018    2.9897    3.3339    4.4501
  4.0780  -22.0186  -18.9674  -17.1597  -17.0490  -16.6958  -16.6709   -9.0251   -5.5492   -5.1560   -0.7137   -0.2250    0.1613    0.3436    0.5587    0.8572    1.2141    1.2291    2.8623    3.6500    4.4199
  4.1342  -22.0199  -18.9673  -17.1479  -17.0478  -16.6971  -16.6801   -9.0042   -5.6296   -5.1592   -0.7061   -0.2056    0.1148    0.3185    0.5391    0.8679    1.2229    1.4966    2.7147    3.9913    4.3894
  4.1904  -22.0208  -18.9672  -17.1389  -17.0469  -16.6980  -16.6872   -8.9884   -5.6877   -5.1613   -0.7002   -0.1896    0.0807    0.2984    0.5273    0.8757    1.2289    1.7514    2.5507    4.3435    4.3651
  4.2466  -22.0214  -18.9671  -17.1340  -17.0464  -16.6985  -16.6911   -8.9798   -5.7185   -5.1630   -0.6969   -0.1801    0.0631    0.2866    0.5212    0.8794    1.2321    1.9542    2.3966    4.3530    4.6497
  4.3028  -22.0214  -18.9671  -17.1339  -17.0464  -16.6985  -16.6911   -8.9800   -5.7183   -5.1630   -0.6969   -0.1786    0.0642    0.2851    0.5200    0.8787    1.2324    1.9577    2.3920    4.3572    4.6582
  4.3590  -22.0208  -18.9672  -17.1388  -17.0469  -16.6979  -16.6873   -8.9888   -5.6871   -5.1613   -0.7003   -0.1854    0.0840    0.2941    0.5237    0.8736    1.2299    1.7568    2.5417    4.3578    4.3791
  4.4151  -22.0199  -18.9673  -17.1477  -17.0479  -16.6970  -16.6803   -9.0048   -5.6287   -5.1591   -0.7062   -0.1990    0.1205    0.3119    0.5333    0.8643    1.2241    1.5019    2.7025    4.0075    4.4172
  4.4713  -22.0186  -18.9674  -17.1596  -17.0491  -16.6957  -16.6711   -9.0258   -5.5481   -5.1559   -0.7138   -0.2168    0.1695    0.3352    0.5512    0.8518    1.2148    1.2342    2.8462    3.6679    4.4685
  4.5275  -22.0173  -18.9676  -17.1727  -17.0506  -16.6942  -16.6610   -9.0496   -5.4530   -5.1528   -0.7220   -0.2359    0.2240    0.3607    0.5813    0.8373    0.9720    1.2009    2.9683    3.3541    4.5287
  4.5837  -22.0157  -18.9677  -17.1857  -17.0520  -16.6926  -16.6511   -9.0732   -5.3524   -5.1487   -0.7297   -0.2542    0.2751    0.3852    0.6293    0.7308    0.8223    1.1807    3.0707    3.0747    4.5948
  4.6399  -22.0144  -18.9679  -17.1973  -17.0533  -16.6913  -16.6424   -9.0942   -5.2576   -5.1459   -0.7363   -0.2700    0.3149    0.4045    0.5256    0.6978    0.8090    1.1514    2.8385    3.1536    4.6640
  4.6961  -22.0133  -18.9680  -17.2063  -17.0544  -16.6902  -16.6357   -9.1106   -5.1792   -5.1432   -0.7413   -0.2821    0.3410    0.3548    0.4322    0.7763    0.8059    1.1092    2.6559    3.2159    4.7318
  4.7523  -22.0125  -18.9681  -17.2120  -17.0551  -16.6894  -16.6315   -9.1211   -5.1410   -5.1271   -0.7444   -0.2897    0.2573    0.3550    0.4389    0.7861    0.8827    1.0506    2.5392    3.2549    4.7876
  4.8085  -22.0123  -18.9681  -17.2140  -17.0553  -16.6892  -16.6300   -9.1247   -5.1404   -5.1091   -0.7454   -0.2923    0.2230    0.3594    0.4421    0.7843    0.9611    0.9850    2.4988    3.2678    4.8107
  4.8085  -22.0123  -18.9681  -17.2140  -17.0553  -16.6892  -16.6300   -9.1247   -5.1404   -5.1091   -0.7454   -0.2923    0.2230    0.3594    0.4421    0.7843    0.9611    0.9850    2.4988    3.2678    4.8107
  4.8662  -22.0490  -18.9174  -17.2098  -17.0524  -16.6898  -16.6298   -9.1230   -5.1546   -5.1424   -0.7413   -0.2939    0.2480    0.3401    0.4435    0.7680    0.8832    1.1005    2.5325    3.2580    4.7797
  4.9240  -22.1520  -18.7727  -17.1973  -17.0437  -16.6915  -16.6289   -9.1182   -5.2386   -5.1964   -0.7288   -0.2987    0.2771    0.3193    0.4483    0.7045    0.8953    1.2194    2.6334    3.2279    4.7051
  4.9817  -22.3043  -18.5511  -17.1767  -17.0294  -16.6944  -16.6276   -9.1101   -5.3914   -5.2632   -0.7079   -0.3071    0.1713    0.4203    0.4641    0.6537    0.9618    1.3163    2.7990    3.1815    4.6144
  5.0395  -22.4878  -18.2720  -17.1484  -17.0098  -16.6983  -16.6256   -9.0992   -5.5904   -5.3524   -0.6785   -0.3192    0.0394    0.4582    0.5696    0.6301    1.0575    1.3886    3.0131    3.1299    4.5228
  5.0973  -22.6875  -17.9514  -17.1129  -16.9855  -16.7031  -16.6229   -9.0858   -5.8243   -5.4601   -0.6403   -0.3351   -0.1002    0.4739    0.6123    0.7208    1.1739    1.4410    3.0280    3.3128    4.4384
  5.1550  -22.8928  -17.6020  -17.0709  -16.9569  -16.7086  -16.6192   -9.0700   -6.0836   -5.5821   -0.5937   -0.3548   -0.2367    0.4924    0.6092    0.8620    1.3024    1.4816    2.9391    3.6254    4.3674
  5.2128  -23.0961  -17.2341  -17.0232  -16.9247  -16.7147  -16.6132   -9.0526   -6.3591   -5.7143   -0.5412   -0.3779   -0.3621    0.5149    0.6095    0.9854    1.4221    1.5307    2.8342    3.9694    4.3151
  5.2705  -23.2922  -16.9715  -16.8898  -16.8633  -16.7210  -16.5963   -9.0337   -6.6430   -5.8518   -0.5236   -0.4325   -0.4037    0.5413    0.6123    1.0762    1.4819    1.6383    2.7171    4.2821    4.3287
  5.3283  -23.4777  -16.9158  -16.8534  -16.7272  -16.6457  -16.4201   -9.0143   -6.9290   -5.9912   -0.6124   -0.4315   -0.3750    0.5711    0.6169    1.1224    1.5020    1.7821    2.5916    4.2797    4.6299
  5.3860  -23.6502  -16.8585  -16.8170  -16.7324  -16.6232  -16.0477   -8.9947   -7.2123   -6.1290   -0.7079   -0.4604   -0.2886    0.6035    0.6228    1.1151    1.5104    1.9324    2.4654    4.2996    4.6254
  5.4438  -23.8077  -16.8011  -16.7843  -16.7338  -16.6150  -15.6660   -8.9758   -7.4874   -6.2617   -0.7943   -0.4894   -0.1889    0.6297    0.6373    1.0514    1.5115    2.0830    2.3475    4.3167    4.3481
  5.5016  -23.9489  -16.7664  -16.7461  -16.7211  -16.6079  -15.2943   -8.9581   -7.7499   -6.3864   -0.8699   -0.5175   -0.0778    0.6375    0.6713    0.9373    1.5063    2.2321    2.2455    3.9724    4.3928
  5.5593  -24.0729  -16.7653  -16.6966  -16.6934  -16.5989  -14.9412   -8.9422   -7.9955   -6.5004   -0.9349   -0.5437    0.0432    0.6450    0.7041    0.7880    1.4945    2.1584    2.3829    3.6309    4.4247
  5.6171  -24.1789  -16.7685  -16.6638  -16.6585  -16.5837  -14.6156   -8.9292   -8.2188   -6.6012   -0.9893   -0.5674    0.1705    0.6067    0.6703    0.7350    1.4745    2.0872    2.5343    3.3147    4.3687
  5.6748  -24.2663  -16.7724  -16.6370  -16.6364  -16.5591  -14.3270   -8.9194   -8.4141   -6.6863   -1.0333   -0.5877    0.2875    0.4631    0.6797    0.7619    1.4432    2.0286    2.6891    3.0341    4.2101
  5.7326  -24.3346  -16.7757  -16.6261  -16.6149  -16.5312  -14.0860   -8.9146   -8.5740   -6.7548   -1.0672   -0.6040    0.2639    0.4640    0.7097    0.7842    1.3960    1.9819    2.7957    2.8526    4.0116
  5.7904  -24.3836  -16.7783  -16.6211  -16.5985  -16.5077  -13.9032   -8.9164   -8.6901   -6.8046   -1.0913   -0.6160    0.1594    0.5426    0.7745    0.8008    1.3292    1.9472    2.6203    3.0163    3.8069
  5.8481  -24.4130  -16.7799  -16.6188  -16.5883  -16.4925  -13.7885   -8.9241   -8.7563   -6.8348   -1.1057   -0.6233    0.0880    0.5814    0.8111    0.8713    1.2484    1.9253    2.5102    3.1848    3.6118
  5.9059  -24.4230  -16.7805  -16.6181  -16.5849  -16.4873  -13.7495   -8.9299   -8.7766   -6.8449   -1.1105   -0.6258    0.0632    0.5913    0.8145    0.9293    1.1997    1.9169    2.4730    3.3020    3.4854
  5.9059  -24.4230  -16.7805  -16.6181  -16.5849  -16.4873  -13.7495   -8.9299   -8.7766   -6.8449   -1.1105   -0.6258    0.0632    0.5913    0.8145    0.9293    1.1997    1.9169    2.4730    3.3020    3.4854
  5.9621  -24.4130  -16.7799  -16.6188  -16.5883  -16.4925  -13.7885   -8.9241   -8.7562   -6.8350   -1.1057   -0.6233    0.0880    0.5814    0.8111    0.8714    1.2485    1.9255    2.5104    3.1843    3.6109
  6.0182  -24.3836  -16.7783  -16.6211  -16.5985  -16.5077  -13.9032   -8.9164   -8.6902   -6.8047   -1.0913   -0.6160    0.1591    0.5428    0.7746    0.8008    1.3293    1.9473    2.6213    3.0139    3.8039
  6.0744  -24.3347  -16.7757  -16.6261  -16.6149  -16.5312  -14.0860   -8.9147   -8.5741   -6.7550   -1.0672   -0.6040    0.2627    0.4653    0.7098    0.7842    1.3963    1.9822    2.7999    2.8450    4.0052
  6.1306  -24.2663  -16.7724  -16.6370  -16.6364  -16.5591  -14.3270   -8.9193   -8.4140   -6.6867   -1.0333   -0.5876    0.2851    0.4660    0.6797    0.7619    1.4438    2.0293    2.6813    3.0359    4.1999
  6.1868  -24.1790  -16.7685  -16.6638  -16.6585  -16.5837  -14.6156   -8.9293   -8.2189   -6.6013   -0.9893   -0.5673    0.1693    0.6075    0.6718    0.7349    1.4757    2.0878    2.5221    3.3178    4.3604
  6.2430  -24.0730  -16.7652  -16.6967  -16.6934  -16.5989  -14.9412   -8.9422   -7.9957   -6.5004   -0.9349   -0.5437    0.0424    0.6434    0.7044    0.7917    1.4968    2.1586    2.3664    3.6352    4.4420
  6.2992  -23.9488  -16.7664  -16.7461  -16.7211  -16.6079  -15.2941   -8.9579   -7.7498   -6.3858   -0.8700   -0.5174   -0.0783    0.6361    0.6715    0.9418    1.5105    2.2124    2.2450    3.9781    4.4428
  6.3554  -23.8076  -16.8011  -16.7843  -16.7338  -16.6149  -15.6660   -8.9757   -7.4873   -6.2612   -0.7943   -0.4893   -0.1892    0.6284    0.6375    1.0571    1.5183    2.0583    2.3477    4.3296    4.4099
  6.4116  -23.6501  -16.8585  -16.8170  -16.7324  -16.6232  -16.0477   -8.9947   -7.2123   -6.1285   -0.7080   -0.4604   -0.2887    0.6037    0.6216    1.1208    1.5205    1.9035    2.4665    4.3733    4.6280
  6.4678  -23.4777  -16.9158  -16.8534  -16.7272  -16.6457  -16.4200   -9.0143   -6.9292   -5.9907   -0.6125   -0.4315   -0.3749    0.5714    0.6158    1.1287    1.5167    1.7479    2.5963    4.3455    4.6267
  6.5239  -23.2921  -16.9715  -16.8898  -16.8632  -16.7210  -16.5962   -9.0336   -6.6428   -5.8513   -0.5236   -0.4324   -0.4036    0.5417    0.6116    1.0834    1.5072    1.5924    2.7285    4.3236    4.3322
  6.5801  -23.0958  -17.2341  -17.0232  -16.9247  -16.7146  -16.6132   -9.0524   -6.3585   -5.7133   -0.5408   -0.3778   -0.3622    0.5155    0.6090    0.9930    1.4396    1.4918    2.8545    3.9694    4.3363
  6.6363  -22.8928  -17.6020  -17.0709  -16.9569  -16.7086  -16.6192   -9.0701   -6.0835   -5.5823   -0.5932   -0.3547   -0.2369    0.4932    0.6083    0.8710    1.2924    1.4691    2.9648    3.6309    4.3594
  6.6925  -22.6877  -17.9515  -17.1129  -16.9855  -16.7031  -16.6229   -9.0858   -5.8246   -5.4605   -0.6397   -0.3350   -0.1006    0.4752    0.6059    0.7365    1.1556    1.4358    3.0395    3.3443    4.4017
  6.7487  -22.4878  -18.2721  -17.1484  -17.0098  -16.6983  -16.6256   -9.0993   -5.5900   -5.3526   -0.6777   -0.3190    0.0387    0.4615    0.5504    0.6602    1.0340    1.3872    2.9544    3.2415    4.4627
  6.8049  -22.3044  -18.5512  -17.1767  -17.0294  -16.6944  -16.6276   -9.1102   -5.3917   -5.2633   -0.7071   -0.3068    0.1700    0.4275    0.4516    0.6788    0.9327    1.3172    2.7564    3.2837    4.5402
  6.8611  -22.1519  -18.7727  -17.1973  -17.0437  -16.6915  -16.6289   -9.1181   -5.2390   -5.1960   -0.7279   -0.2982    0.2739    0.3215    0.4451    0.7379    0.8563    1.2213    2.5948    3.3309    4.6297
  6.9173  -22.0488  -18.9174  -17.2098  -17.0524  -16.6898  -16.6298   -9.1229   -5.1541   -5.1420   -0.7403   -0.2932    0.2458    0.3419    0.4414    0.8088    0.8377    1.1008    2.4947    3.3621    4.7182
  6.9734  -22.0122  -18.9681  -17.2140  -17.0553  -16.6892  -16.6300   -9.1248   -5.1397   -5.1094   -0.7444   -0.2915    0.2211    0.3617    0.4403    0.7926    0.9660    0.9667    2.4612    3.3716    4.7638
  6.9734  -22.0122  -18.9681  -17.2140  -17.0553  -16.6892  -16.6300   -9.1248   -5.1397   -5.1094   -0.7444   -0.2915    0.2211    0.3617    0.4403    0.7926    0.9660    0.9667    2.4612    3.3716    4.7638
  7.0296  -22.0122  -18.9681  -17.2120  -17.0551  -16.6894  -16.6315   -9.1210   -5.1406   -5.1265   -0.7433   -0.2890    0.2555    0.3576    0.4364    0.7957    0.8795    1.0385    2.5020    3.3604    4.7270
  7.0858  -22.0131  -18.9680  -17.2063  -17.0544  -16.6901  -16.6357   -9.1107   -5.1790   -5.1426   -0.7402   -0.2816    0.3373    0.3627    0.4252    0.7874    0.8045    1.0920    2.6188    3.3247    4.6537
  7.1420  -22.0144  -18.9679  -17.1973  -17.0533  -16.6913  -16.6424   -9.0943   -5.2577   -5.1456   -0.7352   -0.2697    0.3158    0.4075    0.5162    0.7034    0.8180    1.1289    2.7965    3.2707    4.5781
  7.1982  -22.0157  -18.9677  -17.1857  -17.0520  -16.6926  -16.6511   -9.0732   -5.3522   -5.1490   -0.7285   -0.2540    0.2760    0.3848    0.6246    0.7325    0.8348    1.1540    2.9948    3.2271    4.5108
  7.2544  -22.0174  -18.9676  -17.1727  -17.0506  -16.6942  -16.6610   -9.0496   -5.4533   -5.1529   -0.7207   -0.2359    0.2247    0.3589    0.5812    0.8529    0.9649    1.1743    3.0199    3.3771    4.4546
  7.3106  -22.0188  -18.9674  -17.1596  -17.0491  -16.6957  -16.6711   -9.0258   -5.5485   -5.1563   -0.7124   -0.2168    0.1699    0.3326    0.5516    0.8706    1.1507    1.2603    2.9094    3.6743    4.4098
  7.3668  -22.0198  -18.9673  -17.1477  -17.0479  -16.6970  -16.6803   -9.0046   -5.6286   -5.1587   -0.7047   -0.1990    0.1207    0.3086    0.5339    0.8860    1.1735    1.5114    2.7646    4.0106    4.3759
  7.4229  -22.0208  -18.9672  -17.1388  -17.0470  -16.6979  -16.6873   -8.9887   -5.6872   -5.1613   -0.6986   -0.1854    0.0840    0.2902    0.5243    0.8974    1.1794    1.7634    2.5997    4.3515    4.3611
  7.4791  -22.0214  -18.9671  -17.1339  -17.0465  -16.6985  -16.6911   -8.9801   -5.7179   -5.1624   -0.6953   -0.1785    0.0641    0.2808    0.5204    0.9039    1.1817    1.9593    2.4503    4.3355    4.6651
  7.5353  -22.0214  -18.9671  -17.1340  -17.0465  -16.6985  -16.6911   -8.9800   -5.7181   -5.1625   -0.6953   -0.1801    0.0633    0.2822    0.5213    0.9049    1.1818    1.9587    2.4512    4.3265    4.6591
  7.5915  -22.0208  -18.9672  -17.1389  -17.0469  -16.6980  -16.6872   -8.9883   -5.6877   -5.1613   -0.6988   -0.1900    0.0814    0.2941    0.5273    0.9003    1.1796    1.7627    2.6016    4.3236    4.3508
  7.6477  -22.0198  -18.9673  -17.1479  -17.0478  -16.6971  -16.6801   -9.0040   -5.6295   -5.1587   -0.7050   -0.2060    0.1162    0.3143    0.5391    0.8907    1.1734    1.5114    2.7679    3.9976    4.3258
  7.7039  -22.0188  -18.9674  -17.1597  -17.0490  -16.6958  -16.6709   -9.0251   -5.5497   -5.1564   -0.7130   -0.2257    0.1634    0.3396    0.5591    0.8772    1.1465    1.2648    2.9169    3.6556    4.3325
  7.7601  -22.0174  -18.9676  -17.1729  -17.0504  -16.6944  -16.6607   -9.0487   -5.4547   -5.1530   -0.7215   -0.2462    0.2162    0.3667    0.5915    0.8613    0.9597    1.1800    3.0446    3.3394    4.3427
  7.8163  -22.0157  -18.9678  -17.1859  -17.0519  -16.6928  -16.6508   -9.0722   -5.3538   -5.1491   -0.7295   -0.2653    0.2658    0.3928    0.6405    0.7248    0.8448    1.1591    3.0554    3.1513    4.3552
  7.8724  -22.0144  -18.9679  -17.1975  -17.0532  -16.6915  -16.6421   -9.0931   -5.2596   -5.1457   -0.7364   -0.2816    0.3044    0.4155    0.5186    0.7108    0.8296    1.1345    2.8162    3.2336    4.3682
  7.9286  -22.0132  -18.9680  -17.2065  -17.0542  -16.6904  -16.6354   -9.1094   -5.1809   -5.1427   -0.7416   -0.2940    0.3224    0.3674    0.4330    0.7959    0.8173    1.0987    2.6298    3.2943    4.3798
  7.9848  -22.0122  -18.9681  -17.2123  -17.0549  -16.6897  -16.6312   -9.1198   -5.1407   -5.1286   -0.7449   -0.3016    0.2525    0.3507    0.4441    0.8093    0.8867    1.0470    2.5098    3.3317    4.3879
  8.0410  -22.0122  -18.9682  -17.2142  -17.0551  -16.6894  -16.6297   -9.1235   -5.1398   -5.1115   -0.7460   -0.3042    0.2188    0.3542    0.4478    0.8066    0.9579    0.9906    2.4682    3.3433    4.3908
  8.0410  -22.0122  -18.9682  -17.2142  -17.0551  -16.6894  -16.6297   -9.1235   -5.1398   -5.1115   -0.7460   -0.3042    0.2188    0.3542    0.4478    0.8066    0.9579    0.9906    2.4682    3.3433    4.3908
  8.0972  -22.0496  -18.9191  -17.2112  -17.0520  -16.6891  -16.6309   -9.1264   -5.1610   -5.1199   -0.7613   -0.3026    0.2337    0.3461    0.4485    0.8083    0.8462    1.0088    2.6046    3.3062    4.3338
  8.1534  -22.1547  -18.7793  -17.2022  -17.0429  -16.6881  -16.6343   -9.1352   -5.2220   -5.1468   -0.8113   -0.2979    0.2736    0.3147    0.4506    0.6553    0.8123    1.0030    2.9424    3.2036    4.1803
  8.2096  -22.3104  -18.5665  -17.1873  -17.0278  -16.6865  -16.6398   -9.1481   -5.3197   -5.1908   -0.9076   -0.2900    0.2290    0.3280    0.4539    0.5123    0.8160    0.9841    3.0643    3.3879    3.9668
  8.2658  -22.4983  -18.3003  -17.1668  -17.0071  -16.6843  -16.6471   -9.1636   -5.4483   -5.2511   -1.0607   -0.2791    0.1055    0.3584    0.4580    0.4730    0.8159    0.9568    2.9250    3.7253    3.8915
  8.3220  -22.7034  -17.9981  -17.1410  -16.9813  -16.6816  -16.6560   -9.1789   -5.6034   -5.3253   -1.2673   -0.2654    0.0036    0.3478    0.4621    0.4813    0.8086    0.9234    2.8267    3.4761    4.4242
  8.3781  -22.9147  -17.6739  -17.1095  -16.9509  -16.6785  -16.6657   -9.1914   -5.7775   -5.4118   -1.5086   -0.2490   -0.0624    0.3146    0.4608    0.4651    0.7929    0.8854    2.8088    3.2306    4.7752
  8.4343  -23.1243  -17.3440  -17.0684  -16.9166  -16.6750  -16.6744   -9.1980   -5.9635   -5.5081   -1.7639   -0.2301   -0.1037    0.2351    0.4079    0.4647    0.7704    0.8436    2.8956    2.9950    4.5817
  8.4905  -23.3271  -17.0920  -16.9513  -16.8790  -16.6738  -16.6711   -9.1958   -6.1562   -5.6113   -2.0181   -0.2091   -0.1328    0.0594    0.3735    0.4575    0.7451    0.7987    2.7722    3.0807    4.3403
  8.5467  -23.5192  -17.0253  -16.8393  -16.7611  -16.6671  -16.5614   -9.1824   -6.3499   -5.7173   -2.2621   -0.2141   -0.1864   -0.1417    0.3616    0.4389    0.7239    0.7522    2.5635    3.3223    4.1390
  8.6029  -23.6982  -16.9831  -16.7983  -16.7445  -16.6629  -16.2587   -9.1556   -6.5395   -5.8244   -2.4901   -0.5179   -0.1714   -0.1626    0.3618    0.4058    0.7058    0.7133    2.3694    3.4879    4.0999
  8.6591  -23.8618  -16.9446  -16.7574  -16.7523  -16.6586  -15.9429   -9.1142   -6.7208   -5.9283   -2.6989   -0.8596   -0.1948   -0.1383    0.3596    0.3700    0.6610    0.7156    2.1897    3.4248    4.3637
  8.7153  -24.0090  -16.9088  -16.7629  -16.7178  -16.6541  -15.6436   -9.0580   -6.8902   -6.0264   -2.8863   -1.2160   -0.2187   -0.1144    0.3055    0.3830    0.6193    0.7289    2.0241    3.2736    4.7792
  8.7715  -24.1382  -16.8766  -16.7727  -16.6819  -16.6483  -15.3698   -8.9889   -7.0436   -6.1143   -3.0508   -1.5731   -0.2427   -0.0917    0.2499    0.3978    0.5825    0.7514    1.8725    3.1205    5.2498
  8.8276  -24.2486  -16.8503  -16.7793  -16.6580  -16.6342  -15.1282   -8.9102   -7.1784   -6.1891   -3.1915   -1.9160   -0.2657   -0.0716    0.1976    0.4111    0.5527    0.7808    1.7348    2.9849    5.7443
  8.8838  -24.3398  -16.8335  -16.7795  -16.6503  -16.6089  -14.9238   -8.8281   -7.2926   -6.2482   -3.3077   -2.2305   -0.2864   -0.0556    0.1528    0.4189    0.5326    0.8157    1.6116    2.8722    6.2035
  8.9400  -24.4112  -16.8277  -16.7718  -16.6468  -16.5853  -14.7607   -8.7498   -7.3834   -6.2912   -3.3991   -2.5007   -0.3037   -0.0449    0.1186    0.4193    0.5236    0.8541    1.5045    2.7841    6.1489
  8.9962  -24.4625  -16.8280  -16.7616  -16.6448  -16.5674  -14.6423   -8.6856   -7.4496   -6.3189   -3.4650   -2.7103   -0.3167   -0.0401    0.0963    0.4147    0.5225    0.8924    1.4169    2.7211    6.1141
  9.0524  -24.4935  -16.8295  -16.7542  -16.6436  -16.5563  -14.5704   -8.6432   -7.4900   -6.3338   -3.5051   -2.8435   -0.3248   -0.0396    0.0849    0.4098    0.5241    0.9234    1.3562    2.6834    6.0927
  9.1086  -24.5035  -16.8301  -16.7516  -16.6432  -16.5525  -14.5463   -8.6275   -7.5034   -6.3373   -3.5186   -2.8891   -0.3274   -0.0398    0.0817    0.4078    0.5250    0.9360    1.3338    2.6708    6.0855
