#K-Path     Band-1    Band-2    Band-3    Band-4      ...     Band-n
  0.0000  -19.9025  -17.5796  -17.5796  -13.4505  -13.4505  -13.4505  -13.4184  -13.4184   -5.7464   -5.7464   -5.7464   -1.9650   -1.9650   -1.9650   -1.5929   -1.5395   -1.5395   -1.5395   -1.5159   -1.5159   -1.5159   -0.0277   -0.0277   10.9019   10.9019   10.9019   11.1715   11.1715
  0.0454  -19.8970  -17.5811  -17.5786  -13.4514  -13.4514  -13.4505  -13.4199  -13.4178   -5.7595   -5.7422   -5.7422   -2.0046   -2.0046   -1.9668   -1.7643   -1.6073   -1.6073   -1.5395   -1.4057   -1.4057   -1.3635   -0.0276    0.0186   10.6482   10.8873   10.8873   11.1845   11.4195
  0.0908  -19.8835  -17.5859  -17.5756  -13.4539  -13.4539  -13.4503  -13.4244  -13.4162   -5.7978   -5.7299   -5.7299   -2.1073   -2.1073   -1.9985   -1.9723   -1.6408   -1.6408   -1.5396   -1.2625   -1.2625   -1.1950   -0.0275    0.1447   10.2879   10.8443   10.8443   11.2236   11.7495
  0.1363  -19.8634  -17.5941  -17.5707  -13.4581  -13.4581  -13.4500  -13.4319  -13.4136   -5.8580   -5.7094   -5.7094   -2.2594   -2.2432   -2.2432   -1.9813   -1.6507   -1.6507   -1.5397   -1.1118   -1.1118   -1.0233   -0.0275    0.3243    9.9154   10.7725   10.7725   11.2878   12.0497
  0.1817  -19.8367  -17.6056  -17.5641  -13.4639  -13.4639  -13.4496  -13.4421  -13.4100   -5.9351   -5.6811   -5.6811   -2.5387   -2.3935   -2.3935   -1.9934   -1.6499   -1.6499   -1.5400   -0.9590   -0.9590   -0.8355   -0.0276    0.5328    9.5374   10.6760   10.6760   11.3763   12.2825
  0.2271  -19.7998  -17.6206  -17.5553  -13.4709  -13.4709  -13.4547  -13.4491  -13.4055   -6.0232   -5.6449   -5.6449   -2.8232   -2.5477   -2.5477   -2.0058   -1.6366   -1.6366   -1.5402   -0.8055   -0.8055   -0.6258   -0.0276    0.7553    9.1590   10.5637   10.5637   11.4888   12.4578
  0.2725  -19.7572  -17.6391  -17.5462  -13.4790  -13.4790  -13.4695  -13.4485  -13.4003   -6.1169   -5.6014   -5.6014   -3.1118   -2.7041   -2.7041   -2.0267   -1.6208   -1.6208   -1.5404   -0.6567   -0.6567   -0.3957   -0.0276    0.9787    8.7812   10.4353   10.4353   11.6216   12.6162
  0.3180  -19.7080  -17.6620  -17.5354  -13.4881  -13.4881  -13.4861  -13.4479  -13.3945   -6.2120   -5.5509   -5.5509   -3.3987   -2.8599   -2.8599   -2.0462   -1.6029   -1.6029   -1.5407   -0.5129   -0.5129   -0.1479   -0.0277    1.1975    8.4032   10.2974   10.2974   11.7735   12.7797
  0.3634  -19.6534  -17.6884  -17.5221  -13.5039  -13.4977  -13.4977  -13.4472  -13.3883   -6.3029   -5.4922   -5.4922   -3.6815   -3.0130   -3.0130   -2.0641   -1.5841   -1.5841   -1.5410   -0.3751   -0.3751   -0.0276    0.1152    1.4073    8.0272   10.1551   10.1551   11.9432   12.9563
  0.4088  -19.5932  -17.7197  -17.5098  -13.5227  -13.5078  -13.5078  -13.4465  -13.3819   -6.3872   -5.4287   -5.4287   -3.9567   -3.1647   -3.1647   -2.0854   -1.5620   -1.5620   -1.5413   -0.2453   -0.2453   -0.0277    0.3910    1.6039    7.6534   10.0115   10.0115   12.1250   13.1441
  0.4542  -19.5288  -17.7548  -17.4972  -13.5419  -13.5180  -13.5180  -13.4458  -13.3753   -6.4607   -5.3592   -5.3592   -4.2222   -3.3134   -3.3134   -2.1066   -1.5416   -1.5391   -1.5391   -0.1243   -0.1243   -0.0278    0.6743    1.7860    7.2851    9.8710    9.8710   12.3166   13.3425
  0.4997  -19.4613  -17.7935  -17.4846  -13.5609  -13.5279  -13.5279  -13.4451  -13.3688   -6.5213   -5.2842   -5.2842   -4.4763   -3.4589   -3.4589   -2.1288   -1.5419   -1.5160   -1.5160   -0.0279   -0.0126   -0.0126    0.9627    1.9528    6.9226    9.7366    9.7366   12.5147   13.5501
  0.5451  -19.3922  -17.8353  -17.4725  -13.5793  -13.5374  -13.5374  -13.4445  -13.3625   -6.5677   -5.2040   -5.2040   -4.7153   -3.6006   -3.6006   -2.1487   -1.5422   -1.4934   -1.4934   -0.0280    0.0878    0.0878    1.2521    2.1039    6.5676    9.6117    9.6117   12.7121   13.7593
  0.5905  -19.3231  -17.8792  -17.4612  -13.5964  -13.5462  -13.5462  -13.4438  -13.3567   -6.5989   -5.1191   -5.1191   -4.9374   -3.7384   -3.7384   -2.1670   -1.5425   -1.4720   -1.4720   -0.0281    0.1765    0.1765    1.5371    2.2412    6.2222    9.4986    9.4986   12.9043   13.9665
  0.6359  -19.2561  -17.9236  -17.4509  -13.6119  -13.5541  -13.5541  -13.4433  -13.3515   -6.6151   -5.1398   -5.0298   -5.0298   -3.8721   -3.8721   -2.1831   -1.5427   -1.4524   -1.4524   -0.0282    0.2529    0.2529    1.8089    2.3689    5.8896    9.3995    9.3995   13.0850   14.1652
  0.6814  -19.1932  -17.9666  -17.4420  -13.6252  -13.5608  -13.5608  -13.4428  -13.3470   -6.6173   -5.3185   -4.9368   -4.9368   -4.0010   -4.0010   -2.1968   -1.5429   -1.4345   -1.4345   -0.0282    0.3166    0.3166    2.0514    2.4992    5.5749    9.3162    9.3162   13.2474   14.3496
  0.7268  -19.1395  -18.0056  -17.4347  -13.6361  -13.5662  -13.5662  -13.4424  -13.3434   -6.6087   -5.4720   -4.8408   -4.8408   -4.1248   -4.1248   -2.2076   -1.5431   -1.4208   -1.4208   -0.0283    0.3664    0.3664    2.2376    2.6411    5.2864    9.2497    9.2497   13.3841   14.5057
  0.7722  -19.0966  -18.0372  -17.4294  -13.6440  -13.5702  -13.5702  -13.4421  -13.3407   -6.5940   -5.5898   -4.7441   -4.7441   -4.2413   -4.2413   -2.2154   -1.5432   -1.4105   -1.4105   -0.0283    0.4022    0.4022    2.3533    2.8011    5.0421    9.2015    9.2015   13.4882   14.6277
  0.8176  -19.0688  -18.0581  -17.4260  -13.6489  -13.5726  -13.5726  -13.4419  -13.3391   -6.5801   -5.6658   -4.6538   -4.6538   -4.3433   -4.3433   -2.2199   -1.5433   -1.4042   -1.4042   -0.0283    0.4239    0.4239    2.4122    2.9340    4.8694    9.1723    9.1723   13.5538   14.7056
  0.8631  -19.0592  -18.0643  -17.4227  -13.6505  -13.5734  -13.5734  -13.4419  -13.3385   -6.5736   -5.6922   -4.6030   -4.6030   -4.3953   -4.3953   -2.2145   -1.5432   -1.4018   -1.4018   -0.0281    0.4320    0.4320    2.4322    2.9867    4.8054    9.1633    9.1633   13.5839   14.7370
  0.8631  -19.0592  -18.0643  -17.4227  -13.6505  -13.5734  -13.5734  -13.4419  -13.3385   -6.5736   -5.6922   -4.6030   -4.6030   -4.3953   -4.3953   -2.2145   -1.5432   -1.4018   -1.4018   -0.0281    0.4320    0.4320    2.4322    2.9867    4.8054    9.1633    9.1633   13.5839   14.7370
  0.9085  -19.0558  -18.0639  -17.4267  -13.6498  -13.5733  -13.5712  -13.4427  -13.3391   -6.5746   -5.7187   -4.6228   -4.6033   -4.3926   -4.3773   -2.2086   -1.6479   -1.4356   -1.2972    0.0012    0.4262    0.4318    2.4430    2.9882    4.8240    9.1446    9.1491   13.5902   14.7359
  0.9539  -19.0456  -18.0595  -17.4322  -13.6474  -13.5731  -13.5645  -13.4452  -13.3407   -6.5754   -5.7921   -4.6750   -4.5983   -4.3825   -4.3267   -2.1713   -1.8000   -1.5278   -1.1443    0.0806    0.4117    0.4340    2.4817    2.9928    4.8796    9.0924    9.1092   13.6302   14.7457
  0.9993  -19.0287  -18.0523  -17.4413  -13.6436  -13.5727  -13.5535  -13.4493  -13.3434   -6.5768   -5.9002   -4.7582   -4.5899   -4.3660   -4.2561   -2.1099   -1.9552   -1.6607   -0.9881    0.1901    0.3880    0.4376    2.5465    3.0002    4.9699    9.0096    9.0446   13.6941   14.7619
  1.0448  -19.0057  -18.0425  -17.4538  -13.6386  -13.5722  -13.5386  -13.4549  -13.3469   -6.5793   -6.0302   -4.8677   -4.5780   -4.3434   -4.1776   -2.1091   -2.0256   -1.8207   -0.8331    0.3112    0.3557    0.4426    2.6377    3.0097    5.0922    8.9012    8.9577   13.7780   14.7840
  1.0902  -18.9761  -18.0300  -17.4697  -13.6325  -13.5716  -13.5201  -13.4617  -13.3513   -6.5832   -6.1722   -4.9970   -4.5624   -4.3150   -4.0991   -2.2606   -1.9917   -1.9204   -0.6794    0.3159    0.4312    0.4492    2.7538    3.0206    5.2417    8.7744    8.8519   13.8780   14.8115
  1.1356  -18.9412  -18.0155  -17.4887  -13.6256  -13.5708  -13.4987  -13.4697  -13.3562   -6.5892   -6.3190   -5.1400   -4.5434   -4.2821   -4.0263   -2.4093   -2.1693   -1.7977   -0.5312    0.2700    0.4567    0.5421    2.8926    3.0332    5.4135    8.6349    8.7302   13.9903   14.8452
  1.1810  -18.9011  -17.9995  -17.5114  -13.6184  -13.5700  -13.4785  -13.4748  -13.3614   -6.5983   -6.4660   -5.2913   -4.5208   -4.2455   -3.9611   -2.5542   -2.3487   -1.6615   -0.3884    0.2186    0.4655    0.6395    3.0462    3.0508    5.6031    8.4877    8.5969   14.1114   14.8833
  1.2265  -18.8565  -17.9819  -17.5365  -13.6113  -13.5691  -13.4880  -13.4492  -13.3667   -6.6117   -6.6089   -5.4418   -4.4943   -4.2059   -3.9039   -2.6953   -2.5251   -1.5164   -0.2515    0.1642    0.4750    0.7230    3.0593    3.2228    5.8045    8.3398    8.4560   14.2383   14.9251
  1.2719  -18.8078  -17.9633  -17.5639  -13.6045  -13.5682  -13.4978  -13.4226  -13.3716   -6.7453   -6.6307   -5.5856   -4.4638   -4.1642   -3.8538   -2.8319   -2.6957   -1.3652   -0.1218    0.1080    0.4854    0.7928    3.0729    3.4044    6.0131    8.1952    8.3117   14.3693   14.9705
  1.3173  -18.7566  -17.9448  -17.5947  -13.5986  -13.5673  -13.5078  -13.3957  -13.3759   -6.8738   -6.6585   -5.7182   -4.4299   -4.1219   -3.8123   -2.9637   -2.8597   -1.2158   -0.0005    0.0506    0.4961    0.8498    3.0839    3.5864    6.2227    8.0553    8.1676   14.4991   15.0147
  1.3627  -18.7031  -17.9259  -17.6262  -13.5938  -13.5663  -13.5175  -13.3793  -13.3692   -6.9916   -6.6946   -5.8323   -4.3913   -4.0798   -3.7762   -3.0905   -3.0120   -1.0682   -0.0051    0.1115    0.5072    0.8964    3.0945    3.7662    6.4296    7.9255    8.0277   14.6308   15.0618
  1.4082  -18.6485  -17.9073  -17.6588  -13.5904  -13.5654  -13.5268  -13.3817  -13.3438   -7.0979   -6.7399   -5.9253   -4.3480   -4.0391   -3.7452   -3.2120   -3.1522   -0.9263   -0.0576    0.2131    0.5185    0.9341    3.1039    3.9391    6.6293    7.8069    7.8954   14.7597   15.1069
  1.4536  -18.5943  -17.8901  -17.6926  -13.5884  -13.5646  -13.5354  -13.3829  -13.3203   -7.1918   -6.7928   -5.9974   -4.3006   -4.0010   -3.7194   -3.3281   -3.2779   -0.7983   -0.1064    0.3034    0.5292    0.9640    3.1121    4.0967    6.8142    7.7014    7.7737   14.8825   15.1517
  1.4990  -18.5411  -17.8745  -17.7275  -13.5875  -13.5639  -13.5431  -13.3833  -13.2993   -7.2727   -6.8496   -6.0498   -4.2493   -3.9668   -3.6977   -3.4381   -3.3872   -0.6854   -0.1492    0.3822    0.5393    0.9874    3.1188    4.2378    6.9814    7.6104    7.6655   14.9960   15.1876
  1.5444  -18.4923  -17.8606  -17.7595  -13.5876  -13.5632  -13.5497  -13.3829  -13.2813   -7.3393   -6.9038   -6.0859   -4.1923   -3.9371   -3.6801   -3.5430   -3.4781   -0.5895   -0.1842    0.4471    0.5481    1.0060    3.1253    4.3580    7.1265    7.5350    7.5733   15.0984   15.2210
  1.5899  -18.4499  -17.8499  -17.7892  -13.5882  -13.5627  -13.5550  -13.3821  -13.2668   -7.3917   -6.9516   -6.1105   -4.1309   -3.9133   -3.6669   -3.6434   -3.5520   -0.5172   -0.2103    0.4979    0.5548    1.0193    3.1294    4.4523    7.2426    7.4748    7.4993   15.1905   15.2726
  1.6353  -18.4161  -17.8419  -17.8132  -13.5889  -13.5623  -13.5589  -13.3813  -13.2561   -7.4294   -6.9883   -6.1258   -4.0642   -3.8956   -3.7369   -3.6565   -3.6062   -0.4680   -0.2259    0.5351    0.5604    1.0286    3.1328    4.5208    7.3274    7.4328    7.4452   15.2456   15.2868
  1.6807  -18.3936  -17.8367  -17.8292  -13.5895  -13.5621  -13.5612  -13.3807  -13.2496   -7.4520   -7.0111   -6.1340   -3.9941   -3.8846   -3.8227   -3.6505   -3.6378   -0.4402   -0.2326    0.5577    0.5641    1.0343    3.1357    4.5632    7.3808    7.4072    7.4123   15.2369   15.3035
  1.7261  -18.3858  -17.8350  -17.8350  -13.5898  -13.5620  -13.5620  -13.3805  -13.2474   -7.4595   -7.0190   -6.1366   -3.9412   -3.8810   -3.8810   -3.6486   -3.6486   -0.4316   -0.2342    0.5652    0.5652    1.0361    3.1362    4.5774    7.3985    7.3985    7.4012   15.2253   15.3071
  1.7261  -18.3858  -17.8350  -17.8350  -13.5898  -13.5620  -13.5620  -13.3805  -13.2474   -7.4595   -7.0190   -6.1366   -3.9412   -3.8810   -3.8810   -3.6486   -3.6486   -0.4316   -0.2342    0.5652    0.5652    1.0361    3.1362    4.5774    7.3985    7.3985    7.4012   15.2277   15.3071
  1.7904  -18.4016  -17.8334  -17.8290  -13.5893  -13.5614  -13.5613  -13.3809  -13.2518   -7.4448   -7.0033   -6.1315   -4.0291   -3.8744   -3.7969   -3.6409   -3.6396   -0.4484   -0.2316    0.5550    0.5576    1.0322    3.1339    4.5489    7.3713    7.4068    7.4233   15.2313   15.2552
  1.8546  -18.4463  -17.8285  -17.8110  -13.5881  -13.5594  -13.5590  -13.3823  -13.2643   -7.4032   -6.9518   -6.1163   -4.1439   -3.8548   -3.6906   -3.6178   -3.6101   -0.4974   -0.2245    0.5266    0.5347    1.0215    3.1286    4.4653    7.2971    7.4320    7.4890   15.0941   15.2763
  1.9189  -18.5146  -17.8200  -17.7848  -13.5864  -13.5561  -13.5552  -13.3844  -13.2836   -7.3432   -6.8578   -6.0912   -4.2638   -3.8214   -3.5833   -3.5793   -3.5614   -0.5726   -0.2149    0.4805    0.4969    1.0033    3.1140    4.3326    7.1910    7.4739    7.5963   14.8833   15.3143
  1.9831  -18.6032  -17.8099  -17.7556  -13.5847  -13.5516  -13.5501  -13.3872  -13.3076   -7.2736   -6.7150   -6.0594   -4.3883   -3.7759   -3.5270   -3.5020   -3.4765   -0.6800   -0.2065    0.4174    0.4434    0.9765    3.0805    4.1470    7.0683    7.5309    7.7421   14.6410   15.3440
  2.0473  -18.7065  -17.7959  -17.7227  -13.5835  -13.5460  -13.5438  -13.3905  -13.3334   -7.1981   -6.5193   -6.0193   -4.5148   -3.7174   -3.4608   -3.4263   -3.3693   -0.8014   -0.2030    0.3380    0.3756    0.9415    3.0161    3.9250    6.9671    7.6041    7.9224   14.3857   15.3417
  2.1116  -18.8199  -17.7805  -17.6916  -13.5831  -13.5393  -13.5364  -13.3941  -13.3585   -7.1165   -6.2780   -5.9753   -4.6438   -3.6463   -3.3812   -3.3444   -3.2591   -0.9398   -0.2095    0.2465    0.2933    0.8969    2.9053    3.6665    6.9101    7.6936    8.1325   14.1229   15.2695
  2.1758  -18.9397  -17.7634  -17.6624  -13.5832  -13.5318  -13.5283  -13.3979  -13.3807   -7.0273   -5.9962   -5.9283   -4.7737   -3.5633   -3.2900   -3.2545   -3.1464   -1.0825   -0.2293    0.1433    0.1959    0.8417    2.7341    3.3819    6.9274    7.7989    8.3675   13.8583   15.1128
  2.2401  -19.0619  -17.7428  -17.6359  -13.5831  -13.5234  -13.5195  -13.4016  -13.3983   -6.9262   -5.8812   -5.6799   -4.9016   -3.4663   -3.1841   -3.1582   -3.0297   -1.2240   -0.2658    0.0306    0.0876    0.7766    2.5021    3.0769    7.0344    7.9265    8.6220   13.5949   14.8857
  2.3043  -19.1844  -17.7222  -17.6140  -13.5812  -13.5145  -13.5104  -13.4111  -13.4051   -6.8153   -5.8377   -5.3370   -5.0270   -3.3588   -3.0667   -3.0577   -2.9097   -1.3619   -0.3213   -0.0907   -0.0346    0.6990    2.2103    2.7548    7.2316    8.0722    8.8906   13.3334   14.6027
  2.3685  -19.3039  -17.7011  -17.5967  -13.5760  -13.5054  -13.5012  -13.4199  -13.4083   -6.6942   -5.7994   -5.1484   -4.9729   -3.2400   -2.9524   -2.9361   -2.7858   -1.4873   -0.3969   -0.2193   -0.1686    0.6083    1.8753    2.4227    7.5102    8.2409    9.1672   13.0767   14.2907
  2.4328  -19.4168  -17.6804  -17.5840  -13.5661  -13.4961  -13.4921  -13.4254  -13.4111   -6.5643   -5.7690   -5.2626   -4.5933   -3.1108   -2.8421   -2.7909   -2.6567   -1.5989   -0.4923   -0.3525   -0.3142    0.5021    1.5157    2.0849    7.8555    8.4355    9.4475   12.8264   13.9693
  2.4970  -19.5224  -17.6594  -17.5756  -13.5514  -13.4870  -13.4834  -13.4286  -13.4132   -6.4275   -5.7460   -5.3680   -4.2043   -2.9723   -2.7255   -2.6327   -2.5254   -1.6929   -0.6064   -0.4911   -0.4693    0.3750    1.1522    1.7448    8.2512    8.6573    9.7235   12.5847   13.6532
  2.5613  -19.6176  -17.6398  -17.5707  -13.5325  -13.4784  -13.4754  -13.4302  -13.4150   -6.2883   -5.7329   -5.4629   -3.8090   -2.8241   -2.6026   -2.4614   -2.3903   -1.7696   -0.7362   -0.6334   -0.6319    0.2146    0.8127    1.4075    8.6790    8.9064    9.9896   12.3540   13.3543
  2.6255  -19.7011  -17.6228  -17.5696  -13.5113  -13.4705  -13.4682  -13.4308  -13.4163   -6.1522   -5.7286   -5.5462   -3.4165   -2.6683   -2.4754   -2.2794   -2.2519   -1.8285   -0.8819   -0.8011   -0.7787   -0.0007    0.5300    1.0780    9.1211    9.1844   10.2374   12.1344   13.0791
  2.6898  -19.7712  -17.6079  -17.5711  -13.4900  -13.4637  -13.4621  -13.4302  -13.4172   -6.0240   -5.7296   -5.6164   -3.0311   -2.5069   -2.3427   -2.1107   -2.0931   -1.8697   -1.0377   -0.9747   -0.9261   -0.2755    0.3221    0.7625    9.4936    9.5613   10.4589   11.9273   12.8349
  2.7540  -19.8269  -17.5961  -17.5741  -13.4716  -13.4581  -13.4571  -13.4282  -13.4178   -5.9118   -5.7350   -5.6729   -2.6590   -2.3422   -2.2046   -1.9670   -1.9568   -1.8469   -1.1983   -1.1496   -1.0747   -0.5842    0.1718    0.4714    9.8326    9.9830   10.6442   11.7283   12.4641
  2.8182  -19.8676  -17.5870  -17.5770  -13.4588  -13.4539  -13.4535  -13.4245  -13.4181   -5.8232   -5.7405   -5.7135   -2.3118   -2.1795   -2.0541   -1.9524   -1.8211   -1.6979   -1.3543   -1.3193   -1.2251   -0.9019    0.0636    0.2204   10.1992   10.3717   10.7853   11.5300   11.9752
  2.8825  -19.8929  -17.5814  -17.5789  -13.4523  -13.4514  -13.4513  -13.4203  -13.4183   -5.7661   -5.7448   -5.7381   -2.0522   -2.0352   -1.9615   -1.8479   -1.6760   -1.5673   -1.4879   -1.4679   -1.3769   -1.2217   -0.0042    0.0403   10.5890   10.7070   10.8722   11.3237   12.3606
  2.9467  -19.9025  -17.5796  -17.5796  -13.4505  -13.4505  -13.4505  -13.4184  -13.4184   -5.7464   -5.7464   -5.7464   -1.9650   -1.9650   -1.9650   -1.5929   -1.5395   -1.5395   -1.5395   -1.5159   -1.5159   -1.5159   -0.0277   -0.0277   10.9019   10.9019   10.9019   11.1715   11.1715
  2.9467  -19.9025  -17.5796  -17.5796  -13.4505  -13.4505  -13.4505  -13.4184  -13.4184   -5.7464   -5.7464   -5.7464   -1.9650   -1.9650   -1.9650   -1.5929   -1.5395   -1.5395   -1.5395   -1.5159   -1.5159   -1.5159   -0.0277   -0.0277   10.9019   10.9019   10.9019   11.1715   11.1715
  3.0254  -19.8882  -17.5804  -17.5804  -13.4523  -13.4523  -13.4523  -13.4197  -13.4197   -5.7726   -5.7407   -5.7407   -2.0755   -2.0755   -1.9561   -1.9386   -1.6097   -1.6097   -1.5434   -1.3899   -1.3899   -1.1260    0.0405    0.0405   10.5853   10.5853   10.7850   11.5122   11.5122
  3.1041  -19.8512  -17.5832  -17.5832  -13.4590  -13.4590  -13.4574  -13.4215  -13.4215   -5.8474   -5.7252   -5.7252   -2.3220   -2.3079   -2.3079   -1.9297   -1.7103   -1.7103   -1.5128   -1.2020   -1.2020   -0.6893    0.2209    0.2209   10.1949   10.1949   10.4499   11.9720   11.9720
  3.1827  -19.7918  -17.5874  -17.5874  -13.4723  -13.4723  -13.4653  -13.4209  -13.4209   -5.9599   -5.7035   -5.7035   -2.7032   -2.5886   -2.5886   -1.8860   -1.8209   -1.8209   -1.4636   -1.0045   -1.0045   -0.2243    0.4706    0.4706    9.8355    9.8355    9.9569   12.4435   12.4444
  3.2614  -19.7080  -17.5948  -17.5948  -13.4905  -13.4905  -13.4749  -13.4171  -13.4171   -6.0975   -5.6826   -5.6826   -3.0882   -2.9013   -2.9013   -1.9040   -1.9040   -1.8263   -1.3985   -0.8141   -0.8141    0.2649    0.7612    0.7612    9.3571    9.5212    9.5212   12.9161   12.9918
  3.3401  -19.6043  -17.6051  -17.6051  -13.5101  -13.5101  -13.4849  -13.4109  -13.4109   -6.2463   -5.6684   -5.6684   -3.4819   -3.2339   -3.2339   -1.9510   -1.9510   -1.7532   -1.3197   -0.6366   -0.6366    0.7680    1.0734    1.0734    8.6956    9.2548    9.2548   13.2918   13.3857
  3.4188  -19.4819  -17.6183  -17.6183  -13.5278  -13.5278  -13.4938  -13.4028  -13.4028   -6.3951   -5.6672   -5.6672   -3.8838   -3.5786   -3.5786   -1.9522   -1.9522   -1.6635   -1.2299   -0.4755   -0.4755    1.2660    1.3995    1.3995    8.0164    9.0411    9.0411   13.6141   13.8527
  3.4975  -19.3435  -17.6355  -17.6355  -13.5407  -13.5407  -13.4996  -13.3932  -13.3932   -6.5374   -5.6842   -5.6842   -4.2907   -3.9263   -3.9263   -1.9079   -1.9079   -1.5638   -1.1312   -0.3332   -0.3332    1.7300    1.7323    1.7323    7.3676    8.8792    8.8792   13.9356   14.3203
  3.5761  -19.1914  -17.6559  -17.6559  -13.5466  -13.5466  -13.5004  -13.3821  -13.3821   -6.6663   -5.7195   -5.7195   -4.6979   -4.2720   -4.2720   -1.8198   -1.8198   -1.4557   -1.0263   -0.2106   -0.2106    2.0680    2.0680    2.1155    6.8128    8.7712    8.7712   14.2279   14.7958
  3.6548  -19.0318  -17.6793  -17.6793  -13.5443  -13.5443  -13.4948  -13.3698  -13.3698   -6.7799   -5.7736   -5.7736   -5.0991   -4.6092   -4.6092   -1.6985   -1.6985   -1.3396   -0.9186   -0.1062   -0.1062    2.3424    2.4006    2.4006    6.4352    8.7115    8.7115   14.4476   15.2793
  3.7335  -18.8659  -17.7056  -17.7056  -13.5334  -13.5334  -13.4813  -13.3564  -13.3564   -6.8789   -5.8446   -5.8446   -5.4867   -4.9303   -4.9303   -1.5491   -1.5491   -1.2161   -0.8120   -0.0197   -0.0197    2.3410    2.7297    2.7297    6.3157    8.6989    8.6989   14.5521   15.6154
  3.8122  -18.6992  -17.7336  -17.7336  -13.5145  -13.5145  -13.4593  -13.3416  -13.3416   -6.9641   -5.9318   -5.9318   -5.8502   -5.2272   -5.2272   -1.3837   -1.3837   -1.0950   -0.7117    0.0520    0.0520    2.1127    3.0482    3.0482    6.4620    8.7282    8.7282   14.5152   15.2420
  3.8909  -18.5361  -17.7614  -17.7614  -13.4894  -13.4894  -13.4291  -13.3254  -13.3254   -7.0435   -6.1760   -6.0372   -6.0372   -5.4873   -5.4873   -1.2103   -1.2103   -0.9752   -0.6248    0.1115    0.1115    1.7406    3.3538    3.3538    6.7989    8.7931    8.7931   14.3525   14.7808
  3.9695  -18.3833  -17.7899  -17.7899  -13.4612  -13.4612  -13.3920  -13.3074  -13.3074   -7.1320   -6.4479   -6.1663   -6.1663   -5.6989   -5.6989   -1.0436   -1.0436   -0.8640   -0.5618    0.1597    0.1597    1.3201    3.6383    3.6383    7.2383    8.8831    8.8831   14.1015   14.3077
  4.0482  -18.2429  -17.8166  -17.8166  -13.4331  -13.4331  -13.3502  -13.2872  -13.2872   -7.2483   -6.6374   -6.3170   -6.3170   -5.8537   -5.8537   -0.8899   -0.8899   -0.7619   -0.5384    0.1998    0.1998    0.9293    3.8984    3.8984    7.7210    8.9926    8.9926   13.7976   13.8520
  4.1269  -18.1212  -17.8400  -17.8400  -13.4084  -13.4084  -13.3074  -13.2651  -13.2651   -7.3949   -6.7429   -6.4724   -6.4724   -5.9601   -5.9601   -0.7551   -0.7551   -0.6718   -0.5745    0.2331    0.2331    0.6236    4.1280    4.1280    8.2046    9.1111    9.1111   13.4358   13.4572
  4.2056  -18.0212  -17.8590  -17.8590  -13.3892  -13.3892  -13.2674  -13.2429  -13.2429   -7.5439   -6.7887   -6.6114   -6.6114   -6.0331   -6.0331   -0.6749   -0.6432   -0.6432   -0.5993    0.2603    0.2603    0.4351    4.3204    4.3204    8.6611    9.2263    9.2263   13.0762   13.0889
  4.2842  -17.9469  -17.8735  -17.8735  -13.3759  -13.3759  -13.2347  -13.2236  -13.2236   -7.6657   -6.8044   -6.7187   -6.7187   -6.0817   -6.0817   -0.8035   -0.5635   -0.5635   -0.5446    0.2809    0.2809    0.3436    4.4646    4.4646    9.0500    9.3264    9.3264   12.7952   12.8016
  4.3629  -17.9022  -17.8835  -17.8835  -13.3683  -13.3683  -13.2133  -13.2105  -13.2105   -7.7451   -6.8090   -6.7869   -6.7869   -6.1105   -6.1105   -0.9052   -0.5169   -0.5169   -0.5141    0.2938    0.2938    0.3073    4.5528    4.5528    9.3185    9.3920    9.3920   12.6135   12.6230
  4.4416  -17.8870  -17.8870  -17.8870  -13.3658  -13.3658  -13.2058  -13.2058  -13.2058   -7.7720   -6.8098   -6.8098   -6.8098   -6.1204   -6.1204   -0.9430   -0.5030   -0.5030   -0.5030    0.2982    0.2982    0.2982    4.5821    4.5821    9.4166    9.4166    9.4166   12.5504   12.5504
  4.4416  -17.8870  -17.8870  -17.8870  -13.3658  -13.3658  -13.2058  -13.2058  -13.2058   -7.7720   -6.8098   -6.8098   -6.8098   -6.1204   -6.1204   -0.9430   -0.5030   -0.5030   -0.5030    0.2982    0.2982    0.2982    4.5821    4.5821    9.4166    9.4166    9.4166   12.5504   12.5504
  4.5058  -17.8965  -17.8863  -17.8843  -13.3682  -13.3667  -13.2111  -13.2097  -13.2079   -7.7540   -6.8126   -6.7974   -6.7886   -6.1174   -6.1110   -0.9176   -0.5179   -0.5117   -0.5085    0.2913    0.2972    0.3062    4.5516    4.5718    9.3635    9.3724    9.4138   12.5877   12.6076
  4.5701  -17.9238  -17.8836  -17.8753  -13.3751  -13.3698  -13.2261  -13.2211  -13.2141   -7.7009   -6.8193   -6.7604   -6.7246   -6.1064   -6.0819   -0.8466   -0.5586   -0.5351   -0.5233    0.2710    0.2944    0.3356    4.4642    4.5439    9.2182    9.2497    9.4062   12.6858   12.7340
  4.6343  -17.9687  -17.8805  -17.8614  -13.3864  -13.3755  -13.2485  -13.2392  -13.2242   -7.6165   -6.8297   -6.6989   -6.6212   -6.0867   -6.0354   -0.7513   -0.6281   -0.5774   -0.5517    0.2374    0.2909    0.4005    4.3200    4.4941    9.0015    9.0614    9.3954   12.8455   12.9361
  4.6986  -18.0300  -17.8785  -17.8436  -13.4016  -13.3855  -13.2742  -13.2629  -13.2384   -7.5072   -6.8409   -6.6153   -6.4852   -6.0502   -5.9723   -0.7344   -0.7246   -0.5947   -0.5620    0.1912    0.2880    0.5187    4.1246    4.4233    8.7393    8.8242    9.3778   13.0572   13.1709
  4.7628  -18.1045  -17.8775  -17.8206  -13.4199  -13.4015  -13.2981  -13.2907  -13.2561   -7.3793   -6.8492   -6.5099   -6.3349   -5.9764   -5.8927   -0.8492   -0.8387   -0.6511   -0.4541    0.1336    0.2872    0.7038    3.8892    4.3345    8.4576    8.5537    9.3574   13.3115   13.4248
  4.8270  -18.1894  -17.8782  -17.7929  -13.4408  -13.4238  -13.3211  -13.3162  -13.2773   -7.2401   -6.8505   -6.3848   -6.2069   -5.8291   -5.7973   -1.0164   -0.9644   -0.7248   -0.3444    0.0659    0.2892    0.9565    3.6211    4.2265    8.1800    8.2595    9.3341   13.6012   13.6883
  4.8913  -18.2801  -17.8814  -17.7620  -13.4633  -13.4493  -13.3526  -13.3283  -13.3015   -7.0980   -6.8419   -6.2417   -6.1127   -5.6894   -5.5924   -1.2203   -1.0970   -0.8134   -0.2453   -0.0100    0.2952    1.2627    3.3274    4.1035    7.9230    7.9504    9.3110   13.9123   13.9424
  4.9555  -18.3756  -17.8882  -17.7275  -13.4868  -13.4731  -13.3841  -13.3365  -13.3281   -6.9640   -6.8214   -6.0822   -6.0249   -5.5699   -5.2963   -1.4563   -1.2279   -0.9166   -0.1558   -0.0940    0.3051    1.5973    3.0152    3.9649    7.6258    7.7031    9.2894   14.1751   14.2418
  5.0198  -18.4728  -17.9003  -17.6923  -13.5106  -13.4916  -13.4148  -13.3569  -13.3422   -6.8481   -6.7864   -5.9213   -5.9104   -5.4450   -4.9609   -1.7215   -1.3582   -1.0346   -0.1843   -0.0736    0.3174    1.9352    2.6851    3.8129    7.2903    7.5397    9.2657   14.3766   14.5758
  5.0840  -18.5686  -17.9156  -17.6547  -13.5339  -13.5029  -13.4437  -13.3869  -13.3463   -6.7558   -6.7337   -5.7925   -5.7277   -5.3144   -4.5972   -2.0099   -1.4712   -1.1640   -0.2794    0.0041    0.3321    2.2537    2.3482    3.6478    6.9476    7.4534    9.2453   14.5428   14.9154
  5.1482  -18.6617  -17.9351  -17.6166  -13.5562  -13.5063  -13.4703  -13.4175  -13.3493   -6.6898   -6.6633   -5.6385   -5.5383   -5.1843   -4.2160   -2.3162   -1.5675   -1.3040   -0.3789    0.0780    0.3474    2.0049    2.5245    3.4741    6.6040    7.4569    9.2257   14.6680   15.2535
  5.2125  -18.7476  -17.9560  -17.5782  -13.5768  -13.5027  -13.4942  -13.4478  -13.3511   -6.6447   -6.5723   -5.4649   -5.3444   -5.0580   -3.8232   -2.6325   -1.6354   -1.4486   -0.4817    0.1494    0.3642    1.6638    2.7338    3.2982    6.2663    7.5631    9.2096   14.7545   14.9102
  5.2767  -18.8261  -17.9790  -17.5426  -13.5955  -13.5152  -13.4937  -13.4768  -13.3518   -6.6157   -6.4613   -5.2855   -5.1511   -4.9417   -3.4296   -2.9557   -1.6719   -1.5992   -0.5893    0.2151    0.3798    1.3284    2.8746    3.1198    5.9387    7.7635    9.1961   14.5603   14.8004
  5.3410  -18.8949  -18.0012  -17.5089  -13.6118  -13.5330  -13.5036  -13.4815  -13.3511   -6.5973   -6.3301   -5.1083   -4.9629   -4.8374   -3.2775   -3.0414   -1.7481   -1.6731   -0.7011    0.2757    0.3943    1.0045    2.9466    2.9557    5.6331    8.0373    9.1855   14.2627   14.8139
  5.4052  -18.9524  -18.0221  -17.4804  -13.6255  -13.5476  -13.5272  -13.4686  -13.3490   -6.5862   -6.1823   -4.9450   -4.7871   -4.7525   -3.5905   -2.6673   -1.8915   -1.6398   -0.8197    0.3288    0.4071    0.6993    2.7850    2.9927    5.3592    8.3495    9.1768   14.0166   14.8043
  5.4694  -18.9982  -18.0398  -17.4569  -13.6363  -13.5589  -13.5468  -13.4572  -13.3459   -6.5799   -6.0237   -4.8047   -4.6868   -4.6313   -3.8833   -2.3162   -2.0208   -1.5763   -0.9481    0.3724    0.4176    0.4232    2.6425    3.0010    5.1286    8.6588    9.1706   13.8245   14.7810
  5.5337  -19.0320  -18.0538  -17.4394  -13.6442  -13.5670  -13.5613  -13.4487  -13.3424   -6.5765   -5.8681   -4.6967   -4.6409   -4.5068   -4.1387   -2.1262   -1.9997   -1.4989   -1.0933    0.1918    0.4043    0.4250    2.5289    2.9965    4.9526    8.9218    9.1659   13.6868   14.7567
  5.5979  -19.0524  -18.0624  -17.4286  -13.6490  -13.5718  -13.5704  -13.4436  -13.3396   -6.5749   -5.7431   -4.6284   -4.6139   -4.4249   -4.3248   -2.1962   -1.7243   -1.4303   -1.2589    0.0309    0.4243    0.4295    2.4557    2.9896    4.8427    9.0995    9.1633   13.6040   14.7390
  5.6622  -19.0592  -18.0643  -17.4227  -13.6505  -13.5734  -13.5734  -13.4419  -13.3385   -6.5736   -5.6922   -4.6030   -4.6030   -4.3953   -4.3953   -2.2145   -1.5432   -1.4018   -1.4018   -0.0281    0.4320    0.4320    2.4322    2.9867    4.8054    9.1633    9.1633   13.5839   14.7370
  5.6622  -17.8870  -17.8870  -17.8870  -13.3658  -13.3658  -13.2058  -13.2058  -13.2058   -7.7720   -6.8098   -6.8098   -6.8098   -6.1204   -6.1204   -0.9430   -0.5030   -0.5030   -0.5030    0.2982    0.2982    0.2982    4.5821    4.5821    9.4166    9.4166    9.4166   12.5504   12.5504
  5.7076  -17.8908  -17.8867  -17.8867  -13.3673  -13.3659  -13.2085  -13.2085  -13.2062   -7.7630   -6.8156   -6.7992   -6.7992   -6.1205   -6.1141   -0.9302   -0.5106   -0.5106   -0.5025    0.2949    0.2949    0.3050    4.5617    4.5821    9.3944    9.3944    9.4106   12.5656   12.5793
  5.7530  -17.9016  -17.8854  -17.8854  -13.3719  -13.3662  -13.2164  -13.2164  -13.2071   -7.7361   -6.8327   -6.7670   -6.7670   -6.1209   -6.0948   -0.8929   -0.5336   -0.5336   -0.5011    0.2860    0.2860    0.3258    4.5016    4.5820    9.3320    9.3320    9.3925   12.5998   12.6636
  5.7984  -17.9189  -17.8828  -17.8828  -13.3794  -13.3667  -13.2293  -13.2293  -13.2086   -7.6938   -6.8598   -6.7141   -6.7141   -6.1205   -6.0596   -0.8345   -0.5712   -0.5712   -0.4965    0.2745    0.2745    0.3630    4.4063    4.5837    9.2334    9.2334    9.3633   12.6543   12.7966
  5.8439  -17.9434  -17.8806  -17.8806  -13.3896  -13.3673  -13.2467  -13.2467  -13.2107   -7.6382   -6.8964   -6.6414   -6.6414   -6.1213   -6.0114   -0.7605   -0.6355   -0.6355   -0.4935    0.2642    0.2642    0.4197    4.2693    4.5833    9.1070    9.1070    9.3183   12.7316   12.9674
  5.8893  -17.9734  -17.8779  -17.8779  -13.4023  -13.3682  -13.2680  -13.2680  -13.2133   -7.5728   -6.9403   -6.5491   -6.5491   -6.1223   -5.9461   -0.7243   -0.7243   -0.6782   -0.4897    0.2591    0.2591    0.5006    4.0987    4.5829    8.9620    8.9620    9.2587   12.8282   13.1670
  5.9347  -18.0073  -17.8743  -17.8743  -13.4170  -13.3691  -13.2925  -13.2925  -13.2161   -7.5006   -6.9888   -6.4373   -6.4373   -6.1222   -5.8622   -0.8403   -0.8403   -0.5952   -0.4806    0.2610    0.2610    0.6107    3.8946    4.5868    8.8079    8.8079    9.1859   12.9426   13.3872
  5.9801  -18.0453  -17.8708  -17.8708  -13.4334  -13.3702  -13.3194  -13.3194  -13.2193   -7.4278   -7.0415   -6.3084   -6.3084   -6.1235   -5.7568   -0.9805   -0.9805   -0.5189   -0.4758    0.2718    0.2718    0.7529    3.6677    4.5861    8.6460    8.6460    9.0936   13.0728   13.6187
  6.0256  -18.0855  -17.8669  -17.8669  -13.4510  -13.3713  -13.3480  -13.3480  -13.2227   -7.3572   -7.0957   -6.1628   -6.1628   -6.1249   -5.6295   -1.1442   -1.1442   -0.4705   -0.4532    0.2905    0.2905    0.9280    3.4190    4.5855    8.4830    8.4830    8.9836   13.2173   13.8550
  6.0710  -18.1265  -17.8626  -17.8626  -13.4692  -13.3774  -13.3774  -13.3725  -13.2262   -7.2919   -7.1502   -6.1263   -6.0010   -6.0010   -5.4796   -1.3279   -1.3279   -0.4648   -0.3996    0.3167    0.3167    1.1329    3.1545    4.5850    8.3222    8.3222    8.8541   13.3751   14.0903
  6.1164  -18.1677  -17.8585  -17.8585  -13.4877  -13.4067  -13.4067  -13.3737  -13.2296   -7.2338   -7.2027   -6.1277   -5.8251   -5.8251   -5.3106   -1.5306   -1.5306   -0.4591   -0.3571    0.3468    0.3468    1.3628    2.8768    4.5844    8.1675    8.1675    8.7083   13.5433   14.3160
  6.1618  -18.2072  -17.8537  -17.8537  -13.5059  -13.4351  -13.4351  -13.3749  -13.2329   -7.2523   -7.1831   -6.1289   -5.6350   -5.6350   -5.1233   -1.7471   -1.7471   -0.4526   -0.3241    0.3814    0.3814    1.6116    2.5933    4.5847    8.0221    8.0221    8.5464   13.7239   14.5283
  6.2073  -18.2451  -17.8497  -17.8497  -13.5233  -13.4621  -13.4621  -13.3761  -13.2360   -7.2982   -7.1409   -6.1303   -5.4334   -5.4334   -4.9266   -1.9775   -1.9775   -0.4473   -0.2985    0.4157    0.4157    1.8704    2.3089    4.5842    7.8867    7.8867    8.3701   13.9101   14.7186
  6.2527  -18.2803  -17.8466  -17.8466  -13.5395  -13.4868  -13.4868  -13.3771  -13.2389   -7.3394   -7.1063   -6.1319   -5.2211   -5.2211   -4.7252   -2.2199   -2.2199   -0.4447   -0.2788    0.4492    0.4492    2.0295    2.1316    4.5813    7.7631    7.7631    8.1840   14.1059   14.8840
  6.2981  -18.3111  -17.8434  -17.8434  -13.5540  -13.5087  -13.5087  -13.3781  -13.2414   -7.3753   -7.0784   -6.1331   -4.9986   -4.9986   -4.5271   -2.4677   -2.4677   -0.4404   -0.2637    0.4809    0.4809    1.7670    2.3859    4.5807    7.6558    7.6558    7.9958   14.3042   15.0214
  6.3435  -18.3371  -17.8403  -17.8403  -13.5664  -13.5273  -13.5273  -13.3789  -13.2436   -7.4052   -7.0565   -6.1341   -4.7671   -4.7671   -4.3405   -2.7204   -2.7204   -0.4366   -0.2524    0.5101    0.5101    1.5291    2.6226    4.5802    7.5653    7.5653    7.8140   14.5079   15.1300
  6.3890  -18.3585  -17.8385  -17.8385  -13.5764  -13.5423  -13.5423  -13.3796  -13.2453   -7.4289   -7.0403   -6.1356   -4.5294   -4.5294   -4.1795   -2.9774   -2.9774   -0.4358   -0.2442    0.5326    0.5326    1.3256    2.8294    4.5778    7.4924    7.4924    7.6503   14.7112   15.2105
  6.4344  -18.3738  -17.8369  -17.8369  -13.5838  -13.5532  -13.5532  -13.3801  -13.2465   -7.4460   -7.0289   -6.1362   -4.2869   -4.2869   -4.0521   -3.2331   -3.2331   -0.4337   -0.2386    0.5501    0.5501    1.1691    2.9923    4.5774    7.4399    7.4399    7.5182   14.9138   15.2652
  6.4798  -18.3827  -17.8354  -17.8354  -13.5882  -13.5598  -13.5598  -13.3804  -13.2472   -7.4561   -7.0212   -6.1365   -4.0459   -4.0459   -3.9695   -3.4810   -3.4810   -0.4321   -0.2352    0.5615    0.5615    1.0701    3.0999    4.5774    7.4092    7.4092    7.4315   15.1078   15.2968
  6.5252  -18.3858  -17.8350  -17.8350  -13.5898  -13.5620  -13.5620  -13.3805  -13.2474   -7.4595   -7.0190   -6.1366   -3.9412   -3.8810   -3.8810   -3.6486   -3.6486   -0.4316   -0.2342    0.5652    0.5652    1.0361    3.1362    4.5774    7.3985    7.3985    7.4012   15.2291   15.3071
