      #Energy        TDOS-UP        TDOS-DOWN
     -17.57882       0.00000       0.00000
     -17.56482       0.00000       0.00000
     -17.55082       0.00000       0.00000
     -17.53782       0.00000       0.00000
     -17.52382       0.00000       0.00000
     -17.50982       0.00000       0.00000
     -17.49582       0.00000       0.00000
     -17.48182       0.00000       0.00000
     -17.46882       0.00000       0.00000
     -17.45482       0.00000       0.00000
     -17.44082       0.00000       0.00000
     -17.42682       0.00000       0.00000
     -17.41282       0.00000       0.00000
     -17.39982       0.00000       0.00000
     -17.38582       0.00000       0.00000
     -17.37182       0.00000       0.00000
     -17.35782       0.00000       0.00000
     -17.34382       0.00000       0.00000
     -17.33082       0.00000       0.00000
     -17.31682       0.00000       0.00000
     -17.30282       0.00000       0.00000
     -17.28882       0.00000       0.00000
     -17.27482       0.00000       0.00000
     -17.26182       0.00000       0.00000
     -17.24782       0.00000       0.00000
     -17.23382       0.00000       0.00000
     -17.21982       0.00000       0.00000
     -17.20582       0.00000       0.00000
     -17.19282       0.00000       0.00000
     -17.17882       0.00000       0.00000
     -17.16482       0.00000       0.00000
     -17.15082       0.00000       0.00000
     -17.13682       0.00000       0.00000
     -17.12382       0.00000       0.00000
     -17.10982       0.00000       0.00000
     -17.09582       0.00000       0.00000
     -17.08182       0.00000       0.00000
     -17.06782       0.00000       0.00000
     -17.05482       0.00000       0.00000
     -17.04082       0.00000       0.00000
     -17.02682       0.00000       0.00000
     -17.01282       0.00000       0.00000
     -16.99882       0.00000       0.00000
     -16.98582       0.00000       0.00000
     -16.97182       0.00000       0.00000
     -16.95782       0.00000       0.00000
     -16.94382       0.00000       0.00000
     -16.92982       0.00000       0.00000
     -16.91582       0.00000       0.00000
     -16.90282       0.00000       0.00000
     -16.88882       0.00000       0.00000
     -16.87482       0.00000       0.00000
     -16.86082       0.00000       0.00000
     -16.84682       0.00000       0.00000
     -16.83382       0.00000       0.00000
     -16.81982       0.00000       0.00000
     -16.80582       0.00000       0.00000
     -16.79182       0.00000       0.00000
     -16.77782       0.00000       0.00000
     -16.76482       0.00000       0.00000
     -16.75082       0.00000       0.00000
     -16.73682       0.00000       0.00000
     -16.72282       0.00000       0.00000
     -16.70882       0.00000       0.00000
     -16.69582       0.00000       0.00000
     -16.68182       0.00000       0.00000
     -16.66782       0.00000       0.00000
     -16.65382       0.00000       0.00000
     -16.63982       0.00000       0.00000
     -16.62682       0.00000       0.00000
     -16.61282       0.00000       0.00000
     -16.59882       0.00000       0.00000
     -16.58482       0.00000       0.00000
     -16.57082       0.00000       0.00000
     -16.55782       0.00000       0.00000
     -16.54382       0.00000       0.00000
     -16.52982       0.00000       0.00000
     -16.51582       0.00000       0.00000
     -16.50182       0.00000       0.00000
     -16.48882       0.00000       0.00000
     -16.47482       0.00000       0.00000
     -16.46082       0.00000       0.00000
     -16.44682       0.00000       0.00000
     -16.43282       0.00000       0.00000
     -16.41982       0.00000       0.00000
     -16.40582       0.00000       0.00000
     -16.39182       0.00000       0.00000
     -16.37782       0.00000       0.00000
     -16.36382       0.00000       0.00000
     -16.35082       0.00000       0.00000
     -16.33682       0.00000       0.00000
     -16.32282       0.73480       0.00000
     -16.30882       2.20500       0.00000
     -16.29482       4.24400       0.00000
     -16.28082       9.89500       0.00000
     -16.26782      10.73000       0.00000
     -16.25382      12.93000       0.00000
     -16.23982      12.10000       0.00000
     -16.22582       6.42200       0.00000
     -16.21182       4.63900       0.00000
     -16.19882      37.72000       0.00000
     -16.18482      23.27000       0.00000
     -16.17082      23.53000       0.00000
     -16.15682      27.32000       0.00000
     -16.14282      35.61000       0.00000
     -16.12982      23.76000       0.00000
     -16.11582       0.00000       0.00000
     -16.10182       0.00000       0.00000
     -16.08782       0.00000       0.00000
     -16.07382       0.00000       0.00000
     -16.06082       0.00000       0.00000
     -16.04682       0.00000       0.00000
     -16.03282       0.00000       0.00000
     -16.01882       0.00000       0.00000
     -16.00482       0.00000       0.00000
     -15.99182       0.00000       0.00000
     -15.97782       0.00000       0.00000
     -15.96382       0.00000       0.00000
     -15.94982       0.00000       0.00000
     -15.93582       0.00000       0.00000
     -15.92282       0.00000       0.00000
     -15.90882       0.00000       0.00000
     -15.89482       0.00000       0.00000
     -15.88082       0.00000       0.00000
     -15.86682       0.00000       0.00000
     -15.85382       0.00000       0.00000
     -15.83982       0.00000       0.00000
     -15.82582       0.00000       0.00000
     -15.81182       0.00000       0.00000
     -15.79782       0.00000       0.00000
     -15.78482       0.00000       0.00000
     -15.77082       0.00000       0.00000
     -15.75682       0.00000       0.00000
     -15.74282       0.00000       0.00000
     -15.72882       0.00000       0.00000
     -15.71582       0.00000       0.00000
     -15.70182       0.00000       0.00000
     -15.68782       0.00000       0.00000
     -15.67382       0.00000       0.00000
     -15.65982       0.00000       0.00000
     -15.64582       0.00000       0.00000
     -15.63282       0.00000       0.00000
     -15.61882       0.00000       0.00000
     -15.60482       0.00000       0.00000
     -15.59082       0.00000       0.00000
     -15.57682       0.00000       0.00000
     -15.56382       0.00000       0.00000
     -15.54982       0.00000       0.00000
     -15.53582       0.00000       0.00000
     -15.52182       0.00000       0.00000
     -15.50782       0.00000       0.00000
     -15.49482       0.00000       0.00000
     -15.48082       0.00000       0.00000
     -15.46682       0.00000       0.00000
     -15.45282       0.00000       0.00000
     -15.43882       0.00000       0.00000
     -15.42582       0.00000       0.00000
     -15.41182       0.00000       0.00000
     -15.39782       0.00000       0.00000
     -15.38382       0.00000       0.00000
     -15.36982       0.00000       0.00000
     -15.35682       0.00000       0.00000
     -15.34282       0.00000       0.00000
     -15.32882       0.00000       0.00000
     -15.31482       0.00000      -1.26300
     -15.30082       0.00000      -6.35900
     -15.28782       0.00000     -17.00000
     -15.27382       0.00000     -18.25000
     -15.25982       0.00000     -19.36000
     -15.24582       0.00000     -15.37000
     -15.23182       0.00000     -11.81000
     -15.21882       0.00000     -10.82000
     -15.20482       0.00000     -11.19000
     -15.19082       0.00000     -13.49000
     -15.17682       0.00000      -9.63500
     -15.16282       0.00000      -9.76200
     -15.14982       0.00000      -9.90800
     -15.13582       0.00000     -19.57000
     -15.12182       0.00000     -14.41000
     -15.10782       0.00000     -14.62000
     -15.09382       0.00000     -23.76000
     -15.08082       0.00000       0.00000
     -15.06682       0.00000       0.00000
     -15.05282       0.00000       0.00000
     -15.03882       0.00000       0.00000
     -15.02482       0.00000       0.00000
     -15.01182       0.00000       0.00000
     -14.99782       0.00000       0.00000
     -14.98382       0.00000       0.00000
     -14.96982       0.00000       0.00000
     -14.95582       0.00000       0.00000
     -14.94182       0.00000       0.00000
     -14.92882       0.00000       0.00000
     -14.91482       0.00000       0.00000
     -14.90082       0.00000       0.00000
     -14.88682       0.00000       0.00000
     -14.87282       0.00000       0.00000
     -14.85982       0.00000       0.00000
     -14.84582       0.00000       0.00000
     -14.83182       0.00000       0.00000
     -14.81782       0.00000       0.00000
     -14.80382       0.00000       0.00000
     -14.79082       0.00000       0.00000
     -14.77682       0.00000       0.00000
     -14.76282       0.00000       0.00000
     -14.74882       0.00000       0.00000
     -14.73482       0.00000       0.00000
     -14.72182       0.00000       0.00000
     -14.70782       0.00000       0.00000
     -14.69382       0.00000       0.00000
     -14.67982       0.00000       0.00000
     -14.66582       0.00000       0.00000
     -14.65282       0.00000       0.00000
     -14.63882       0.00000       0.00000
     -14.62482       0.00000       0.00000
     -14.61082       0.00000       0.00000
     -14.59682       0.00000       0.00000
     -14.58382       0.00000       0.00000
     -14.56982       0.00000       0.00000
     -14.55582       0.00000       0.00000
     -14.54182       0.00000       0.00000
     -14.52782       0.00000       0.00000
     -14.51482       0.00000       0.00000
     -14.50082       0.00000       0.00000
     -14.48682       0.00000       0.00000
     -14.47282       0.00000       0.00000
     -14.45882       0.00000       0.00000
     -14.44582       0.00000       0.00000
     -14.43182       0.00000       0.00000
     -14.41782       0.00000       0.00000
     -14.40382       0.00000       0.00000
     -14.38982       0.00000       0.00000
     -14.37682       0.00000       0.00000
     -14.36282       0.00000       0.00000
     -14.34882       0.00000       0.00000
     -14.33482       0.00000       0.00000
     -14.32082       0.00000       0.00000
     -14.30682       0.00000       0.00000
     -14.29382       0.00000       0.00000
     -14.27982       0.00000       0.00000
     -14.26582       0.00000       0.00000
     -14.25182       0.00000       0.00000
     -14.23782       0.00000       0.00000
     -14.22482       0.00000       0.00000
     -14.21082       0.00000       0.00000
     -14.19682       0.00000       0.00000
     -14.18282       0.00000       0.00000
     -14.16882       0.00000       0.00000
     -14.15582       0.00000       0.00000
     -14.14182       0.00000       0.00000
     -14.12782       0.00000       0.00000
     -14.11382       0.00000       0.00000
     -14.09982       0.00000       0.00000
     -14.08682       0.00000       0.00000
     -14.07282       0.00000       0.00000
     -14.05882       0.00000       0.00000
     -14.04482       0.00000       0.00000
     -14.03082       0.00000       0.00000
     -14.01782       0.00000       0.00000
     -14.00382       0.00000       0.00000
     -13.98982       0.00000       0.00000
     -13.97582       0.00000       0.00000
     -13.96182       0.00000       0.00000
     -13.94882       0.00000       0.00000
     -13.93482       0.00000       0.00000
     -13.92082       0.00000       0.00000
     -13.90682       0.00000       0.00000
     -13.89282       0.00000       0.00000
     -13.87982       0.00000       0.00000
     -13.86582       0.00000       0.00000
     -13.85182       0.00000       0.00000
     -13.83782       0.00000       0.00000
     -13.82382       0.00000       0.00000
     -13.81082       0.00000       0.00000
     -13.79682       0.00000       0.00000
     -13.78282       0.00000       0.00000
     -13.76882       0.00000       0.00000
     -13.75482       0.00000       0.00000
     -13.74182       0.00000       0.00000
     -13.72782       0.00000       0.00000
     -13.71382       0.00000       0.00000
     -13.69982       0.00000       0.00000
     -13.68582       0.00000       0.00000
     -13.67282       0.00000       0.00000
     -13.65882       0.00000       0.00000
     -13.64482       0.00000       0.00000
     -13.63082       0.00000       0.00000
     -13.61682       0.00000       0.00000
     -13.60282       0.00000       0.00000
     -13.58982       0.00000       0.00000
     -13.57582       0.00000       0.00000
     -13.56182       0.00000       0.00000
     -13.54782       0.00000       0.00000
     -13.53382       0.00000      -9.17200
     -13.52082       9.52100     -10.83000
     -13.50682      11.85000    -218.00000
     -13.49282     225.00000      -5.93400
     -13.47882      10.82000      -5.88800
     -13.46482       9.22400      -5.93500
     -13.45182       9.93800      -6.23000
     -13.43782       7.25500      -7.51300
     -13.42382       6.58000      -5.58900
     -13.40982       6.03800      -4.85700
     -13.39582       6.07800      -4.61700
     -13.38282       6.76700      -4.38700
     -13.36882       7.18900      -4.19800
     -13.35482       9.30300      -4.22000
     -13.34082       8.41800      -4.43300
     -13.32682       7.79300      -4.83400
     -13.31382       7.96700      -5.13700
     -13.29982       7.15000      -6.26000
     -13.28582       7.20600      -6.06700
     -13.27182       5.54100      -5.79200
     -13.25782       2.31800      -5.74700
     -13.24482       0.00000      -5.58000
     -13.23082       0.00000      -5.57300
     -13.21682       0.00000      -5.28400
     -13.20282       0.00000      -5.41800
     -13.18882       0.00000      -5.18300
     -13.17582       0.00000      -4.18900
     -13.16182       0.00000      -2.31800
     -13.14782       0.00000       0.00000
     -13.13382       0.00000       0.00000
     -13.11982       0.00000       0.00000
     -13.10682       0.00000       0.00000
     -13.09282       0.00000       0.00000
     -13.07882       0.00000       0.00000
     -13.06482       0.00000       0.00000
     -13.05082       0.00000       0.00000
     -13.03782       0.00000       0.00000
     -13.02382       0.00000       0.00000
     -13.00982       0.00000       0.00000
     -12.99582       0.00000       0.00000
     -12.98182       0.00000       0.00000
     -12.96782       0.00000       0.00000
     -12.95482       0.00000       0.00000
     -12.94082       0.00000       0.00000
     -12.92682       0.00000       0.00000
     -12.91282       0.00000       0.00000
     -12.89882       0.00000       0.00000
     -12.88582       0.00000       0.00000
     -12.87182       0.00000       0.00000
     -12.85782       0.00000       0.00000
     -12.84382       0.00000       0.00000
     -12.82982       0.00000       0.00000
     -12.81682       0.00000       0.00000
     -12.80282       0.00000       0.00000
     -12.78882       0.00000       0.00000
     -12.77482       0.00000       0.00000
     -12.76082       0.00000       0.00000
     -12.74782       0.00000       0.00000
     -12.73382       0.00000       0.00000
     -12.71982       0.00000       0.00000
     -12.70582       0.00000       0.00000
     -12.69182       0.00000       0.00000
     -12.67882       0.00000       0.00000
     -12.66482       0.00000       0.00000
     -12.65082       0.00000       0.00000
     -12.63682       0.00000       0.00000
     -12.62282       0.00000       0.00000
     -12.60982       0.00000       0.00000
     -12.59582       0.00000       0.00000
     -12.58182       0.00000       0.00000
     -12.56782       0.00000       0.00000
     -12.55382       0.00000       0.00000
     -12.54082       0.00000       0.00000
     -12.52682       0.00000       0.00000
     -12.51282       0.00000       0.00000
     -12.49882       0.00000       0.00000
     -12.48482       0.00000       0.00000
     -12.47182       0.00000       0.00000
     -12.45782       0.00000       0.00000
     -12.44382       0.00000       0.00000
     -12.42982       0.00000       0.00000
     -12.41582       0.00000       0.00000
     -12.40282       0.00000       0.00000
     -12.38882       0.00000       0.00000
     -12.37482       0.00000       0.00000
     -12.36082       0.00000       0.00000
     -12.34682       0.00000       0.00000
     -12.33282       0.00000       0.00000
     -12.31982       0.00000       0.00000
     -12.30582       0.00000       0.00000
     -12.29182       0.00000       0.00000
     -12.27782       0.00000       0.00000
     -12.26382       0.00000       0.00000
     -12.25082       0.00000       0.00000
     -12.23682       0.00000       0.00000
     -12.22282       0.00000       0.00000
     -12.20882       0.00000       0.00000
     -12.19482       0.00000       0.00000
     -12.18182       0.00000       0.00000
     -12.16782       0.00000       0.00000
     -12.15382       0.00000       0.00000
     -12.13982       0.00000       0.00000
     -12.12582       0.00000       0.00000
     -12.11282       0.00000       0.00000
     -12.09882       0.00000       0.00000
     -12.08482       0.00000       0.00000
     -12.07082       0.00000       0.00000
     -12.05682       0.00000       0.00000
     -12.04382       0.00000       0.00000
     -12.02982       0.00000       0.00000
     -12.01582       0.00000       0.00000
     -12.00182       0.00000       0.00000
     -11.98782       0.00000       0.00000
     -11.97482       0.00000       0.00000
     -11.96082       0.00000       0.00000
     -11.94682       0.00000       0.00000
     -11.93282       0.00000       0.00000
     -11.91882       0.00000       0.00000
     -11.90582       0.00000       0.00000
     -11.89182       0.00000       0.00000
     -11.87782       0.00000       0.00000
     -11.86382       0.00000       0.00000
     -11.84982       0.00000       0.00000
     -11.83682       0.00000       0.00000
     -11.82282       0.00000       0.00000
     -11.80882       0.00000       0.00000
     -11.79482       0.00000       0.00000
     -11.78082       0.00000       0.00000
     -11.76782       0.00000       0.00000
     -11.75382       0.00000       0.00000
     -11.73982       0.00000       0.00000
     -11.72582       0.00000       0.00000
     -11.71182       0.00000       0.00000
     -11.69882       0.00000       0.00000
     -11.68482       0.00000       0.00000
     -11.67082       0.00000       0.00000
     -11.65682       0.00000       0.00000
     -11.64282       0.00000       0.00000
     -11.62882       0.00000       0.00000
     -11.61582       0.00000       0.00000
     -11.60182       0.00000       0.00000
     -11.58782       0.00000       0.00000
     -11.57382       0.00000       0.00000
     -11.55982       0.00000       0.00000
     -11.54682       0.00000       0.00000
     -11.53282       0.00000       0.00000
     -11.51882       0.00000       0.00000
     -11.50482       0.00000       0.00000
     -11.49082       0.00000       0.00000
     -11.47782       0.00000       0.00000
     -11.46382       0.00000       0.00000
     -11.44982       0.00000       0.00000
     -11.43582       0.00000       0.00000
     -11.42182       0.00000       0.00000
     -11.40882       0.00000       0.00000
     -11.39482       0.00000       0.00000
     -11.38082       0.00000       0.00000
     -11.36682       0.00000       0.00000
     -11.35282       0.00000       0.00000
     -11.33982       0.00000       0.00000
     -11.32582       0.00000       0.00000
     -11.31182       0.00000       0.00000
     -11.29782       0.00000       0.00000
     -11.28382       0.00000       0.00000
     -11.27082       0.00000       0.00000
     -11.25682       0.00000       0.00000
     -11.24282       0.00000       0.00000
     -11.22882       0.00000       0.00000
     -11.21482       0.00000       0.00000
     -11.20182       0.00000       0.00000
     -11.18782       0.00000       0.00000
     -11.17382       0.00000       0.00000
     -11.15982       0.00000       0.00000
     -11.14582       0.00000       0.00000
     -11.13282       0.00000       0.00000
     -11.11882       0.00000       0.00000
     -11.10482       0.00000       0.00000
     -11.09082       0.00000       0.00000
     -11.07682       0.00000       0.00000
     -11.06382       0.00000       0.00000
     -11.04982       0.00000       0.00000
     -11.03582       0.00000       0.00000
     -11.02182       0.00000       0.00000
     -11.00782       0.00000       0.00000
     -10.99382       0.00000       0.00000
     -10.98082       0.00000       0.00000
     -10.96682       0.00000       0.00000
     -10.95282       0.00000       0.00000
     -10.93882       0.00000       0.00000
     -10.92482       0.00000       0.00000
     -10.91182       0.00000       0.00000
     -10.89782       0.00000       0.00000
     -10.88382       0.00000       0.00000
     -10.86982       0.00000       0.00000
     -10.85582       0.00000       0.00000
     -10.84282       0.00000       0.00000
     -10.82882       0.00000       0.00000
     -10.81482       0.00000       0.00000
     -10.80082       0.00000       0.00000
     -10.78682       0.00000       0.00000
     -10.77382       0.00000       0.00000
     -10.75982       0.00000       0.00000
     -10.74582       0.00000       0.00000
     -10.73182       0.00000       0.00000
     -10.71782       0.00000       0.00000
     -10.70482       0.00000       0.00000
     -10.69082       0.00000       0.00000
     -10.67682       0.00000       0.00000
     -10.66282       0.00000       0.00000
     -10.64882       0.00000       0.00000
     -10.63582       0.00000       0.00000
     -10.62182       0.00000       0.00000
     -10.60782       0.00000       0.00000
     -10.59382       0.00000       0.00000
     -10.57982       0.00000       0.00000
     -10.56682       0.00000       0.00000
     -10.55282       0.00000       0.00000
     -10.53882       0.00000       0.00000
     -10.52482       0.00000       0.00000
     -10.51082       0.00000       0.00000
     -10.49782       0.00000       0.00000
     -10.48382       0.00000       0.00000
     -10.46982       0.00000       0.00000
     -10.45582       0.00000       0.00000
     -10.44182       0.00000       0.00000
     -10.42882       0.00000       0.00000
     -10.41482       0.00000       0.00000
     -10.40082       0.00000       0.00000
     -10.38682       0.00000       0.00000
     -10.37282       0.00000       0.00000
     -10.35982       0.00000       0.00000
     -10.34582       0.00000       0.00000
     -10.33182       0.00000       0.00000
     -10.31782       0.00000       0.00000
     -10.30382       0.00000       0.00000
     -10.28982       0.00000       0.00000
     -10.27682       0.00000       0.00000
     -10.26282       0.00000       0.00000
     -10.24882       0.00000       0.00000
     -10.23482       0.00000       0.00000
     -10.22082       0.00000       0.00000
     -10.20782       0.00000       0.00000
     -10.19382       0.00000       0.00000
     -10.17982       0.00000       0.00000
     -10.16582       0.00000       0.00000
     -10.15182       0.00000       0.00000
     -10.13882       0.00000       0.00000
     -10.12482       0.00000       0.00000
     -10.11082       0.00000       0.00000
     -10.09682       0.00000       0.00000
     -10.08282       0.00000       0.00000
     -10.06982       0.00000       0.00000
     -10.05582       0.00000       0.00000
     -10.04182       0.00000       0.00000
     -10.02782       0.00000       0.00000
     -10.01382       0.00000       0.00000
     -10.00082       0.00000       0.00000
      -9.98682       0.00000       0.00000
      -9.97282       0.00000       0.00000
      -9.95882       0.00000       0.00000
      -9.94482       0.00000       0.00000
      -9.93182       0.00000       0.00000
      -9.91782       0.00000       0.00000
      -9.90382       0.00000       0.00000
      -9.88982       0.00000       0.00000
      -9.87582       0.00000       0.00000
      -9.86282       0.00000       0.00000
      -9.84882       0.00000       0.00000
      -9.83482       0.00000       0.00000
      -9.82082       0.00000       0.00000
      -9.80682       0.00000       0.00000
      -9.79382       0.00000       0.00000
      -9.77982       0.00000       0.00000
      -9.76582       0.00000       0.00000
      -9.75182       0.00000       0.00000
      -9.73782       0.00000       0.00000
      -9.72482       0.00000       0.00000
      -9.71082       0.00000       0.00000
      -9.69682       0.00000       0.00000
      -9.68282       0.00000       0.00000
      -9.66882       0.00000       0.00000
      -9.65482       0.00000       0.00000
      -9.64182       0.00000       0.00000
      -9.62782       0.00000       0.00000
      -9.61382       0.00000       0.00000
      -9.59982       0.00000       0.00000
      -9.58582       0.00000       0.00000
      -9.57282       0.00000       0.00000
      -9.55882       0.00000       0.00000
      -9.54482       0.00000       0.00000
      -9.53082       0.00000       0.00000
      -9.51682       0.00000       0.00000
      -9.50382       0.00000       0.00000
      -9.48982       0.00000       0.00000
      -9.47582       0.00000       0.00000
      -9.46182       0.00000       0.00000
      -9.44782       0.00000       0.00000
      -9.43482       0.00000       0.00000
      -9.42082       0.00000       0.00000
      -9.40682       0.00000       0.00000
      -9.39282       0.00000       0.00000
      -9.37882       0.00000       0.00000
      -9.36582       0.00000       0.00000
      -9.35182       0.00000       0.00000
      -9.33782       0.00000       0.00000
      -9.32382       0.00000       0.00000
      -9.30982       0.00000       0.00000
      -9.29682       0.00000       0.00000
      -9.28282       0.00000       0.00000
      -9.26882       0.00000       0.00000
      -9.25482       0.00000       0.00000
      -9.24082       0.00000       0.00000
      -9.22782       0.00000       0.00000
      -9.21382       0.00000       0.00000
      -9.19982       0.00000       0.00000
      -9.18582       0.00000       0.00000
      -9.17182       0.00000       0.00000
      -9.15882       0.00000       0.00000
      -9.14482       0.00000       0.00000
      -9.13082       0.00000       0.00000
      -9.11682       0.00000       0.00000
      -9.10282       0.00000       0.00000
      -9.08982       0.00000       0.00000
      -9.07582       0.00000       0.00000
      -9.06182       0.00000       0.00000
      -9.04782       0.00000       0.00000
      -9.03382       0.00000       0.00000
      -9.01982       0.00000       0.00000
      -9.00682       0.00000       0.00000
      -8.99282       0.00000       0.00000
      -8.97882       0.00000       0.00000
      -8.96482       0.00000       0.00000
      -8.95082       0.00000       0.00000
      -8.93782       0.00000       0.00000
      -8.92382       0.00000       0.00000
      -8.90982       0.00000       0.00000
      -8.89582       0.00000       0.00000
      -8.88182       0.00000       0.00000
      -8.86882       0.00000       0.00000
      -8.85482       0.00000       0.00000
      -8.84082       0.00000       0.00000
      -8.82682       0.00000       0.00000
      -8.81282       0.00000       0.00000
      -8.79982       0.00000       0.00000
      -8.78582       0.00000       0.00000
      -8.77182       0.00000       0.00000
      -8.75782       0.00000       0.00000
      -8.74382       0.00000       0.00000
      -8.73082       0.00000       0.00000
      -8.71682       0.00000       0.00000
      -8.70282       0.00000       0.00000
      -8.68882       0.00000       0.00000
      -8.67482       0.00000       0.00000
      -8.66182       0.00000       0.00000
      -8.64782       0.00000       0.00000
      -8.63382       0.00000       0.00000
      -8.61982       0.00000       0.00000
      -8.60582       0.00000       0.00000
      -8.59282       0.00000       0.00000
      -8.57882       0.00000       0.00000
      -8.56482       0.00000       0.00000
      -8.55082       0.00000       0.00000
      -8.53682       0.00000       0.00000
      -8.52382       0.00000       0.00000
      -8.50982       0.00000       0.00000
      -8.49582       0.00000       0.00000
      -8.48182       0.00000       0.00000
      -8.46782       0.00000       0.00000
      -8.45482       0.00000       0.00000
      -8.44082       0.00000       0.00000
      -8.42682       0.00000       0.00000
      -8.41282       0.00000       0.00000
      -8.39882       0.00000       0.00000
      -8.38582       0.00000       0.00000
      -8.37182       0.00000       0.00000
      -8.35782       0.00000       0.00000
      -8.34382       0.00000       0.00000
      -8.32982       0.00000       0.00000
      -8.31582       0.00000       0.00000
      -8.30282       0.00000       0.00000
      -8.28882       0.00000       0.00000
      -8.27482       0.00000       0.00000
      -8.26082       0.00000       0.00000
      -8.24682       0.00000       0.00000
      -8.23382       0.00000       0.00000
      -8.21982       0.00000       0.00000
      -8.20582       0.00000       0.00000
      -8.19182       0.00000       0.00000
      -8.17782       0.00000       0.00000
      -8.16482       0.00000       0.00000
      -8.15082       0.00000       0.00000
      -8.13682       0.00000       0.00000
      -8.12282       0.00000       0.00000
      -8.10882       0.00000       0.00000
      -8.09582       0.00000       0.00000
      -8.08182       0.00000       0.00000
      -8.06782       0.00000       0.00000
      -8.05382       0.00000       0.00000
      -8.03982       0.00000       0.00000
      -8.02682       0.00000       0.00000
      -8.01282       0.00000       0.00000
      -7.99882       0.00000       0.00000
      -7.98482       0.00000       0.00000
      -7.97082       0.00000       0.00000
      -7.95782       0.00000       0.00000
      -7.94382       0.00000       0.00000
      -7.92982       0.00000       0.00000
      -7.91582       0.00000       0.00000
      -7.90182       0.00000       0.00000
      -7.88882       0.00000       0.00000
      -7.87482       0.00000       0.00000
      -7.86082       0.00000       0.00000
      -7.84682       0.00000       0.00000
      -7.83282       0.00000       0.00000
      -7.81982       0.00000       0.00000
      -7.80582       0.00000       0.00000
      -7.79182       0.00000       0.00000
      -7.77782       0.00000       0.00000
      -7.76382       0.00000       0.00000
      -7.75082       0.00000       0.00000
      -7.73682       0.00000       0.00000
      -7.72282       0.00000       0.00000
      -7.70882       0.00000       0.00000
      -7.69482       0.00000       0.00000
      -7.68082       0.00000       0.00000
      -7.66782       0.00000       0.00000
      -7.65382       0.00000       0.00000
      -7.63982       0.00000       0.00000
      -7.62582       0.00000       0.00000
      -7.61182       0.00000       0.00000
      -7.59882       0.00000       0.00000
      -7.58482       0.00000       0.00000
      -7.57082       0.00000       0.00000
      -7.55682       0.00000       0.00000
      -7.54282       0.00000       0.00000
      -7.52982       0.00000       0.00000
      -7.51582       0.00000       0.00000
      -7.50182       0.00000       0.00000
      -7.48782       0.00000       0.00000
      -7.47382       0.00000       0.00000
      -7.46082       0.00000       0.00000
      -7.44682       0.00000       0.00000
      -7.43282       0.00000       0.00000
      -7.41882       0.00000       0.00000
      -7.40482       0.00000       0.00000
      -7.39182       0.00000       0.00000
      -7.37782       0.00000       0.00000
      -7.36382       0.00000       0.00000
      -7.34982       0.00000       0.00000
      -7.33582       0.00000       0.00000
      -7.32282       0.00000       0.00000
      -7.30882       0.00000       0.00000
      -7.29482       0.00000       0.00000
      -7.28082       0.00000       0.00000
      -7.26682       0.00000       0.00000
      -7.25382       0.00000       0.00000
      -7.23982       0.00000       0.00000
      -7.22582       0.00000       0.00000
      -7.21182       0.00000       0.00000
      -7.19782       0.00000       0.00000
      -7.18482       0.00000       0.00000
      -7.17082       0.00000       0.00000
      -7.15682       0.00000       0.00000
      -7.14282       0.00000       0.00000
      -7.12882       0.00000       0.00000
      -7.11582       0.00000       0.00000
      -7.10182       0.00000       0.00000
      -7.08782       0.00000       0.00000
      -7.07382       0.00000       0.00000
      -7.05982       0.00000       0.00000
      -7.04682       0.00000       0.00000
      -7.03282       0.00000       0.00000
      -7.01882       0.00000       0.00000
      -7.00482       0.00000       0.00000
      -6.99082       0.00000       0.00000
      -6.97682       0.00000       0.00000
      -6.96382       0.00000       0.00000
      -6.94982       0.00000       0.00000
      -6.93582       0.00000       0.00000
      -6.92182       0.00000       0.00000
      -6.90782       0.00000       0.00000
      -6.89482       0.00000       0.00000
      -6.88082       0.00000       0.00000
      -6.86682       0.00000       0.00000
      -6.85282       0.00000       0.00000
      -6.83882       0.00000       0.00000
      -6.82582       0.00000       0.00000
      -6.81182       0.00000       0.00000
      -6.79782       0.00000       0.00000
      -6.78382       0.00000       0.00000
      -6.76982       0.00000       0.00000
      -6.75682       0.00000       0.00000
      -6.74282       0.00000       0.00000
      -6.72882       0.00000       0.00000
      -6.71482       0.00000       0.00000
      -6.70082       0.00000       0.00000
      -6.68782       0.00000       0.00000
      -6.67382       0.00000       0.00000
      -6.65982       0.00000       0.00000
      -6.64582       0.00000       0.00000
      -6.63182       0.00000       0.00000
      -6.61882       0.00000       0.00000
      -6.60482       0.00000       0.00000
      -6.59082       0.00000       0.00000
      -6.57682       0.00000       0.00000
      -6.56282       0.00000       0.00000
      -6.54982       0.00000       0.00000
      -6.53582       0.00000       0.00000
      -6.52182       0.00000       0.00000
      -6.50782       0.00000       0.00000
      -6.49382       0.00000       0.00000
      -6.48082       0.00000       0.00000
      -6.46682       0.00000       0.00000
      -6.45282       0.00000       0.00000
      -6.43882       0.00000       0.00000
      -6.42482       0.00000       0.00000
      -6.41182       0.00000       0.00000
      -6.39782       0.00000       0.00000
      -6.38382       0.00000       0.00000
      -6.36982       0.00000       0.00000
      -6.35582       0.00000       0.00000
      -6.34182       0.00000       0.00000
      -6.32882       0.00000       0.00000
      -6.31482       0.00000       0.00000
      -6.30082       0.00000       0.00000
      -6.28682       0.00000       0.00000
      -6.27282       0.00000       0.00000
      -6.25982       0.00000       0.00000
      -6.24582       0.00000       0.00000
      -6.23182       0.00000       0.00000
      -6.21782       0.00000       0.00000
      -6.20382       0.00000       0.00000
      -6.19082       0.00000       0.00000
      -6.17682       0.00000       0.00000
      -6.16282       0.00000       0.00000
      -6.14882       0.00000       0.00000
      -6.13482       0.00000       0.00000
      -6.12182       0.00000       0.00000
      -6.10782       0.00000       0.00000
      -6.09382       0.00000       0.00000
      -6.07982       0.00000       0.00000
      -6.06582       0.00000       0.00000
      -6.05282       0.00000       0.00000
      -6.03882       0.00000       0.00000
      -6.02482       0.00000       0.00000
      -6.01082       0.00000       0.00000
      -5.99682       0.00000       0.00000
      -5.98382       0.00000       0.00000
      -5.96982       0.00000       0.00000
      -5.95582       0.00000       0.00000
      -5.94182       0.00000       0.00000
      -5.92782       0.00000       0.00000
      -5.91482       0.00000       0.00000
      -5.90082       0.00000       0.00000
      -5.88682       0.00000       0.00000
      -5.87282       0.00000       0.00000
      -5.85882       0.00000       0.00000
      -5.84582       0.00000       0.00000
      -5.83182       0.00000       0.00000
      -5.81782       0.00000       0.00000
      -5.80382       0.00000       0.00000
      -5.78982       0.00000       0.00000
      -5.77682       0.00000       0.00000
      -5.76282       0.00000       0.00000
      -5.74882       0.00000       0.00000
      -5.73482       0.00000       0.00000
      -5.72082       0.00000       0.00000
      -5.70682       0.00000       0.00000
      -5.69382       0.00000       0.00000
      -5.67982       0.00000       0.00000
      -5.66582       0.00000       0.00000
      -5.65182       0.00000       0.00000
      -5.63782       0.00000       0.00000
      -5.62482       0.00000       0.00000
      -5.61082       0.00000       0.00000
      -5.59682       0.00000       0.00000
      -5.58282       0.00000       0.00000
      -5.56882       0.00000       0.00000
      -5.55582       0.00000       0.00000
      -5.54182       0.00000       0.00000
      -5.52782       0.00000       0.00000
      -5.51382       0.00000       0.00000
      -5.49982       0.00000       0.00000
      -5.48682       0.00000       0.00000
      -5.47282       0.00000       0.00000
      -5.45882       0.00000       0.00000
      -5.44482       0.00000       0.00000
      -5.43082       0.00000       0.00000
      -5.41782       0.00000       0.00000
      -5.40382       0.00000       0.00000
      -5.38982       0.00000       0.00000
      -5.37582       0.00000       0.00000
      -5.36182       0.00000       0.00000
      -5.34882       0.00000       0.00000
      -5.33482       0.00000       0.00000
      -5.32082       0.00000       0.00000
      -5.30682       0.00000       0.00000
      -5.29282       0.00000       0.00000
      -5.27982       0.00000       0.00000
      -5.26582       0.00000       0.00000
      -5.25182       0.00000       0.00000
      -5.23782       0.00000       0.00000
      -5.22382       0.00000       0.00000
      -5.21082       0.00000       0.00000
      -5.19682       0.00000       0.00000
      -5.18282       0.00000       0.00000
      -5.16882       0.00000       0.00000
      -5.15482       0.00000       0.00000
      -5.14182       0.00000       0.00000
      -5.12782       0.00000       0.00000
      -5.11382       0.00000       0.00000
      -5.09982       0.00000       0.00000
      -5.08582       0.00000       0.00000
      -5.07282       0.00000       0.00000
      -5.05882       0.00000       0.00000
      -5.04482       0.00000       0.00000
      -5.03082       0.00000       0.00000
      -5.01682       0.00000       0.00000
      -5.00282       0.00000       0.00000
      -4.98982       0.00000       0.00000
      -4.97582       0.00000       0.00000
      -4.96182       0.00000       0.00000
      -4.94782       0.00000       0.00000
      -4.93382       0.00000       0.00000
      -4.92082       0.00000       0.00000
      -4.90682       0.00000       0.00000
      -4.89282       0.00000       0.00000
      -4.87882       0.00000       0.00000
      -4.86482       0.00000       0.00000
      -4.85182       0.00000       0.00000
      -4.83782       0.00000       0.00000
      -4.82382       0.00000       0.00000
      -4.80982       0.00000       0.00000
      -4.79582       0.00000       0.00000
      -4.78282       0.00000       0.00000
      -4.76882       0.15890       0.00000
      -4.75482       0.10950       0.00000
      -4.74082       0.13470       0.00000
      -4.72682       0.16190       0.00000
      -4.71382       0.19110       0.00000
      -4.69982       0.22230       0.00000
      -4.68582       0.21800       0.00000
      -4.67182       0.23230       0.00000
      -4.65782       0.24580       0.00000
      -4.64482       0.25850       0.00000
      -4.63082       0.27040      -0.14800
      -4.61682       0.28150      -0.09588
      -4.60282       0.29180      -0.11790
      -4.58882       0.30520      -0.14180
      -4.57582       0.31990      -0.16740
      -4.56182       0.33500      -0.19470
      -4.54782       0.35070      -0.22380
      -4.53382       0.36680      -0.21230
      -4.51982       0.37560      -0.22500
      -4.50682       0.38810      -0.23710
      -4.49282       0.40040      -0.24850
      -4.47882       0.41230      -0.25920
      -4.46482       0.42380      -0.26930
      -4.45082       0.43510      -0.27860
      -4.43782       0.44600      -0.29100
      -4.42382       0.45700      -0.30430
      -4.40982       0.46940      -0.31800
      -4.39582       0.48200      -0.33210
      -4.38182       0.49490      -0.34670
      -4.36782       0.50800      -0.35520
      -4.35482       0.52130      -0.36660
      -4.34082       0.53480      -0.37790
      -4.32682       0.54850      -0.38890
      -4.31282       0.57070      -0.39960
      -4.29882       0.58980      -0.41010
      -4.28582       0.60960      -0.42030
      -4.27182       0.63020      -0.42970
      -4.25782       0.65140      -0.44090
      -4.24382       0.67300      -0.45240
      -4.22982       0.69510      -0.46400
      -4.21682       0.71730      -0.47590
      -4.20282       0.73830      -0.48790
      -4.18882       0.75940      -0.50000
      -4.17482       0.78050      -0.51240
      -4.16082       0.80170      -0.52500
      -4.14782       1.12400      -0.54660
      -4.13382       0.92380      -0.56430
      -4.11982       0.93800      -0.58260
      -4.10582       0.94970      -0.60170
      -4.09182       0.95890      -0.62140
      -4.07882       0.96580      -0.64120
      -4.06482       0.97010      -0.66160
      -4.05082       0.91400      -0.68240
      -4.03682       0.90140      -0.70170
      -4.02282       0.89330      -0.72110
      -4.00982       0.88530      -0.74050
      -3.99582       0.87730      -0.76000
      -3.98182       0.86950      -0.77950
      -3.96782       0.86170      -1.09200
      -3.95382       0.85400      -0.88850
      -3.94082       0.85090      -0.89970
      -3.92682       0.84740      -0.90890
      -3.91282       0.84330      -0.91590
      -3.89882       0.83870      -0.92080
      -3.88482       0.83360      -0.92360
      -3.87182       0.82790      -0.86550
      -3.85782       0.80380      -0.85500
      -3.84382       0.79360      -0.84780
      -3.82982       0.78310      -0.84070
      -3.81582       0.77250      -0.83350
      -3.80282       0.76220      -0.82650
      -3.78882       0.75290      -0.81950
      -3.77482       0.74390      -0.81250
      -3.76082       0.73720      -0.80920
      -3.74682       0.73100      -0.80590
      -3.73382       0.72490      -0.80220
      -3.71982       0.71880      -0.79790
      -3.70582       0.71280      -0.79320
      -3.69182       0.70660      -0.78810
      -3.67782       0.70030      -0.78250
      -3.66382       0.69380      -0.75820
      -3.65082       0.68720      -0.74910
      -3.63682       0.68050      -0.73980
      -3.62282       0.67360      -0.73040
      -3.60882       0.66660      -0.72170
      -3.59482       0.65660      -0.71360
      -3.58182       0.64830      -0.70560
      -3.56782       0.64040      -0.69930
      -3.55382       0.63220      -0.69370
      -3.53982       0.62370      -0.68810
      -3.52582       0.61500      -0.68260
      -3.51282       0.60600      -0.67710
      -3.49882       0.59660      -0.67150
      -3.48482       0.58710      -0.66570
      -3.47082       0.57730      -0.65990
      -3.45682       0.56740      -0.65390
      -3.44382       0.55720      -0.64780
      -3.42982       0.54680      -0.64150
      -3.41582       0.53610      -0.63520
      -3.40182       0.52530      -0.62830
      -3.38782       0.51430      -0.62110
      -3.37482       0.50300      -0.61370
      -3.36082       0.72270      -0.60620
      -3.34682       0.48250      -0.59850
      -3.33282       0.46150      -0.59050
      -3.31882       0.43990      -0.58240
      -3.30582       0.41890      -0.57380
      -3.29182       0.39870      -0.56500
      -3.27782       0.37900      -0.55590
      -3.26382       0.33230      -0.54670
      -3.24982       0.32060      -0.53720
      -3.23682       0.30910      -0.52750
      -3.22282       0.29780      -0.51770
      -3.20882       0.28680      -0.50760
      -3.19482       0.27610      -0.49730
      -3.18082       0.26560      -0.48680
      -3.16782       0.25530      -0.47610
      -3.15382       0.24530      -0.68110
      -3.13982       0.23560      -0.44400
      -3.12582       0.22610      -0.42480
      -3.11182       0.21680      -0.40610
      -3.09882       0.20890      -0.38720
      -3.08482       0.19510      -0.36920
      -3.07082       0.18790      -0.35170
      -3.05682       0.18080      -0.30900
      -3.04282       0.17390      -0.29920
      -3.02882       0.16710      -0.28950
      -3.01582       0.16050      -0.28010
      -3.00182       0.15400      -0.27080
      -2.98782       0.14760      -0.26170
      -2.97382       0.14140      -0.25280
      -2.95982       0.13530      -0.24400
      -2.94682       0.12930      -0.23550
      -2.93282       0.12350      -0.22710
      -2.91882       0.11780      -0.21890
      -2.90482       0.11230      -0.21080
      -2.89082       0.10690      -0.20300
      -2.87782       0.10160      -0.19530
      -2.86382       0.10350      -0.18780
      -2.84982       0.09707      -0.17250
      -2.83582       0.09086      -0.16570
      -2.82182       0.08482      -0.16050
      -2.80882       0.07896      -0.15540
      -2.79482       0.07328      -0.15040
      -2.78082       0.06777      -0.14540
      -2.76682       0.06243      -0.14060
      -2.75282       0.05727      -0.13580
      -2.73982       0.05229      -0.13110
      -2.72582       0.04748      -0.12640
      -2.71182       0.04285      -0.12190
      -2.69782       0.03839      -0.11740
      -2.68382       0.03411      -0.11310
      -2.67082       0.07244      -0.10880
      -2.65682       0.00000      -0.10450
      -2.64282       0.00000      -0.10040
      -2.62882       0.00000      -0.09633
      -2.61482       0.00000      -0.09234
      -2.60182       0.00000      -0.08844
      -2.58782       0.00000      -0.08462
      -2.57382       0.00000      -0.08088
      -2.55982       0.00000      -0.07630
      -2.54582       0.00000      -0.07286
      -2.53282       0.00000      -0.06948
      -2.51882       1.05400      -0.06618
      -2.50482       1.40100      -0.06295
      -2.49082       2.00900      -0.05979
      -2.47682       2.57500      -0.05670
      -2.46382       4.12200      -0.05367
      -2.44982       3.59300      -0.05072
      -2.43582       3.74300      -0.04784
      -2.42182       4.06300      -0.04503
      -2.40782       3.70100      -0.04229
      -2.39382       3.51400      -0.03962
      -2.38082       3.58600      -0.03702
      -2.36682       3.62200      -0.03448
      -2.35282       3.67800      -0.03202
      -2.33882       3.88700      -0.02963
      -2.32482       4.43000      -0.02731
      -2.31182       6.53000      -0.02506
      -2.29782       7.33300      -0.02288
      -2.28382       9.22900      -0.07244
      -2.26982      16.74000       0.00000
      -2.25582      31.31000       0.00000
      -2.24282      23.24000       0.00000
      -2.22882      26.81000       0.00000
      -2.21482      73.79000       0.00000
      -2.20082      63.86000       0.00000
      -2.18682      64.47000       0.00000
      -2.17382      53.74000       0.00000
      -2.15982       9.16900       0.00000
      -2.14582       9.02600       0.00000
      -2.13182       8.39800       0.00000
      -2.11782      10.20000       0.00000
      -2.10482      10.61000       0.00000
      -2.09082       6.93900       0.00000
      -2.07682       5.30600       0.00000
      -2.06282       4.68900       0.00000
      -2.04882       4.37000      -0.87520
      -2.03582       4.26900      -0.99040
      -2.02182       4.31900      -1.25200
      -2.00782       4.60600      -1.50200
      -1.99382       7.11500      -1.71800
      -1.97982       7.82600      -1.99100
      -1.96682       9.71200      -2.45400
      -1.95282      13.22000      -2.99700
      -1.93882       9.45900      -3.44500
      -1.92482       6.72600      -3.19200
      -1.91082       7.60700      -3.08200
      -1.89782       6.76300      -3.11800
      -1.88382       5.84900      -3.10100
      -1.86982       5.16700      -2.82300
      -1.85582       4.52500      -2.80100
      -1.84182       4.05600      -2.89300
      -1.82882       4.03000      -2.63700
      -1.81482       4.16200      -2.23200
      -1.80082       4.36700      -1.98700
      -1.78682       4.74500      -1.95800
      -1.77282       5.63400      -1.92300
      -1.75982       5.55300      -1.89200
      -1.74582       5.25300      -1.86500
      -1.73182       4.42500      -1.84500
      -1.71782       2.98400      -1.80700
      -1.70382       2.41500      -1.78500
      -1.68982       2.09300      -1.75100
      -1.67682       1.79900      -1.71400
      -1.66282       1.53400      -1.67500
      -1.64882       1.49100      -1.61500
      -1.63482       1.86400      -1.52600
      -1.62082       4.26400      -1.51400
      -1.60782       4.18000      -1.49900
      -1.59382       3.49300      -1.50000
      -1.57982       3.19800      -1.45500
      -1.56582       3.17500      -1.41200
      -1.55182       3.12500      -1.37300
      -1.53882       3.73300      -1.35100
      -1.52482       3.56100      -1.33000
      -1.51082       3.50800      -1.30900
      -1.49682       3.56000      -1.29000
      -1.48282       3.52500      -1.27200
      -1.46982       3.51400      -1.25900
      -1.45582       3.53400      -1.25300
      -1.44182       3.63700      -1.25100
      -1.42782       3.67400      -1.24900
      -1.41382       3.75200      -1.24600
      -1.40082       4.12100      -1.24800
      -1.38682       3.93100      -1.25500
      -1.37282       4.09400      -1.25400
      -1.35882       5.58000      -1.25400
      -1.34482       6.93100      -1.25900
      -1.33182       9.83300      -1.26500
      -1.31782      12.40000      -1.26900
      -1.30382      14.37000      -1.29900
      -1.28982      11.74000      -1.36200
      -1.27582       6.11800      -1.44700
      -1.26282      11.88000      -1.53700
      -1.24882      12.47000      -1.62900
      -1.23482      25.29000      -1.73100
      -1.22082      18.13000      -2.50300
      -1.20682      15.58000      -5.62800
      -1.19382      18.27000      -3.91500
      -1.17982      21.57000     -11.18000
      -1.16582      14.72000      -8.73600
      -1.15182      12.83000      -8.48900
      -1.13782      12.16000      -8.22200
      -1.12482      10.12000      -8.48500
      -1.11082      10.10000      -6.71800
      -1.09682      10.44000      -6.47300
      -1.08282       8.45100      -7.39100
      -1.06882       7.56300      -2.22200
      -1.05482       6.76200      -2.05700
      -1.04182       8.31400      -1.91400
      -1.02782       6.89200      -1.83100
      -1.01382       5.21500      -1.79800
      -0.99982       4.40400      -1.80600
      -0.98582       0.65200      -1.78900
      -0.97282       0.00000      -1.73500
      -0.95882       0.00000      -1.63800
      -0.94482       0.00000      -1.56200
      -0.93082       0.00000      -1.51200
      -0.91682       0.00000      -1.47000
      -0.90382       0.00000      -1.43600
      -0.88982       0.08663      -1.41200
      -0.87582       0.01518      -1.61600
      -0.86182       0.01621      -2.51600
      -0.84782       0.01726      -2.03400
      -0.83482       0.01834      -1.68600
      -0.82082       0.01944      -0.97590
      -0.80682       0.02057      -1.75600
      -0.79282       0.02172      -1.70700
      -0.77882       0.02289      -1.72900
      -0.76582       0.02409      -1.80700
      -0.75182       0.02532      -1.77700
      -0.73782       0.02657      -1.79700
      -0.72382       0.02785      -1.87900
      -0.70982       0.02915      -2.20300
      -0.69682       0.03048      -2.44100
      -0.68282       0.03183      -2.84800
      -0.66882       0.03321      -3.45100
      -0.65482       0.03461      -7.47500
      -0.64082       0.03604      -4.49500
      -0.62782       0.03749      -3.62900
      -0.61382       0.03897      -3.84800
      -0.59982       0.04047      -4.06200
      -0.58582       0.04200      -4.21100
      -0.57182       0.04355      -4.44500
      -0.55882       0.04513      -4.72700
      -0.54482       0.04674     -11.64000
      -0.53082       0.04836      -5.58400
      -0.51682       0.05002      -5.05500
      -0.50282       0.05170      -4.84700
      -0.48982       0.05340      -5.16500
      -0.47582       0.05513      -4.91000
      -0.46182       0.05688      -4.82100
      -0.44782       0.06336      -4.90300
      -0.43382       0.06530      -4.79400
      -0.42082       0.06723      -4.95300
      -0.40682       0.06915      -4.68100
      -0.39282       0.07105      -6.26900
      -0.37882       0.07295      -6.54000
      -0.36482       0.07484      -7.02600
      -0.35082       0.07672      -7.68800
      -0.33782       0.07859      -8.60500
      -0.32382       0.08045     -14.05000
      -0.30982       0.08231     -12.17000
      -0.29582       0.08415     -12.64000
      -0.28182       0.08598     -14.31000
      -0.26882       0.08781     -14.32000
      -0.25482       0.08962     -13.80000
      -0.24082       0.09142     -13.59000
      -0.22682       0.09322     -11.44000
      -0.21282       0.09501     -10.96000
      -0.19982       0.09678      -8.88200
      -0.18582       0.09855      -6.15000
      -0.17182       0.10060      -5.51800
      -0.15782       0.10290      -4.71800
      -0.14382       0.10530      -4.58900
      -0.13082       0.10780      -5.23700
      -0.11682       0.11030      -6.39400
      -0.10282       0.11290      -7.25000
      -0.08882       0.11570      -6.55400
      -0.07482       0.11840      -8.38800
      -0.06182       0.12130     -13.45000
      -0.04782       0.12430     -17.17000
      -0.03382       0.12730     -21.48000
      -0.01982       0.13040     -32.75000
      -0.00582       0.13360     -25.43000
       0.00718       0.13690     -16.05000
       0.02118       0.14030     -21.04000
       0.03518       0.14370     -15.97000
       0.04918       0.14720     -14.96000
       0.06318       0.15080     -11.87000
       0.07618       0.15450      -8.90700
       0.09018       0.15900      -4.70200
       0.10418       0.16250      -5.16700
       0.11818       0.16610      -6.87300
       0.13218       0.16960     -13.63000
       0.14518       0.17320     -13.89000
       0.15918       0.17670     -13.74000
       0.17318       0.18030     -18.10000
       0.18718       0.18380     -19.19000
       0.20118       0.18740     -27.68000
       0.21418       0.19090     -30.93000
       0.22818       0.19450     -27.80000
       0.24218       0.19800     -11.02000
       0.25618       0.20150     -11.84000
       0.27018       0.21220      -7.52900
       0.28418       0.21740      -3.19600
       0.29718       0.22260      -1.73700
       0.31118       0.22810      -0.76750
       0.32518       0.23360      -0.11620
       0.33918       0.23930      -0.11690
       0.35318       0.24510      -0.11820
       0.36618       0.25100      -0.12040
       0.38018       0.25710      -0.12270
       0.39418       0.26330      -0.12510
       0.40818       0.26960      -0.12750
       0.42218       0.27560      -0.13010
       0.43518       0.28150      -0.13280
       0.44918       0.28760      -0.13550
       0.46318       0.29380      -0.13840
       0.47718       0.30010      -0.14130
       0.49118       0.30660      -0.14440
       0.50418       0.31310      -0.14750
       0.51818       0.31970      -0.15070
       0.53218       0.32650      -0.15410
       0.54618       0.33340      -0.15750
       0.56018       0.34030      -0.16090
       0.57318       0.46990      -0.16440
       0.58718       0.41770      -0.16580
       0.60118       0.44620      -0.16850
       0.61518       0.47290      -0.17120
       0.62918       0.50150      -0.17390
       0.64218       0.53200      -0.17650
       0.65618       0.56440      -0.17910
       0.67018       0.59890      -0.18170
       0.68418       0.63570      -0.18420
       0.69818       0.67500      -0.18660
       0.71118       0.69730      -0.18900
       0.72518       0.73090      -0.19140
       0.73918       0.76480      -0.19380
       0.75318       0.79900      -0.19610
       0.76718       0.83360      -0.20210
       0.78018       0.86860      -0.20540
       0.79418       0.90460      -0.20890
       0.80818       0.94270      -0.21240
       0.82218       0.98350      -0.21600
       0.83618       1.21800      -0.21960
       0.84918       1.24600      -0.22340
       0.86318       1.35700      -0.22720
       0.87718       1.51800      -0.23110
       0.89118       1.68300      -0.23510
       0.90518       1.86200      -0.23910
       0.91918       2.05800      -0.35110
       0.93218       2.28200      -0.28840
       0.94618       3.13200      -0.29850
       0.96018       3.50600      -0.30900
       0.97418       4.00400      -0.31980
       0.98818       4.26200      -0.33100
       1.00118       4.24500      -0.34260
       1.01518       4.49100      -0.35450
       1.02918       4.49200      -0.36680
       1.04318       3.44800      -0.37940
       1.05718       2.76400      -0.39240
       1.07018       2.34000      -0.40580
       1.08418       2.21100      -0.41960
       1.09818       1.75400      -0.42670
       1.11218       1.55700      -0.44240
       1.12618       1.21500      -0.45590
       1.13918       0.93130      -0.46980
       1.15318       0.76530      -0.48400
       1.16718       0.57280      -0.49850
       1.18118       0.59930      -0.51340
       1.19518       0.62730      -0.52850
       1.20818       0.65680      -0.54400
       1.22218       0.68570      -0.55990
       1.23618       0.71520      -0.57620
       1.25018       0.74400      -0.59520
       1.26418       0.75110      -0.61450
       1.27718       1.01700      -0.63450
       1.29118       0.80630      -0.65520
       1.30518       0.81130      -0.81100
       1.31918       0.81460      -0.77650
       1.33318       0.81640      -0.81660
       1.34618       0.81640      -0.85880
       1.36018       0.81520      -0.90310
       1.37418       0.81280      -0.94990
       1.38818       0.80930      -0.99770
       1.40218       0.75680      -1.04800
       1.41518       0.74750      -1.09300
       1.42918       0.73770      -1.14100
       1.44318       0.72750      -1.18900
       1.45718       0.71680      -1.23800
       1.47118       0.70230      -1.30000
       1.48418       0.69310      -1.35700
       1.49818       0.68430      -1.43400
       1.51218       0.67580      -1.82300
       1.52618       0.66770      -1.70800
       1.54018       0.66290      -1.82100
       1.55318       0.65850      -1.94500
       1.56718       0.65470      -2.08600
       1.58118       0.65110      -2.26400
       1.59518       0.64730      -2.46800
       1.60918       0.64330      -2.70000
       1.62318       0.63910      -3.01500
       1.63618       0.63470      -3.18000
       1.65018       0.63010      -3.10300
       1.66418       0.62520      -3.13600
       1.67818       0.60690      -3.13300
       1.69218       0.59970      -3.28700
       1.70518       0.59260      -3.44800
       1.71918       0.58540      -3.54800
       1.73318       0.57820      -3.33000
       1.74718       0.57100      -3.61200
       1.76118       0.56380      -3.14400
       1.77418       0.55670      -2.86800
       1.78818       0.55280      -2.30700
       1.80218       0.54880      -2.35000
       1.81618       0.54490      -1.89900
       1.83018       0.54110      -1.50200
       1.84318       0.53750      -1.16900
       1.85718       0.53400      -0.90370
       1.87118       0.53060      -0.87670
       1.88518       0.52730      -0.85880
       1.89918       0.52400      -0.84280
       1.91218       0.52080      -0.82680
       1.92618       0.51740      -0.81090
       1.94018       0.51410      -0.79500
       1.95418       0.51080      -0.77910
       1.96818       0.50750      -0.76330
       1.98118       0.50410      -0.71850
       1.99518       0.50070      -0.70060
       2.00918       0.49730      -0.68270
       2.02318       0.49400      -0.66500
       2.03718       0.49360      -0.64740
       2.05018       0.49070      -0.63000
       2.06418       0.48760      -0.61310
       2.07818       0.48430      -0.59690
       2.09218       0.48080      -0.58710
       2.10618       0.47720      -0.57930
       2.11918       0.47330      -0.57210
       2.13318       0.46930      -0.56540
       2.14718       0.46490      -0.55920
       2.16118       0.45980      -0.55360
       2.17518       0.45460      -0.54820
       2.18818       0.44920      -0.54290
       2.20218       0.44380      -0.53770
       2.21618       0.43820      -0.53260
       2.23018       0.43250      -0.52750
       2.24418       0.42670      -0.52250
       2.25818       0.42080      -0.51750
       2.27118       0.41470      -0.51270
       2.28518       0.40850      -0.50790
       2.29918       0.40220      -0.50320
       2.31318       0.39580      -0.49850
       2.32718       0.38920      -0.49460
       2.34018       0.38250      -0.49060
       2.35418       0.60330      -0.48770
       2.36818       0.37240      -0.48380
       2.38218       0.35800      -0.47980
       2.39618       0.34390      -0.47560
       2.40918       0.33020      -0.47140
       2.42318       0.31680      -0.46710
       2.43718       0.30380      -0.46270
       2.45118       0.26340      -0.45770
       2.46518       0.25590      -0.45250
       2.47818       0.24860      -0.44710
       2.49218       0.24140      -0.44170
       2.50618       0.23440      -0.43620
       2.52018       0.22740      -0.43050
       2.53418       0.22060      -0.42480
       2.54718       0.21390      -0.41900
       2.56118       0.20740      -0.41310
       2.57518       0.20100      -0.40710
       2.58918       0.19460      -0.40100
       2.60318       0.18850      -0.39470
       2.61618       0.18240      -0.38840
       2.63018       0.17650      -0.38210
       2.64418       0.17070      -0.37560
       2.65818       0.16500      -0.61120
       2.67218       0.15250      -0.37820
       2.68518       0.14910      -0.36290
       2.69918       0.14510      -0.34790
       2.71318       0.14100      -0.33340
       2.72718       0.13710      -0.31920
       2.74118       0.13320      -0.30540
       2.75418       0.12930      -0.29200
       2.76818       0.12550      -0.25180
       2.78218       0.12170      -0.24430
       2.79618       0.11800      -0.23700
       2.81018       0.11430      -0.22980
       2.82318       0.11070      -0.22280
       2.83718       0.10720      -0.21590
       2.85118       0.10360      -0.20910
       2.86518       0.10020      -0.20240
       2.87918       0.09678      -0.19580
       2.89218       0.09343      -0.18940
       2.90618       0.09012      -0.18320
       2.92018       0.08687      -0.17700
       2.93418       0.08367      -0.17100
       2.94818       0.08052      -0.16510
       2.96218       0.07743      -0.15020
       2.97518       0.07599      -0.14680
       2.98918       0.07267      -0.14270
       3.00318       0.06941      -0.13870
       3.01718       0.06622      -0.13480
       3.03118       0.06309      -0.13090
       3.04418       0.06003      -0.12710
       3.05818       0.05704      -0.12330
       3.07218       0.05410      -0.11960
       3.08618       0.05124      -0.11590
       3.10018       0.04844      -0.11230
       3.11318       0.04570      -0.10870
       3.12718       0.04303      -0.10520
       3.14118       0.04042      -0.10170
       3.15518       0.03788      -0.09828
       3.16918       0.03540      -0.09492
       3.18218       0.03299      -0.09161
       3.19618       0.03065      -0.08835
       3.21018       0.02837      -0.08515
       3.22418       0.02615      -0.08200
       3.23818       0.02400      -0.07890
       3.25118       0.02192      -0.07585
       3.26518       0.07244      -0.07286
       3.27918       0.00000      -0.06991
       3.29318       0.00000      -0.06698
       3.30718       0.00000      -0.06411
       3.32018       0.00000      -0.06129
       3.33418       0.00000      -0.05853
       3.34818       0.00000      -0.05582
       3.36218       0.00000      -0.05317
       3.37618       0.00000      -0.05057
       3.38918       0.00000      -0.04802
       3.40318       0.00000      -0.04553
       3.41718       0.00000      -0.04310
       3.43118       0.00000      -0.04072
       3.44518       0.00000      -0.03839
       3.45818       0.00000      -0.03612
       3.47218       0.00000      -0.03391
       3.48618       0.00000      -0.03175
       3.50018       0.00000      -0.02964
       3.51418       0.00000      -0.02759
       3.52718       0.00000      -0.02560
       3.54118       0.00000      -0.02365
       3.55518       0.00000      -0.02177
       3.56918       0.00000      -0.01994
       3.58318       0.00000      -0.07244
       3.59718       0.00000       0.00000
       3.61018       0.00000       0.00000
       3.62418       0.00000       0.00000
       3.63818       0.00000       0.00000
       3.65218       0.00000       0.00000
       3.66618       0.00000       0.00000
       3.67918       0.00000       0.00000
       3.69318       0.00000       0.00000
       3.70718       0.00000       0.00000
       3.72118       0.00000       0.00000
       3.73518       0.00000       0.00000
       3.74818       0.00000       0.00000
       3.76218       0.00000       0.00000
       3.77618       0.00000       0.00000
       3.79018       0.00000       0.00000
       3.80418       0.00000       0.00000
       3.81718       0.00000       0.00000
       3.83118       0.00000       0.00000
       3.84518       0.00000       0.00000
       3.85918       0.00000       0.00000
       3.87318       0.00000       0.00000
       3.88618       0.00000       0.00000
       3.90018       0.00000       0.00000
       3.91418       0.00000       0.00000
       3.92818       0.00000       0.00000
       3.94218       0.00000       0.00000
       3.95518       0.00000       0.00000
       3.96918       0.00000       0.00000
       3.98318       0.00000       0.00000
       3.99718       0.00000       0.00000
       4.01118       0.00000       0.00000
       4.02418       0.00000       0.00000
       4.03818       0.00000       0.00000
       4.05218       0.00000       0.00000
       4.06618       0.00000       0.00000
       4.08018       0.00000       0.00000
       4.09318       0.00000       0.00000
       4.10718       0.00000       0.00000
       4.12118       0.00000       0.00000
       4.13518       0.00000       0.00000
       4.14918       0.00000       0.00000
       4.16218       0.00000       0.00000
       4.17618       0.00000       0.00000
       4.19018       0.00000       0.00000
       4.20418       0.00000       0.00000
       4.21818       0.00000       0.00000
       4.23218       0.00000       0.00000
       4.24518       0.00000       0.00000
       4.25918       0.00000       0.00000
       4.27318       0.00000       0.00000
       4.28718       0.00000       0.00000
       4.30118       0.00000       0.00000
       4.31418       0.00000       0.00000
       4.32818       0.00000       0.00000
       4.34218       0.00000       0.00000
       4.35618       0.00000       0.00000
       4.37018       0.00000       0.00000
       4.38318       0.00000       0.00000
       4.39718       0.00000       0.00000
       4.41118       0.35230       0.00000
       4.42518       0.16320       0.00000
       4.43918       0.19340       0.00000
       4.45218       0.22550       0.00000
       4.46618       0.60150       0.00000
       4.48018       0.44030       0.00000
       4.49418       0.49940       0.00000
       4.50818       0.52870       0.00000
       4.52118       0.58590       0.00000
       4.53518       0.64560       0.00000
       4.54918       0.70770       0.00000
       4.56318       0.73230       0.00000
       4.57718       0.79190       0.00000
       4.59018       0.86520       0.00000
       4.60418       0.92650       0.00000
       4.61818       0.98790       0.00000
       4.63218       1.04900       0.00000
       4.64618       1.11100       0.00000
       4.65918       1.17300       0.00000
       4.67318       1.26200       0.00000
       4.68718       1.34800       0.00000
       4.70118       1.40600       0.00000
       4.71518       1.46300      -0.38680
       4.72818       1.53100      -0.20230
       4.74218       1.59800      -0.23730
       4.75618       1.66500      -0.63710
       4.77018       1.73400      -0.48310
       4.78418       2.35100      -0.54970
       4.79718       3.81600      -0.58030
       4.81118       3.28200      -0.64640
       4.82518       3.36500      -0.67780
       4.83918       3.42600      -0.74060
       4.85318       3.58100      -0.80590
       4.86618       3.24300      -0.87370
       4.88018       3.08400      -0.96540
       4.89418       2.91900      -1.04100
       4.90818       3.04900      -1.11800
       4.92218       3.03000      -1.19500
       4.93618       2.89400      -1.27300
       4.94918       2.86400      -1.43400
       4.96318       2.66200      -2.02800
       4.97718       2.53200      -1.96700
       4.99118       2.44300      -2.15200
       5.00518       2.34600      -2.34100
       5.01818       2.09700      -3.19600
       5.03218       1.95000      -2.83300
       5.04618       1.79600      -2.89700
       5.06018       1.70200      -2.95900
       5.07418       1.65100      -3.01300
       5.08718       1.60000      -3.15400
       5.10118       1.54900      -3.27800
       5.11518       1.49700      -3.37700
       5.12918       1.44500      -2.76000
       5.14318       1.43900      -2.74200
       5.15618       1.31800      -2.71600
       5.17018       1.26900      -2.68500
       5.18418       1.22600      -2.61900
       5.19818       1.18800      -2.68000
       5.21218       1.15600      -2.66600
       5.22518       1.13000      -2.66700
       5.23918       1.10900      -2.66400
       5.25318       1.10700      -2.54200
       5.26718       1.26400      -2.24200
       5.28118       1.13000      -2.16900
       5.29418       1.12000      -2.06900
       5.30818       1.10100      -1.99100
       5.32218       0.98350      -1.82500
       5.33618       0.89330      -1.72700
       5.35018       0.88290      -1.59600
       5.36318       0.88100      -1.63000
       5.37718       0.87990      -1.42400
       5.39118       0.87950      -1.36300
       5.40518       0.87990      -1.30800
       5.41918       0.88070      -1.25900
       5.43218       0.88180      -1.21500
       5.44618       0.88310      -1.17800
       5.46018       0.88760      -1.14600
       5.47418       0.89630      -1.12000
       5.48818       0.90710      -1.10000
       5.50118       0.92100      -1.08700
       5.51518       0.93650      -1.07700
       5.52918       0.93410      -1.07900
       5.54318       0.95580      -1.06900
       5.55718       1.06400      -1.07100
       5.57118       1.14300      -1.09900
       5.58418       1.19500      -1.10500
       5.59818       1.22600      -1.10000
       5.61218       1.10800      -1.00800
       5.62618       1.11800      -0.91030
       5.64018       1.12800      -0.85880
       5.65318       1.13800      -0.85730
       5.66718       1.14800      -0.85670
       5.68118       1.15700      -0.85140
       5.69518       1.16700      -0.84590
       5.70918       1.29800      -0.84330
       5.72218       1.24400      -0.84390
       5.73618       1.29500      -0.84760
       5.75018       1.34800      -0.85330
       5.76418       1.38200      -0.86060
       5.77818       1.46800      -0.93570
       5.79118       1.51900      -1.04900
       5.80518       1.48600      -1.06600
       5.81918       1.42700      -0.89030
       5.83318       1.48000      -0.89730
       5.84718       1.56700      -0.90530
       5.86018       1.63500      -0.91420
       5.87418       1.59400      -0.92400
       5.88818       1.57000      -0.93470
       5.90218       1.55500      -1.01000
       5.91618       1.54300      -1.03600
       5.92918       1.53400      -0.97970
       5.94318       1.53900      -0.97810
       5.95718       1.55800      -0.98580
       5.97118       1.58000      -0.99400
       5.98518       1.60200      -1.00300
       5.99818       1.62400      -1.01100
       6.01218       1.87800      -1.02000
       6.02618       1.72400      -1.03100
       6.04018       1.73100      -1.04600
       6.05418       1.74500      -1.27400
       6.06718       1.76700      -1.29000
       6.08118       1.77800      -1.45400
       6.09518       1.80200      -1.59100
       6.10918       1.82600      -1.55300
       6.12318       1.85200      -1.53400
       6.13618       1.87700      -1.56400
       6.15018       1.90400      -1.52600
       6.16418       1.97000      -1.55500
       6.17818       1.99100      -1.59400
       6.19218       2.01400      -1.63200
       6.20518       2.03800      -1.57000
       6.21918       3.06700      -1.59100
       6.23318      11.63000      -1.61900
       6.24718      10.66000      -1.87200
       6.26118       4.23700      -1.68200
       6.27518       1.82600      -1.71100
       6.28818       0.41420      -1.74000
       6.30218       0.20160      -1.77000
       6.31618       0.21610      -1.80100
       6.33018       0.21730      -1.85500
       6.34418       0.22320      -1.98300
       6.35718       0.23190      -1.99800
       6.37118       0.23770      -2.01700
       6.38518       0.24230      -2.03900
       6.39918       0.24680      -2.06400
       6.41318       0.25120      -2.09900
       6.42618       0.25550      -2.13800
       6.44018       0.25970      -2.20200
       6.45418       0.26380      -2.22300
       6.46818       0.26780      -2.24200
       6.48218       0.27170      -3.61400
       6.49518       0.27550      -3.68200
       6.50918       0.27910      -4.11900
       6.52318       0.28270      -3.53200
       6.53718       0.28620      -3.57500
       6.55118       0.29000      -4.06200
       6.56418       0.29450      -3.94700
       6.57818       0.29910      -5.56800
       6.59218       0.30400      -1.19600
       6.60618       0.30920      -0.67000
       6.62018       0.31470      -0.36010
       6.63318       0.32050      -0.29120
       6.64718       0.32660      -0.29460
       6.66118       0.33300      -0.29790
       6.67518       0.33960      -0.30130
       6.68918       0.34660      -0.30570
       6.70218       0.35380      -0.31030
       6.71618       0.36140      -0.31500
       6.73018       0.65390      -0.32000
       6.74418       0.45240      -0.32520
       6.75818       0.46880      -0.33080
       6.77118       0.48590      -0.33680
       6.78518       0.50430      -0.34320
       6.79918       0.54410      -0.35010
       6.81318       0.58760      -0.35730
       6.82718       0.63470      -0.36500
       6.84018       0.69100      -0.37310
       6.85418       0.73130      -0.38160
       6.86818       0.76860      -0.39060
       6.88218       0.80440      -0.39990
       6.89618       0.84120      -0.42010
       6.91018       0.87900      -0.45260
       6.92318       0.91780      -0.77650
       6.93718       0.98740      -0.60520
       6.95118       1.06600      -0.65320
       6.96518       1.15400      -0.68870
       6.97918       1.25200      -0.72290
       6.99218       1.38500      -0.75670
       7.00618       1.75300      -0.79160
       7.02018       2.02600      -0.82760
       7.03418       2.26000      -0.86460
       7.04818       2.49000      -0.90290
       7.06118       2.67200      -0.96560
       7.07518       3.73600      -1.03200
       7.08918       2.81700      -1.10600
       7.10318       1.70000      -1.24200
       7.11718       1.42800      -1.42600
       7.13018       1.16300      -1.59900
       7.14418       0.84900      -1.76100
       7.15818       0.79540      -1.91200
       7.17218       0.74380      -2.74900
       7.18618       0.69440      -2.84900
       7.19918       0.64690      -3.00100
       7.21318       0.60150      -2.40600
       7.22718       0.56590      -1.40400
       7.24118       0.53890      -1.26200
       7.25518       0.51700      -1.11600
       7.26818       0.50030      -0.98690
       7.28218       0.48840      -0.91230
       7.29618       0.47680      -0.83760
       7.31018       0.46540      -0.76260
       7.32418       0.45440      -0.71110
       7.33718       0.44370      -0.66720
       7.35118       0.43300      -0.62520
       7.36518       0.42020      -0.58500
       7.37918       0.40760      -0.54700
       7.39318       0.39510      -0.52100
       7.40618       0.38280      -0.50020
       7.42018       0.37060      -0.48450
       7.43418       0.35850      -0.47290
       7.44818       0.34660      -0.46210
       7.46218       0.32360      -0.45160
       7.47518       0.30860      -0.44140
       7.48918       0.29450      -0.43140
       7.50318       0.28140      -0.42060
       7.51718       0.26920      -0.40920
       7.53118       0.25790      -0.39790
       7.54518       0.24900      -0.38670
       7.55818       0.24160      -0.37570
       7.57218       0.23400      -0.36470
       7.58618       0.22570      -0.35390
       7.60018       0.21780      -0.34330
       7.61418       0.21000      -0.33280
       7.62718       0.20240      -0.32240
       7.64118       0.19500      -0.30190
       7.65518       0.18770      -0.28870
       7.66918       0.18060      -0.27670
       7.68318       0.17370      -0.26580
       7.69618       0.16700      -0.25620
       7.71018       0.16040      -0.24860
       7.72418       0.15400      -0.24180
       7.73818       0.14770      -0.23480
       7.75218       0.14160      -0.22760
       7.76518       0.13570      -0.21990
       7.77918       0.13010      -0.21230
       7.79318       0.12490      -0.20480
       7.80718       0.12020      -0.19750
       7.82118       0.11600      -0.19040
       7.83418       0.11240      -0.18340
       7.84818       0.10930      -0.17660
       7.86218       0.10650      -0.16990
       7.87618       0.10380      -0.16340
       7.89018       0.10110      -0.15710
       7.90318       0.09846      -0.15090
       7.91718       0.09587      -0.14490
       7.93118       0.09333      -0.13900
       7.94518       0.09084      -0.13330
       7.95918       0.08839      -0.12810
       7.97218       0.08599      -0.12330
       7.98618       0.08363      -0.11890
       8.00018       0.08132      -0.11500
       8.01418       0.07906      -0.11150
       8.02818       0.07684      -0.10860
       8.04118       0.07467      -0.10580
       8.05518       0.07254      -0.10310
       8.06918       0.07045      -0.10050
       8.08318       0.06842      -0.09786
       8.09718       0.06643      -0.09529
       8.11018       0.06448      -0.09277
       8.12418       0.06258      -0.09029
       8.13818       0.06073      -0.08786
       8.15218       0.05892      -0.08547
       8.16618       0.05715      -0.08312
       8.17918       0.05343      -0.08082
       8.19318       0.05180      -0.07857
       8.20718       0.05019      -0.07636
       8.22118       0.04860      -0.07420
       8.23518       0.04703      -0.07208
       8.24918       0.04549      -0.07000
       8.26218       0.04398      -0.06797
       8.27618       0.04248      -0.06599
       8.29018       0.04101      -0.06405
       8.30418       0.03957      -0.06215
       8.31818       0.03814      -0.06030
       8.33118       0.03674      -0.05849
       8.34518       0.03537      -0.05493
       8.35918       0.03401      -0.05324
       8.37318       0.03268      -0.05158
       8.38718       0.03138      -0.04993
       8.40018       0.03010      -0.04832
       8.41418       0.02884      -0.04672
       8.42818       0.02760      -0.04515
       8.44218       0.02639      -0.04361
       8.45618       0.02520      -0.04209
       8.46918       0.02404      -0.04059
       8.48318       0.02289      -0.03912
       8.49718       0.02178      -0.03768
       8.51118       0.02068      -0.03625
       8.52518       0.01961      -0.03486
       8.53818       0.01856      -0.03348
       8.55218       0.01754      -0.03213
       8.56618       0.01654      -0.03081
       8.58018       0.01556      -0.02951
       8.59418       0.01461      -0.02823
       8.60718       0.01368      -0.02698
       8.62118       0.07244      -0.02576
       8.63518       0.00000      -0.02455
       8.64918       0.00000      -0.02337
       8.66318       0.00000      -0.02222
       8.67618       0.00000      -0.02109
       8.69018       0.00000      -0.01999
       8.70418       0.00000      -0.01891
       8.71818       0.00000      -0.01785
       8.73218       0.00000      -0.01682
       8.74518       0.00000      -0.01581
       8.75918       0.00000      -0.01483
       8.77318       0.00000      -0.01387
       8.78718       0.00000      -0.07244
       8.80118       0.00000       0.00000
       8.81418       0.00000       0.00000
       8.82818       0.00000       0.00000
       8.84218       0.00000       0.00000
       8.85618       0.00000       0.00000
       8.87018       0.00000       0.00000
       8.88418       0.00000       0.00000
       8.89718       0.00000       0.00000
       8.91118       0.00000       0.00000
       8.92518       0.00000       0.00000
       8.93918       0.00000       0.00000
       8.95318       0.00000       0.00000
       8.96618       0.00000       0.00000
       8.98018       0.00000       0.00000
       8.99418       0.00000       0.00000
       9.00818       0.00000       0.00000
       9.02218       0.00000       0.00000
       9.03518       0.00000       0.00000
       9.04918       0.00000       0.00000
       9.06318       0.00000       0.00000
       9.07718       0.00000       0.00000
       9.09118       0.00000       0.00000
       9.10418       0.00000       0.00000
       9.11818       0.00000       0.00000
       9.13218       0.00000       0.00000
       9.14618       0.00000       0.00000
       9.16018       0.00000       0.00000
       9.17318       0.00000       0.00000
       9.18718       0.00000       0.00000
       9.20118       0.00000       0.00000
       9.21518       0.00000       0.00000
       9.22918       0.00000       0.00000
       9.24218       0.00000       0.00000
       9.25618       0.00000       0.00000
       9.27018       0.00000       0.00000
       9.28418       0.00000       0.00000
       9.29818       0.00000       0.00000
       9.31118       0.00000       0.00000
       9.32518       0.00000       0.00000
       9.33918       0.00000       0.00000
       9.35318       0.00000       0.00000
       9.36718       0.00000       0.00000
       9.38018       0.00000       0.00000
       9.39418       0.00000       0.00000
       9.40818       0.00000       0.00000
       9.42218       0.00000       0.00000
       9.43618       0.00000       0.00000
       9.44918       0.00000       0.00000
       9.46318       0.00000       0.00000
       9.47718       0.00000       0.00000
       9.49118       0.00000       0.00000
       9.50518       0.00000       0.00000
       9.51818       0.00000       0.00000
       9.53218       0.00000       0.00000
       9.54618       0.00000       0.00000
       9.56018       0.00000       0.00000
       9.57418       0.00000       0.00000
       9.58818       0.00000       0.00000
       9.60118       0.00000       0.00000
       9.61518       0.00000       0.00000
       9.62918       0.00000       0.00000
       9.64318       0.00000       0.00000
       9.65718       0.00000       0.00000
       9.67018       0.00000       0.00000
       9.68418       0.00000       0.00000
       9.69818       0.00000       0.00000
       9.71218       0.00000       0.00000
       9.72618       0.00000       0.00000
       9.73918       0.00000       0.00000
       9.75318       0.00000       0.00000
       9.76718       0.00000       0.00000
       9.78118       0.00000       0.00000
       9.79518       0.00000       0.00000
       9.80818       0.00000       0.00000
       9.82218       0.00000       0.00000
       9.83618       0.00000       0.00000
       9.85018       0.00000       0.00000
       9.86418       0.00000       0.00000
       9.87718       0.00000       0.00000
       9.89118       0.00000       0.00000
       9.90518       0.00000       0.00000
       9.91918       0.00000       0.00000
       9.93318       0.00000       0.00000
       9.94618       0.00000       0.00000
       9.96018       0.00000       0.00000
       9.97418       0.00000       0.00000
       9.98818       0.00000       0.00000
      10.00218       0.00000       0.00000
      10.01518       0.00000       0.00000
      10.02918       0.00000       0.00000
