      #Energy        TDOS-UP        TDOS-DOWN
     -27.91156       0.00000       0.00000
     -27.83556       0.00000       0.00000
     -27.75956       0.00000       0.00000
     -27.68256       0.00000       0.00000
     -27.60656       0.00000       0.00000
     -27.53056       0.00000       0.00000
     -27.45356       0.00000       0.00000
     -27.37756       0.00000       0.00000
     -27.30156       0.00000       0.00000
     -27.22456       0.00000       0.00000
     -27.14856       0.00000       0.00000
     -27.07256       0.00000       0.00000
     -26.99556       0.00000       0.00000
     -26.91956       0.00000       0.00000
     -26.84356       0.00000       0.00000
     -26.76656       0.00000       0.00000
     -26.69056       0.00000       0.00000
     -26.61456       0.00000       0.00000
     -26.53756       0.00000       0.00000
     -26.46156       0.00000       0.00000
     -26.38556       0.00000       0.00000
     -26.30856       0.00000       0.00000
     -26.23256       0.00000       0.00000
     -26.15556       0.00000       0.00000
     -26.07956       0.00000       0.00000
     -26.00356       0.00000       0.00000
     -25.92656       0.00000       0.00000
     -25.85056       0.00000       0.00000
     -25.77456       0.00000       0.00000
     -25.69756       0.00000       0.00000
     -25.62156       0.00000      -0.00000
     -25.54556       0.00000      -0.00000
     -25.46856       0.00000      -0.00000
     -25.39256       0.00000      -0.00000
     -25.31656       0.00000      -0.00000
     -25.23956       0.00000      -0.00000
     -25.16356       0.00000      -0.00000
     -25.08756       0.00001      -0.00001
     -25.01056       0.00008      -0.00007
     -24.93456       0.00068      -0.00064
     -24.85856       0.00449      -0.00424
     -24.78156       0.02251      -0.02142
     -24.70556       0.08596      -0.08254
     -24.62856       0.25060      -0.24290
     -24.55256       0.55980      -0.54730
     -24.47656       0.96090      -0.94760
     -24.39956       1.27400      -1.26700
     -24.32356       1.31400      -1.31700
     -24.24756       1.07200      -1.08300
     -24.17056       0.71680      -0.72840
     -24.09456       0.42630      -0.43400
     -24.01856       0.25990      -0.26370
     -23.94156       0.18560      -0.18720
     -23.86556       0.15540      -0.15600
     -23.78956       0.14100      -0.14140
     -23.71256       0.13200      -0.13220
     -23.63656       0.12510      -0.12530
     -23.56056       0.11960      -0.11970
     -23.48356       0.11500      -0.11510
     -23.40756       0.11110      -0.11120
     -23.33156       0.10780      -0.10790
     -23.25456       0.10510      -0.10520
     -23.17856       0.10280      -0.10280
     -23.10156       0.10090      -0.10090
     -23.02556       0.09940      -0.09943
     -22.94956       0.09824      -0.09825
     -22.87256       0.09750      -0.09749
     -22.79656       0.09714      -0.09712
     -22.72056       0.09717      -0.09713
     -22.64356       0.09781      -0.09774
     -22.56756       0.09913      -0.09903
     -22.49156       0.10150      -0.10140
     -22.41456       0.10670      -0.10640
     -22.33856       0.12050      -0.11950
     -22.26256       0.15880      -0.15630
     -22.18556       0.24950      -0.24420
     -22.10956       0.40950      -0.40150
     -22.03356       0.59840      -0.59110
     -21.95656       0.70980      -0.70810
     -21.88056       0.65560      -0.66130
     -21.80456       0.46350      -0.47290
     -21.72756       0.24880      -0.25680
     -21.65156       0.10100      -0.10550
     -21.57556       0.03094      -0.03270
     -21.49856       0.00714      -0.00764
     -21.42256       0.00124      -0.00135
     -21.34556       0.00016      -0.00018
     -21.26956       0.00002      -0.00002
     -21.19356       0.00000      -0.00000
     -21.11656       0.00000      -0.00000
     -21.04056       0.00000      -0.00000
     -20.96456       0.00000      -0.00000
     -20.88756       0.00000      -0.00000
     -20.81156       0.00000      -0.00000
     -20.73556       0.00000      -0.00000
     -20.65856       0.00000       0.00000
     -20.58256       0.00000       0.00000
     -20.50656       0.00000       0.00000
     -20.42956       0.00000       0.00000
     -20.35356       0.00000       0.00000
     -20.27756       0.00000       0.00000
     -20.20056       0.00000       0.00000
     -20.12456       0.00000       0.00000
     -20.04856       0.00000      -0.00000
     -19.97156       0.00000      -0.00000
     -19.89556       0.00000      -0.00000
     -19.81856       0.00000      -0.00000
     -19.74256       0.00000      -0.00000
     -19.66656       0.00000      -0.00000
     -19.58956       0.00000      -0.00000
     -19.51356       0.00002      -0.00002
     -19.43756       0.00017      -0.00016
     -19.36056       0.00126      -0.00123
     -19.28456       0.00722      -0.00707
     -19.20856       0.03109      -0.03056
     -19.13156       0.10090      -0.09956
     -19.05556       0.24700      -0.24460
     -18.97956       0.45700      -0.45420
     -18.90256       0.64110      -0.63940
     -18.82656       0.68660      -0.68710
     -18.75056       0.56990      -0.57210
     -18.67356       0.37990      -0.38230
     -18.59756       0.22150      -0.22310
     -18.52156       0.13280      -0.13350
     -18.44456       0.09460      -0.09489
     -18.36856       0.07950      -0.07960
     -18.29156       0.07397      -0.07399
     -18.21556       0.07187      -0.07189
     -18.13956       0.06843      -0.06849
     -18.06256       0.06407      -0.06410
     -17.98656       0.06302      -0.06299
     -17.91056       0.06460      -0.06457
     -17.83356       0.06334      -0.06339
     -17.75756       0.05882      -0.05889
     -17.68156       0.05702      -0.05699
     -17.60456       0.06053      -0.06044
     -17.52856       0.06682      -0.06673
     -17.45256       0.08362      -0.08334
     -17.37556       0.14740      -0.14630
     -17.29956       0.32250      -0.31980
     -17.22356       0.66550      -0.66070
     -17.14656       1.16100      -1.15500
     -17.07056       1.69500      -1.68900
     -16.99456       2.14200      -2.13600
     -16.91756       2.53300      -2.52600
     -16.84156       3.13400      -3.12100
     -16.76556       4.23600      -4.21500
     -16.68856       5.78200      -5.75800
     -16.61256       7.18000      -7.16600
     -16.53556       7.62900      -7.63400
     -16.45956       6.73800      -6.76100
     -16.38356       4.88000      -4.91000
     -16.30656       2.88100      -2.90600
     -16.23056       1.38900      -1.40400
     -16.15456       0.56020      -0.56680
     -16.07756       0.20870      -0.21090
     -16.00156       0.09571      -0.09623
     -15.92556       0.06827      -0.06837
     -15.84856       0.06077      -0.06084
     -15.77256       0.05673      -0.05676
     -15.69656       0.05753      -0.05744
     -15.61956       0.06250      -0.06238
     -15.54356       0.06521      -0.06520
     -15.46756       0.06291      -0.06297
     -15.39056       0.06103      -0.06100
     -15.31456       0.06426      -0.06412
     -15.23856       0.06959      -0.06947
     -15.16156       0.07187      -0.07183
     -15.08556       0.07162      -0.07159
     -15.00856       0.07365      -0.07351
     -14.93256       0.08105      -0.08075
     -14.85656       0.09537      -0.09479
     -14.77956       0.12600      -0.12470
     -14.70356       0.19630      -0.19340
     -14.62756       0.32410      -0.31960
     -14.55056       0.48330      -0.47880
     -14.47456       0.59650      -0.59460
     -14.39856       0.59820      -0.59990
     -14.32156       0.49980      -0.50350
     -14.24556       0.37270      -0.37620
     -14.16956       0.27730      -0.27950
     -14.09256       0.23050      -0.23130
     -14.01656       0.22610      -0.22580
     -13.94056       0.26180      -0.26040
     -13.86356       0.34000      -0.33760
     -13.78756       0.44120      -0.43870
     -13.71156       0.50700      -0.50630
     -13.63456       0.47730      -0.47950
     -13.55856       0.35350      -0.35740
     -13.48256       0.20180      -0.20550
     -13.40556       0.08795      -0.09021
     -13.32956       0.02909      -0.03005
     -13.25256       0.00728      -0.00758
     -13.17656       0.00137      -0.00144
     -13.10056       0.00020      -0.00021
     -13.02356       0.00002      -0.00002
     -12.94756       0.00000      -0.00000
     -12.87156       0.00000      -0.00000
     -12.79456       0.00000      -0.00000
     -12.71856       0.00000      -0.00000
     -12.64256       0.00000      -0.00000
     -12.56556       0.00000      -0.00000
     -12.48956       0.00000      -0.00000
     -12.41356       0.00000       0.00000
     -12.33656       0.00000       0.00000
     -12.26056       0.00000       0.00000
     -12.18456       0.00000       0.00000
     -12.10756       0.00000       0.00000
     -12.03156       0.00000       0.00000
     -11.95556       0.00000       0.00000
     -11.87856       0.00000       0.00000
     -11.80256       0.00000       0.00000
     -11.72556       0.00000       0.00000
     -11.64956       0.00000       0.00000
     -11.57356       0.00000       0.00000
     -11.49656       0.00000       0.00000
     -11.42056       0.00000       0.00000
     -11.34456       0.00000       0.00000
     -11.26756       0.00000       0.00000
     -11.19156       0.00000       0.00000
     -11.11556       0.00000       0.00000
     -11.03856       0.00000       0.00000
     -10.96256       0.00000       0.00000
     -10.88656       0.00000       0.00000
     -10.80956       0.00000       0.00000
     -10.73356       0.00000       0.00000
     -10.65756       0.00000       0.00000
     -10.58056       0.00000       0.00000
     -10.50456       0.00000       0.00000
     -10.42856       0.00000       0.00000
     -10.35156       0.00000       0.00000
     -10.27556       0.00000      -0.00000
     -10.19856       0.00000      -0.00000
     -10.12256       0.00000      -0.00000
     -10.04656       0.00000      -0.00000
      -9.96956       0.00000      -0.00000
      -9.89356       0.00000      -0.00000
      -9.81756       0.00000      -0.00000
      -9.74056       0.00001      -0.00001
      -9.66456       0.00010      -0.00009
      -9.58856       0.00078      -0.00072
      -9.51156       0.00474      -0.00439
      -9.43556       0.02211      -0.02074
      -9.35956       0.07985      -0.07577
      -9.28256       0.22510      -0.21600
      -9.20656       0.50060      -0.48580
      -9.13056       0.89360      -0.87630
      -9.05356       1.31300      -1.29900
      -8.97756       1.63900      -1.63500
      -8.90156       1.80800      -1.81200
      -8.82456       1.82800      -1.83700
      -8.74856       1.75000      -1.75800
      -8.67256       1.60800      -1.61500
      -8.59556       1.39800      -1.40500
      -8.51956       1.10900      -1.11700
      -8.44256       0.77340      -0.78110
      -8.36656       0.47320      -0.47900
      -8.29056       0.26980      -0.27310
      -8.21356       0.16530      -0.16670
      -8.13756       0.12300      -0.12350
      -8.06156       0.10800      -0.10820
      -7.98456       0.10220      -0.10230
      -7.90856       0.10020      -0.10010
      -7.83256       0.10430      -0.10350
      -7.75556       0.12750      -0.12440
      -7.67956       0.19380      -0.18650
      -7.60356       0.32400      -0.31170
      -7.52656       0.50050      -0.48660
      -7.45056       0.65040      -0.64180
      -7.37456       0.69640      -0.69730
      -7.29756       0.63280      -0.64030
      -7.22156       0.52710      -0.53510
      -7.14556       0.45100      -0.45490
      -7.06856       0.43970      -0.43800
      -6.99256       0.50170      -0.49460
      -6.91556       0.61990      -0.61020
      -6.83956       0.73330      -0.72690
      -6.76356       0.76120      -0.76350
      -6.68656       0.67800      -0.68790
      -6.61056       0.54460      -0.55590
      -6.53456       0.45420      -0.46140
      -6.45756       0.46310      -0.46490
      -6.38156       0.56060      -0.55910
      -6.30556       0.67270      -0.67120
      -6.22856       0.70790      -0.70870
      -6.15256       0.63370      -0.63660
      -6.07656       0.50140      -0.50470
      -5.99956       0.38530      -0.38760
      -5.92356       0.32230      -0.32320
      -5.84756       0.31350      -0.31310
      -5.77056       0.34820      -0.34690
      -5.69456       0.41010      -0.40830
      -5.61856       0.47570      -0.47400
      -5.54156       0.52490      -0.52340
      -5.46556       0.56190      -0.55930
      -5.38856       0.62230      -0.61640
      -5.31256       0.75590      -0.74430
      -5.23656       0.97450      -0.95890
      -5.15956       1.19500      -1.18300
      -5.08356       1.25900      -1.26100
      -5.00756       1.07400      -1.09000
      -4.93056       0.71930      -0.74020
      -4.85456       0.37240      -0.38860
      -4.77856       0.14800      -0.15640
      -4.70156       0.04502      -0.04809
      -4.62556       0.01104      -0.01126
      -4.54956       0.00566      -0.00200
      -4.47256       0.01748      -0.00027
      -4.39656       0.05872      -0.00003
      -4.32056       0.15150      -0.00000
      -4.24356       0.29750      -0.00000
      -4.16756       0.44800      -0.00000
      -4.09156       0.52430      -0.00005
      -4.01456       0.49010      -0.00044
      -3.93856       0.38580      -0.00279
      -3.86256       0.28090      -0.01325
      -3.78556       0.21360      -0.04747
      -3.70956       0.18800      -0.12880
      -3.63256       0.20700      -0.26560
      -3.55656       0.30080      -0.41890
      -3.48056       0.52720      -0.51130
      -3.40356       0.93470      -0.49410
      -3.32756       1.51100      -0.39580
      -3.25156       2.19000      -0.28700
      -3.17456       2.95100      -0.21850
      -3.09856       3.87200      -0.20860
      -3.02256       4.96300      -0.26320
      -2.94556       5.91400      -0.37380
      -2.86956       6.18300      -0.49410
      -2.79356       5.51000      -0.55270
      -2.71656       4.27400      -0.51400
      -2.64056       3.21400      -0.41200
      -2.56456       2.79500      -0.30990
      -2.48756       2.92100      -0.24240
      -2.41156       3.19800      -0.20700
      -2.33556       3.37000      -0.18950
      -2.25856       3.41100      -0.18040
      -2.18256       3.31800      -0.17450
      -2.10556       2.99900      -0.16920
      -2.02956       2.40500      -0.16450
      -1.95356       1.65500      -0.16180
      -1.87656       0.97040      -0.16140
      -1.80056       0.50300      -0.16070
      -1.72456       0.26340      -0.15840
      -1.64756       0.17220      -0.15800
      -1.57156       0.14540      -0.16290
      -1.49556       0.13610      -0.17250
      -1.41856       0.13100      -0.19080
      -1.34256       0.13050      -0.23780
      -1.26656       0.13200      -0.34030
      -1.18956       0.12990      -0.49730
      -1.11356       0.12500      -0.65660
      -1.03756       0.12380      -0.75290
      -0.96056       0.12790      -0.79340
      -0.88456       0.13130      -0.87980
      -0.80856       0.12800      -1.10300
      -0.73156       0.12220      -1.42700
      -0.65556       0.12610      -1.71400
      -0.57956       0.14920      -1.88200
      -0.50256       0.19880      -2.00000
      -0.42656       0.29050      -2.19400
      -0.34956       0.44460      -2.46500
      -0.27356       0.65790      -2.65400
      -0.19756       0.88550      -2.63000
      -0.12056       1.06900      -2.45900
      -0.04456       1.18800      -2.34200
       0.03144       1.26400      -2.40900
       0.10844       1.32000      -2.63100
       0.18444       1.35700      -2.93300
       0.26044       1.37100      -3.31600
       0.33744       1.36000      -3.80500
       0.41344       1.32500      -4.32000
       0.48944       1.28900      -4.67200
       0.56644       1.30600      -4.72500
       0.64244       1.41900      -4.56400
       0.71844       1.61500      -4.43500
       0.79544       1.82700      -4.46300
       0.87144       1.96100      -4.48300
       0.94744       1.93800      -4.22600
       1.02444       1.75000      -3.65200
       1.10044       1.46800      -2.97800
       1.17744       1.18300      -2.41300
       1.25344       0.95030      -1.98100
       1.32944       0.77640      -1.61700
       1.40644       0.64770      -1.30400
       1.48244       0.55540      -1.05300
       1.55844       0.50180      -0.84800
       1.63544       0.49020      -0.67500
       1.71144       0.52270      -0.55910
       1.78744       0.60960      -0.54400
       1.86444       0.75190      -0.63340
       1.94044       0.90100      -0.76220
       2.01644       0.96860      -0.83170
       2.09344       0.91060      -0.79140
       2.16944       0.78290      -0.68730
       2.24544       0.68640      -0.62250
       2.32244       0.67310      -0.67780
       2.39844       0.72320      -0.85450
       2.47444       0.78830      -1.06900
       2.55144       0.83350      -1.21500
       2.62744       0.85050      -1.24900
       2.70444       0.84650      -1.20800
       2.78044       0.83500      -1.14500
       2.85644       0.83410      -1.08700
       2.93344       0.86160      -1.04400
       3.00944       0.92210      -1.02000
       3.08544       1.01000      -1.02800
       3.16244       1.12200      -1.09500
       3.23844       1.25500      -1.22700
       3.31444       1.36600      -1.36100
       3.39144       1.39200      -1.39400
       3.46744       1.30100      -1.29600
       3.54344       1.13900      -1.13500
       3.62044       0.99090      -0.98440
       3.69644       0.92350      -0.85210
       3.77244       0.94990      -0.72070
       3.84944       1.02700      -0.60250
       3.92544       1.09000      -0.52210
       4.00144       1.09500      -0.48290
       4.07844       1.04600      -0.48390
       4.15444       0.97210      -0.55420
       4.23044       0.89500      -0.72820
       4.30744       0.82460      -0.97530
       4.38344       0.76730      -1.18400
       4.46044       0.72570      -1.25000
       4.53644       0.68960      -1.17100
       4.61244       0.64740      -1.03000
       4.68944       0.60250      -0.91090
       4.76544       0.56420      -0.83960
       4.84144       0.53170      -0.79720
       4.91844       0.50640      -0.76240
       4.99444       0.50430      -0.73680
       5.07044       0.54070      -0.73560
       5.14744       0.61800      -0.76510
       5.22344       0.72730      -0.81890
       5.29944       0.84740      -0.88860
       5.37644       0.95160      -0.96410
       5.45244       1.03400      -1.03200
       5.52844       1.11700      -1.08800
       5.60544       1.22200      -1.14700
       5.68144       1.34800      -1.22400
       5.75744       1.46500      -1.30800
       5.83444       1.53500      -1.36600
       5.91044       1.52700      -1.37200
       5.98744       1.44700      -1.33800
       6.06344       1.32700      -1.30000
       6.13944       1.21200      -1.28500
       6.21644       1.12800      -1.28700
       6.29244       1.06500      -1.27100
       6.36844       0.99290      -1.20200
       6.44544       0.90300      -1.07700
       6.52144       0.83010      -0.92830
       6.59744       0.81660      -0.80310
       6.67444       0.86890      -0.73870
       6.75044       0.95660      -0.74660
       6.82644       1.05100      -0.81400
       6.90344       1.15800      -0.92180
       6.97944       1.29600      -1.05300
       7.05544       1.45200      -1.18700
       7.13244       1.58100      -1.30700
       7.20844       1.63300      -1.40800
       7.28444       1.60000      -1.49300
       7.36144       1.52100      -1.57300
       7.43744       1.45700      -1.65200
       7.51444       1.43500      -1.71800
       7.59044       1.41400      -1.72500
       7.66644       1.31700      -1.62500
       7.74344       1.11900      -1.42300
       7.81944       0.88780      -1.17900
       7.89544       0.71790      -0.95370
       7.97244       0.65260      -0.77850
       8.04844       0.67060      -0.66620
       8.12444       0.72520      -0.62330
       8.20144       0.78820      -0.64130
       8.27744       0.86640      -0.69040
       8.35344       0.98280      -0.73300
       8.43044       1.13600      -0.75150
       8.50644       1.27900      -0.76200
       8.58244       1.35800      -0.79920
       8.65944       1.37800      -0.89160
       8.73544       1.41000      -1.04800
       8.81144       1.50300      -1.25000
       8.88844       1.62400      -1.44400
       8.96444       1.69300      -1.57700
       9.04044       1.67700      -1.64100
       9.11744       1.60500      -1.67500
       9.19344       1.51800      -1.70800
       9.27044       1.43900      -1.73500
       9.34644       1.36700      -1.73700
       9.42244       1.29300      -1.68800
       9.49944       1.21400      -1.57900
       9.57544       1.14000      -1.43400
       9.65144       1.10200      -1.31100
       9.72844       1.12700      -1.25300
       9.80444       1.20900      -1.25800
       9.88044       1.31000      -1.29300
       9.95744       1.38700      -1.32700
      10.03344       1.41600      -1.35500
      10.10944       1.39600      -1.38700
      10.18644       1.34200      -1.41800
      10.26244       1.28200      -1.42500
      10.33844       1.24500      -1.39900
      10.41544       1.23100      -1.35700
      10.49144       1.21700      -1.30800
      10.56744       1.18200      -1.24800
      10.64444       1.13900      -1.17800
      10.72044       1.12500      -1.12000
      10.79744       1.14900      -1.09300
      10.87344       1.18300      -1.09500
      10.94944       1.20200      -1.12500
      11.02644       1.23800      -1.20200
      11.10244       1.34700      -1.33800
      11.17844       1.53900      -1.49200
      11.25544       1.75500      -1.59400
      11.33144       1.94000      -1.63100
      11.40744       2.08500      -1.66600
      11.48444       2.21100      -1.76300
      11.56044       2.32400      -1.91600
      11.63644       2.40000      -2.04700
      11.71344       2.40400      -2.08000
      11.78944       2.32300      -2.01400
      11.86544       2.17500      -1.91200
      11.94244       1.98900      -1.84500
      12.01844       1.80700      -1.82000
      12.09444       1.68200      -1.79700
      12.17144       1.66500      -1.74900
      12.24744       1.76300      -1.69400
      12.32444       1.91500      -1.66000
      12.40044       2.02200      -1.65000
      12.47644       2.01800      -1.64200
      12.55344       1.90500      -1.61700
      12.62944       1.73000      -1.57900
      12.70544       1.55000      -1.53800
      12.78244       1.41500      -1.49700
      12.85844       1.35500      -1.46300
      12.93444       1.37200      -1.46700
      13.01144       1.44600      -1.54900
      13.08744       1.54500      -1.70900
      13.16344       1.64200      -1.89100
      13.24044       1.70600      -2.02100
      13.31644       1.70600      -2.07000
      13.39244       1.63600      -2.07800
      13.46944       1.53900      -2.10500
      13.54544       1.47700      -2.15500
      13.62144       1.49400      -2.17800
      13.69844       1.59400      -2.14300
      13.77444       1.76700      -2.08900
      13.85044       1.99900      -2.08000
      13.92744       2.24000      -2.13000
      14.00344       2.40000      -2.20200
      14.08044       2.41000      -2.26700
      14.15644       2.29000      -2.30500
      14.23244       2.12900      -2.28000
      14.30944       2.00700      -2.15600
      14.38544       1.92900      -1.95400
      14.46144       1.86600      -1.75100
      14.53844       1.81700      -1.62000
      14.61444       1.80200      -1.58300
      14.69044       1.81000      -1.61800
      14.76744       1.79700      -1.67800
      14.84344       1.74300      -1.72900
      14.91944       1.68300      -1.77600
      14.99644       1.66500      -1.84200
      15.07244       1.70500      -1.91400
      15.14844       1.78600      -1.93200
      15.22544       1.91000      -1.86600
      15.30144       2.08300      -1.76500
      15.37744       2.26600      -1.68900
      15.45444       2.37100      -1.65400
      15.53044       2.35600      -1.66000
      15.60744       2.27500      -1.73900
      15.68344       2.20300      -1.92500
      15.75944       2.16000      -2.18200
      15.83644       2.13700      -2.41300
      15.91244       2.15000      -2.54100
      15.98844       2.23800      -2.56600
      16.06544       2.39300      -2.54200
      16.14144       2.53300      -2.51600
      16.21744       2.57200      -2.47600
      16.29444       2.51500      -2.39600
      16.37044       2.44200      -2.28700
      16.44644       2.39600      -2.18800
      16.52344       2.33500      -2.11200
      16.59944       2.21000      -2.04900
      16.67544       2.06000      -1.99800
      16.75244       1.97600      -1.98400
      16.82844       2.00600      -2.01000
      16.90444       2.11400      -2.04000
      16.98144       2.22100      -2.03400
      17.05744       2.26100      -2.00000
      17.13344       2.21400      -1.98000
      17.21044       2.09900      -2.00200
      17.28644       1.96100      -2.06500
      17.36344       1.84200      -2.16100
      17.43944       1.75600      -2.26900
      17.51544       1.69800      -2.33900
      17.59244       1.65900      -2.32100
      17.66844       1.64100      -2.20800
      17.74444       1.65900      -2.03800
      17.82144       1.72200      -1.86200
      17.89744       1.83000      -1.73900
      17.97344       1.95200      -1.71500
      18.05044       2.03700      -1.79300
      18.12644       2.05000      -1.91800
      18.20244       2.00700      -2.01100
      18.27944       1.96600      -2.02700
      18.35544       1.98400      -1.98500
      18.43144       2.06900      -1.95600
      18.50844       2.18300      -2.00200
      18.58444       2.29100      -2.13700
      18.66044       2.39700      -2.32200
      18.73744       2.50900      -2.49500
      18.81344       2.59600      -2.60900
      18.89044       2.61600      -2.64200
      18.96644       2.56600      -2.60400
      19.04244       2.48100      -2.51800
      19.11944       2.39000      -2.41500
      19.19544       2.30600      -2.31900
      19.27144       2.24200      -2.25300
      19.34844       2.20000      -2.23100
      19.42444       2.16800      -2.24700
      19.50044       2.13800      -2.27000
      19.57744       2.11200      -2.25500
      19.65344       2.09800      -2.17800
      19.72944       2.09400      -2.06000
      19.80644       2.09700      -1.95100
      19.88244       2.09800      -1.89200
      19.95844       2.08700      -1.89700
      20.03544       2.05800      -1.94800
      20.11144       2.01900      -2.01400
      20.18744       1.98800      -2.07200
      20.26444       1.98400      -2.11600
      20.34044       2.02500      -2.14400
      20.41744       2.12200      -2.16100
      20.49344       2.26400      -2.18500
      20.56944       2.40300      -2.23900
      20.64644       2.48200      -2.31900
      20.72244       2.47400      -2.38800
      20.79844       2.38800      -2.41200
      20.87544       2.24600      -2.38100
      20.95144       2.08300      -2.30100
      21.02744       1.94100      -2.18100
      21.10444       1.85700      -2.04200
      21.18044       1.82800      -1.92900
      21.25644       1.82600      -1.87600
      21.33344       1.82500      -1.86900
      21.40944       1.82600      -1.86000
      21.48544       1.85100      -1.82200
      21.56244       1.90600      -1.77400
      21.63844       1.96100      -1.76500
      21.71444       1.98200      -1.81400
      21.79144       1.96700      -1.89600
      21.86744       1.94700      -1.97600
      21.94344       1.95200      -2.03600
      22.02044       1.97400      -2.07500
      22.09644       1.98700      -2.07700
      22.17344       1.98800      -2.02800
      22.24944       2.00600      -1.95700
      22.32544       2.07700      -1.94000
      22.40244       2.19400      -2.03300
      22.47844       2.30600      -2.21500
      22.55444       2.35200      -2.38800
      22.63144       2.30700      -2.45100
      22.70744       2.19900      -2.38400
      22.78344       2.07400      -2.24500
      22.86044       1.97600      -2.10700
      22.93644       1.92200      -2.01000
      23.01244       1.91100      -1.96400
      23.08944       1.92700      -1.95900
      23.16544       1.96300      -1.98000
      23.24144       2.02300      -2.01300
      23.31844       2.10500      -2.04500
      23.39444       2.18900      -2.06900
      23.47044       2.25500      -2.09500
      23.54744       2.28800      -2.13500
      23.62344       2.28000      -2.18200
      23.70044       2.23500      -2.21000
      23.77644       2.15900      -2.20300
      23.85244       2.06700      -2.16100
      23.92944       1.98700      -2.08900
      24.00544       1.95600      -2.00200
      24.08144       1.99200      -1.93600
      24.15844       2.07900      -1.93100
      24.23444       2.16700      -1.99100
      24.31044       2.20800      -2.06700
      24.38744       2.18700      -2.11200
      24.46344       2.14500      -2.12900
      24.53944       2.14000      -2.17100
      24.61644       2.20800      -2.28000
      24.69244       2.33300      -2.43000
      24.76844       2.45300      -2.53800
      24.84544       2.49800      -2.53900
      24.92144       2.45400      -2.42500
      24.99744       2.37400      -2.24600
      25.07444       2.32300      -2.08200
      25.15044       2.32600      -2.01500
      25.22744       2.37800      -2.09000
      25.30344       2.46000      -2.28600
      25.37944       2.55800      -2.53000
      25.45644       2.66500      -2.71700
      25.53244       2.76800      -2.76300
      25.60844       2.84700      -2.66600
      25.68544       2.87200      -2.51300
      25.76144       2.82000      -2.40400
      25.83744       2.70200      -2.36900
      25.91444       2.56400      -2.36300
      25.99044       2.45200      -2.33600
      26.06644       2.38400      -2.27500
      26.14344       2.35400      -2.19900
      26.21944       2.34200      -2.14100
      26.29544       2.32600      -2.13300
      26.37244       2.29000      -2.19600
      26.44844       2.23900      -2.32200
      26.52444       2.20200      -2.46800
      26.60144       2.20300      -2.58100
      26.67744       2.23600      -2.64900
      26.75344       2.25000      -2.68900
      26.83044       2.20000      -2.69800
      26.90644       2.09100      -2.63500
      26.98344       1.96600      -2.47300
      27.05944       1.86000      -2.24700
      27.13544       1.78300      -2.02800
      27.21244       1.74300      -1.87300
      27.28844       1.75200      -1.79800
      27.36444       1.82300      -1.77900
      27.44144       1.94500      -1.77000
      27.51744       2.07700      -1.74200
      27.59344       2.17500      -1.70800
      27.67044       2.23800      -1.70300
      27.74644       2.30600      -1.74300
      27.82244       2.40000      -1.82200
      27.89944       2.49600      -1.93500
      27.97544       2.55300      -2.09700
      28.05144       2.57500      -2.31300
      28.12844       2.61800      -2.56600
      28.20444       2.72200      -2.82100
      28.28044       2.85100      -3.03900
      28.35744       2.92300      -3.17500
      28.43344       2.90800      -3.19600
      28.51044       2.85300      -3.12500
      28.58644       2.80500      -3.02600
      28.66244       2.76900      -2.94800
      28.73944       2.72400      -2.89900
      28.81544       2.66100      -2.85700
      28.89144       2.56300      -2.78300
      28.96844       2.41200      -2.64700
      29.04444       2.23000      -2.45800
      29.12044       2.08900      -2.26300
      29.19744       2.05200      -2.12600
      29.27344       2.12700      -2.08100
      29.34944       2.26000      -2.11700
      29.42644       2.37600      -2.18800
      29.50244       2.43100      -2.24800
      29.57844       2.43300      -2.28500
      29.65544       2.42100      -2.30800
      29.73144       2.42000      -2.32500
      29.80744       2.44800      -2.34100
      29.88444       2.53400      -2.36500
      29.96044       2.70700      -2.42500
      30.03644       2.93800      -2.55900
      30.11344       3.12800      -2.77700
      30.18944       3.17100      -3.02200
      30.26644       3.03400      -3.19100
      30.34244       2.78100      -3.20300
      30.41844       2.52600      -3.05100
      30.49544       2.36300      -2.80700
      30.57144       2.33000      -2.57800
      30.64744       2.40100      -2.45100
      30.72444       2.52800      -2.44100
      30.80044       2.65600      -2.50100
      30.87644       2.73400      -2.58200
      30.95344       2.73800      -2.67000
      31.02944       2.67400      -2.74500
      31.10544       2.55700      -2.75800
      31.18244       2.41700      -2.67700
      31.25844       2.31400      -2.53500
      31.33444       2.30700      -2.40500
      31.41144       2.39200      -2.34400
      31.48744       2.49900      -2.36100
      31.56344       2.56800      -2.42900
      31.64044       2.59900      -2.50000
      31.71644       2.64700      -2.53600
      31.79344       2.76400      -2.55900
      31.86944       2.94400      -2.63500
      31.94544       3.10900      -2.79800
      32.02244       3.17400      -2.99400
      32.09844       3.12200      -3.11900
      32.17444       3.02800      -3.10900
      32.25144       2.98000      -2.99700
      32.32744       3.00000      -2.88200
      32.40344       3.04300      -2.83800
      32.48044       3.04600      -2.86600
      32.55644       2.98300      -2.92500
      32.63244       2.88100      -2.98300
      32.70944       2.79300      -3.02400
      32.78544       2.75900      -3.02200
      32.86144       2.78200      -2.96600
      32.93844       2.83000      -2.89800
      33.01444       2.88200      -2.90000
      33.09044       2.95700      -3.02000
      33.16744       3.08500      -3.21200
      33.24344       3.25100      -3.37600
      33.32044       3.40000      -3.44900
      33.39644       3.48600      -3.44200
      33.47244       3.50200      -3.40000
      33.54944       3.46100      -3.36900
      33.62544       3.37600      -3.36000
      33.70144       3.27600      -3.34900
      33.77844       3.17900      -3.29800
      33.85444       3.07600      -3.20100
      33.93044       2.94400      -3.08000
      34.00744       2.80500      -2.94800
      34.08344       2.72000      -2.81100
      34.15944       2.74200      -2.69600
      34.23644       2.85700      -2.65000
      34.31244       2.99400      -2.69100
      34.38844       3.09000      -2.79200
      34.46544       3.13100      -2.90500
      34.54144       3.12400      -2.98200
      34.61744       3.08100      -2.99700
      34.69444       3.02900      -2.96900
      34.77044       2.99700      -2.95900
      34.84644       2.98400      -3.00200
      34.92344       2.96500      -3.06600
      34.99944       2.91800      -3.08900
      35.07644       2.84600      -3.04900
      35.15244       2.78300      -2.96600
      35.22844       2.76100      -2.86900
      35.30544       2.79000      -2.78100
      35.38144       2.85600      -2.72800
      35.45744       2.93300      -2.74300
      35.53444       2.98000      -2.82700
      35.61044       2.96500      -2.91900
      35.68644       2.89700      -2.94700
      35.76344       2.81500      -2.89700
      35.83944       2.74300      -2.82400
      35.91544       2.68500      -2.79200
      35.99244       2.63600      -2.81600
      36.06844       2.60300      -2.85500
      36.14444       2.60200      -2.85200
      36.22144       2.64300      -2.78200
      36.29744       2.69600      -2.68200
      36.37344       2.69900      -2.62300
      36.45044       2.61800      -2.62800
      36.52644       2.48500      -2.64100
      36.60344       2.36600      -2.58500
      36.67944       2.30700      -2.44900
      36.75544       2.33500      -2.29300
      36.83244       2.46500      -2.20200
      36.90844       2.66500      -2.22200
      36.98444       2.85100      -2.35000
      37.06144       2.94600      -2.54200
      37.13744       2.94600      -2.74000
      37.21344       2.90900      -2.89900
      37.29044       2.87400      -3.00800
      37.36644       2.84200      -3.06700
      37.44244       2.80500      -3.06700
      37.51944       2.77600      -2.99300
      37.59544       2.77300      -2.86400
      37.67144       2.79900      -2.74500
      37.74844       2.83600      -2.69800
      37.82444       2.85900      -2.73600
      37.90044       2.85100      -2.81600
      37.97744       2.81400      -2.88500
      38.05344       2.76100      -2.91000
      38.13044       2.70300      -2.88100
      38.20644       2.64200      -2.81000
      38.28244       2.58000      -2.73300
      38.35944       2.52700      -2.67600
      38.43544       2.49800      -2.63300
      38.51144       2.49800      -2.58300
      38.58844       2.53300      -2.52300
      38.66444       2.60500      -2.47400
      38.74044       2.70600      -2.46600
      38.81744       2.81400      -2.50500
      38.89344       2.91900      -2.56300
      38.96944       3.00400      -2.61200
      39.04644       3.02500      -2.66800
      39.12244       2.93400      -2.76400
      39.19844       2.75500      -2.88100
      39.27544       2.58700      -2.94600
      39.35144       2.52900      -2.91800
      39.42744       2.60300      -2.82700
      39.50444       2.76200      -2.74300
      39.58044       2.92800      -2.71700
      39.65644       3.02500      -2.76600
      39.73344       3.01100      -2.86800
      39.80944       2.90200      -2.95200
      39.88644       2.75800      -2.95400
      39.96244       2.63300      -2.87200
      40.03844       2.54300      -2.77000
      40.11544       2.47400      -2.70300
      40.19144       2.42700      -2.67500
      40.26744       2.42500      -2.65500
      40.34444       2.47200      -2.62900
      40.42044       2.50800      -2.59900
      40.49644       2.46100      -2.55500
      40.57344       2.32200      -2.47800
      40.64944       2.15500      -2.36800
      40.72544       2.01400      -2.24400
      40.80244       1.89500      -2.11800
      40.87844       1.75200      -1.98800
      40.95444       1.55600      -1.84900
      41.03144       1.31900      -1.69500
      41.10744       1.08600      -1.52600
      41.18344       0.90000      -1.34100
      41.26044       0.77280      -1.14700
      41.33644       0.69230      -0.96190
      41.41344       0.64030      -0.81480
      41.48944       0.60070      -0.72130
      41.56544       0.56040      -0.66900
      41.64244       0.51340      -0.62620
      41.71844       0.46370      -0.57100
      41.79444       0.42440      -0.50960
      41.87144       0.41290      -0.46380
      41.94744       0.43910      -0.45000
      42.02344       0.49350      -0.46910
      42.10044       0.55390      -0.50790
      42.17644       0.60400      -0.54710
      42.25244       0.63890      -0.57390
      42.32944       0.65390      -0.58810
      42.40544       0.63940      -0.59340
      42.48144       0.59160      -0.59090
      42.55844       0.52360      -0.58090
      42.63444       0.46010      -0.56050
      42.71044       0.42150      -0.52370
      42.78744       0.40950      -0.47260
      42.86344       0.41040      -0.42570
      42.93944       0.41140      -0.40140
      43.01644       0.41360      -0.39920
      43.09244       0.42580      -0.40700
      43.16944       0.45710      -0.41750
      43.24544       0.51470      -0.43160
      43.32144       0.59660      -0.45240
      43.39844       0.67600      -0.48170
      43.47444       0.70300      -0.51290
      43.55044       0.63780      -0.52610
      43.62744       0.49130      -0.49850
      43.70344       0.32380      -0.42670
      43.77944       0.19370      -0.33370
      43.85644       0.11850      -0.24770
      43.93244       0.08270      -0.18290
      44.00844       0.06686      -0.14140
      44.08544       0.06131      -0.12370
      44.16144       0.06323      -0.13250
      44.23744       0.07046      -0.17010
      44.31444       0.07963      -0.22990
      44.39044       0.08869      -0.28970
      44.46644       0.09907      -0.31610
      44.54344       0.11250      -0.28980
      44.61944       0.12450      -0.22760
      44.69644       0.12330      -0.16850
      44.77244       0.10180      -0.13560
      44.84844       0.06695      -0.12070
      44.92544       0.03428      -0.10290
      45.00144       0.01349      -0.07409
      45.07744       0.00405      -0.04245
      45.15444       0.00093      -0.01890
      45.23044       0.00016      -0.00647
      45.30644       0.00002      -0.00169
      45.38344       0.00000      -0.00034
      45.45944       0.00000      -0.00005
      45.53544       0.00000      -0.00001
      45.61244       0.00000      -0.00000
      45.68844       0.00000      -0.00000
      45.76444       0.00000      -0.00000
      45.84144       0.00000      -0.00000
      45.91744       0.00000      -0.00000
      45.99344       0.00000      -0.00000
      46.07044       0.00000      -0.00000
      46.14644       0.00000       0.00000
      46.22344       0.00000       0.00000
      46.29944       0.00000       0.00000
      46.37544       0.00000       0.00000
      46.45244       0.00000       0.00000
      46.52844       0.00000       0.00000
      46.60444       0.00000       0.00000
      46.68144       0.00000       0.00000
      46.75744       0.00000       0.00000
      46.83344       0.00000       0.00000
      46.91044       0.00000       0.00000
      46.98644       0.00000       0.00000
      47.06244       0.00000       0.00000
      47.13944       0.00000       0.00000
      47.21544       0.00000       0.00000
      47.29144       0.00000       0.00000
      47.36844       0.00000       0.00000
      47.44444       0.00000       0.00000
      47.52044       0.00000       0.00000
      47.59744       0.00000       0.00000
      47.67344       0.00000       0.00000
      47.74944       0.00000       0.00000
      47.82644       0.00000       0.00000
      47.90244       0.00000       0.00000
      47.97944       0.00000       0.00000
      48.05544       0.00000       0.00000
      48.13144       0.00000       0.00000
      48.20844       0.00000       0.00000
      48.28444       0.00000       0.00000
      48.36044       0.00000       0.00000
