      #Energy        TDOS-UP        TDOS-DOWN
     -22.26349       0.00000       0.00000
     -22.24349       0.00000       0.00000
     -22.22449       0.00000       0.00000
     -22.20449       0.00000       0.00000
     -22.18549       0.00000       0.00000
     -22.16549       0.00000       0.00000
     -22.14649       0.00000       0.00000
     -22.12649       0.00000       0.00000
     -22.10749       0.00000       0.00000
     -22.08749       0.00000       0.00000
     -22.06849       0.00000       0.00000
     -22.04949       0.00000       0.00000
     -22.02949       0.00000       0.00000
     -22.01049       0.00000       0.00000
     -21.99049       0.00000       0.00000
     -21.97149       0.00000       0.00000
     -21.95149       0.00000       0.00000
     -21.93249       0.00000       0.00000
     -21.91249       0.00000       0.00000
     -21.89349       0.00000       0.00000
     -21.87349       0.00000       0.00000
     -21.85449       0.00000       0.00000
     -21.83449       0.00000       0.00000
     -21.81549       0.00000       0.00000
     -21.79549       0.00000       0.00000
     -21.77649       0.00000       0.00000
     -21.75749       0.00000       0.00000
     -21.73749       0.00000       0.00000
     -21.71849       0.00000       0.00000
     -21.69849       0.00000       0.00000
     -21.67949       0.00000       0.00000
     -21.65949       0.00000       0.00000
     -21.64049       0.00000       0.00000
     -21.62049       0.00000       0.00000
     -21.60149       0.00000       0.00000
     -21.58149       0.00000       0.00000
     -21.56249       0.00000       0.00000
     -21.54249       0.00000       0.00000
     -21.52349       0.00000       0.00000
     -21.50449       0.00000       0.00000
     -21.48449       0.00000       0.00000
     -21.46549       0.00000       0.00000
     -21.44549       0.00000       0.00000
     -21.42649       0.00000       0.00000
     -21.40649       0.00000       0.00000
     -21.38749       0.00000       0.00000
     -21.36749       0.00000       0.00000
     -21.34849       0.00000       0.00000
     -21.32849       0.00000       0.00000
     -21.30949       0.00000       0.00000
     -21.28949       0.00000       0.00000
     -21.27049       0.00000       0.00000
     -21.25049       0.00000       0.00000
     -21.23149       0.00000       0.00000
     -21.21249       0.00000       0.00000
     -21.19249       0.00000       0.00000
     -21.17349       0.00000       0.00000
     -21.15349       0.00000       0.00000
     -21.13449       0.00000       0.00000
     -21.11449       0.00000       0.00000
     -21.09549       0.00000       0.00000
     -21.07549       0.00000       0.00000
     -21.05649       0.00000       0.00000
     -21.03649       0.00000       0.00000
     -21.01749       0.00000       0.00000
     -20.99749       0.00000       0.00000
     -20.97849       0.00000       0.00000
     -20.95849       0.00000       0.00000
     -20.93949       0.00000       0.00000
     -20.92049       0.00000       0.00000
     -20.90049       0.00000       0.00000
     -20.88149       0.00000       0.00000
     -20.86149       0.00000       0.00000
     -20.84249       0.00000       0.00000
     -20.82249       0.00000       0.00000
     -20.80349       0.00000       0.00000
     -20.78349       0.00000       0.00000
     -20.76449       0.00000       0.00000
     -20.74449       0.00000       0.00000
     -20.72549       0.00000       0.00000
     -20.70549       0.00000       0.00000
     -20.68649       0.00000       0.00000
     -20.66649       0.00000       0.00000
     -20.64749       0.00000       0.00000
     -20.62849       0.00000       0.00000
     -20.60849       0.00000       0.00000
     -20.58949       0.00000       0.00000
     -20.56949       0.00000       0.00000
     -20.55049       0.00000       0.00000
     -20.53049       0.00000       0.00000
     -20.51149       0.00000       0.00000
     -20.49149       0.05787       0.00000
     -20.47249       0.06667       0.00000
     -20.45249       0.09955       0.00000
     -20.43349       0.11970       0.00000
     -20.41349       0.13610       0.00000
     -20.39449       0.15010      -0.08052
     -20.37549       0.16200      -0.09357
     -20.35549       0.17930      -0.13060
     -20.33649       0.19820      -0.13290
     -20.31649       0.21140      -0.14720
     -20.29749       0.22340      -0.15910
     -20.27749       0.23350      -0.17520
     -20.25849       0.24360      -0.19350
     -20.23849       0.25620      -0.20780
     -20.21949       0.26960      -0.22000
     -20.19949       0.28360      -0.23040
     -20.18049       0.29790      -0.23980
     -20.16049       0.30970      -0.25200
     -20.14149       0.32150      -0.26510
     -20.12149       0.33330      -0.27890
     -20.10249       0.34550      -0.29300
     -20.08349       0.35850      -0.30720
     -20.06349       0.37190      -0.31680
     -20.04449       0.38540      -0.32850
     -20.02449       0.39900      -0.34010
     -20.00549       0.41270      -0.35290
     -19.98549       0.42840      -0.36590
     -19.96649       0.44490      -0.37910
     -19.94649       0.46180      -0.39250
     -19.92749       0.47890      -0.40600
     -19.90749       0.49610      -0.42100
     -19.88849       0.51340      -0.43680
     -19.86849       0.53090      -0.45310
     -19.84949       0.54920      -0.46980
     -19.82949       0.56880      -0.48660
     -19.81049       0.58850      -0.50340
     -19.79149       0.62260      -0.52050
     -19.77149       0.65660      -0.53790
     -19.75249       0.69370      -0.55680
     -19.73249       0.72890      -0.57610
     -19.71349       0.76460      -0.60400
     -19.69349       0.80100      -0.63530
     -19.67449       0.96990      -0.67040
     -19.65449       0.94760      -0.70560
     -19.63549       0.92540      -0.74020
     -19.61549       0.92120      -0.77530
     -19.59649       0.91640      -0.94100
     -19.57649       0.91630      -0.92530
     -19.55749       0.91670      -0.95490
     -19.53849       0.90060      -0.92110
     -19.51849       0.89610      -0.91640
     -19.49949       0.88990      -0.91170
     -19.47949       0.88810      -0.91380
     -19.46049       0.88430      -0.91320
     -19.44049       0.87960      -0.89710
     -19.42149       0.87390      -0.89060
     -19.40149       0.86270      -0.88650
     -19.38249       0.85680      -0.88350
     -19.36249       0.85300      -0.87930
     -19.34349       0.84840      -0.87420
     -19.32349       0.84290      -0.86330
     -19.30449       0.83660      -0.85680
     -19.28449       0.82980      -0.85200
     -19.26549       0.82570      -0.84760
     -19.24649       0.81960      -0.84260
     -19.22649       0.81280      -0.83660
     -19.20749       0.80480      -0.83000
     -19.18749       0.79640      -0.82380
     -19.16849       0.78740      -0.81890
     -19.14849       0.77920      -0.81240
     -19.12949       0.78860      -0.80500
     -19.10949       0.78030      -0.79670
     -19.09049       0.76430      -0.78800
     -19.07049       0.73810      -0.77940
     -19.05149       0.70840      -0.77060
     -19.03149       0.71410      -0.77990
     -19.01249       0.60090      -0.77010
     -18.99249       0.53110      -0.75120
     -18.97349       0.49690      -0.72490
     -18.95449       0.46440      -0.69530
     -18.93449       0.43380      -0.70010
     -18.91549       0.40050      -0.58650
     -18.89549       0.38030      -0.52080
     -18.87649       0.35660      -0.48680
     -18.85649       0.33420      -0.45470
     -18.83749       0.31270      -0.42440
     -18.81749       0.29210      -0.39630
     -18.79849       0.27330      -0.37180
     -18.77849       0.25690      -0.34840
     -18.75949       0.23790      -0.32600
     -18.73949       0.21960      -0.30450
     -18.72049       0.20190      -0.28380
     -18.70049       0.18890      -0.26840
     -18.68149       0.51630      -0.24860
     -18.66249       0.70360      -0.22950
     -18.64249       0.87940      -0.21110
     -18.62349       1.11500      -0.19340
     -18.60349       1.38200      -0.18220
     -18.58449       1.63500      -0.70990
     -18.56449       1.97300      -0.77960
     -18.54549       2.43500      -1.00500
     -18.52549       3.23900      -1.22800
     -18.50649       9.53700      -1.46200
     -18.48649       8.44900      -1.74900
     -18.46749       6.48400      -2.11800
     -18.44749       5.18900      -2.62300
     -18.42849       4.63800      -6.71900
     -18.40949       5.60900      -8.42700
     -18.38949       4.14100      -7.14900
     -18.37049       3.85500      -6.16000
     -18.35049       4.29900      -4.38400
     -18.33149       4.00200      -4.30700
     -18.31149       3.72200      -4.94600
     -18.29249       4.09400      -3.77300
     -18.27249       3.69700      -3.59600
     -18.25349       4.10000      -4.14300
     -18.23349       4.78000      -3.71100
     -18.21449       4.60400      -3.62100
     -18.19449       3.15300      -4.00400
     -18.17549       2.55300      -3.56800
     -18.15549       2.06900      -3.59200
     -18.13649       1.59500      -3.76300
     -18.11749       1.22500      -5.42000
     -18.09749       0.67660      -3.57100
     -18.07849       0.05617      -2.77200
     -18.05849       0.00000      -2.29900
     -18.03949       0.00000      -1.83500
     -18.01949       0.00000      -1.44900
     -18.00049       0.00000      -1.11700
     -17.98049       0.00000      -0.61790
     -17.96149       0.00000      -0.05617
     -17.94149       0.00000       0.00000
     -17.92249       0.00000       0.00000
     -17.90249       0.00000       0.00000
     -17.88349       0.00000       0.00000
     -17.86349       0.00000       0.00000
     -17.84449       0.00000       0.00000
     -17.82549       0.00000       0.00000
     -17.80549       0.00000       0.00000
     -17.78649       0.00000       0.00000
     -17.76649       0.00000       0.00000
     -17.74749       0.00000       0.00000
     -17.72749       0.00000       0.00000
     -17.70849       0.00000       0.00000
     -17.68849       0.00000       0.00000
     -17.66949       0.00000       0.00000
     -17.64949       0.00000       0.00000
     -17.63049       0.00000       0.00000
     -17.61049       0.00000       0.00000
     -17.59149       0.00000       0.00000
     -17.57249       0.00000       0.00000
     -17.55249       0.00000       0.00000
     -17.53349       0.00000       0.00000
     -17.51349       0.00000       0.00000
     -17.49449       0.00000       0.00000
     -17.47449       0.00000       0.00000
     -17.45549       0.00000       0.00000
     -17.43549       0.00000       0.00000
     -17.41649       0.00000       0.00000
     -17.39649       0.00000       0.00000
     -17.37749       0.00000       0.00000
     -17.35749       0.00000       0.00000
     -17.33849       0.00000       0.00000
     -17.31849       0.00000       0.00000
     -17.29949       0.00000       0.00000
     -17.28049       0.00000       0.00000
     -17.26049       0.00000       0.00000
     -17.24149       0.00000       0.00000
     -17.22149       0.00000       0.00000
     -17.20249       0.00000       0.00000
     -17.18249       0.00000       0.00000
     -17.16349       0.00000       0.00000
     -17.14349       0.00000       0.00000
     -17.12449       0.00000       0.00000
     -17.10449       0.00000       0.00000
     -17.08549       0.00000       0.00000
     -17.06549       0.00000       0.00000
     -17.04649       0.00000       0.00000
     -17.02649       0.00000       0.00000
     -17.00749       0.00000       0.00000
     -16.98849       0.00000       0.00000
     -16.96849       0.00000       0.00000
     -16.94949       0.00000       0.00000
     -16.92949       0.00000       0.00000
     -16.91049       0.00000       0.00000
     -16.89049       0.00000       0.00000
     -16.87149       0.00000       0.00000
     -16.85149       0.00000       0.00000
     -16.83249       0.00000       0.00000
     -16.81249       0.00000       0.00000
     -16.79349       0.00000       0.00000
     -16.77349       0.00000       0.00000
     -16.75449       0.00000       0.00000
     -16.73449       0.00000       0.00000
     -16.71549       0.00000       0.00000
     -16.69649       0.00000       0.00000
     -16.67649       0.00000       0.00000
     -16.65749       0.00000       0.00000
     -16.63749       0.00000       0.00000
     -16.61849       0.00000       0.00000
     -16.59849       0.00000       0.00000
     -16.57949       0.00000       0.00000
     -16.55949       0.00000       0.00000
     -16.54049       0.00000       0.00000
     -16.52049       0.00000       0.00000
     -16.50149       0.00000       0.00000
     -16.48149       0.00000       0.00000
     -16.46249       0.00000       0.00000
     -16.44349       0.00000       0.00000
     -16.42349       0.00000       0.00000
     -16.40449       0.00000       0.00000
     -16.38449       0.00000       0.00000
     -16.36549       0.00000       0.00000
     -16.34549       0.00000       0.00000
     -16.32649       0.00000       0.00000
     -16.30649       0.00000       0.00000
     -16.28749       0.00000       0.00000
     -16.26749       0.00000       0.00000
     -16.24849       0.00000       0.00000
     -16.22849       0.00000       0.00000
     -16.20949       0.00000       0.00000
     -16.18949       0.00000       0.00000
     -16.17049       0.00000       0.00000
     -16.15149       0.00000       0.00000
     -16.13149       0.00000       0.00000
     -16.11249       0.00000       0.00000
     -16.09249       0.00000       0.00000
     -16.07349       0.00000       0.00000
     -16.05349       0.00000       0.00000
     -16.03449       0.00000       0.00000
     -16.01449       0.00000       0.00000
     -15.99549       0.00000       0.00000
     -15.97549       0.00000       0.00000
     -15.95649       0.00000       0.00000
     -15.93649       0.00000       0.00000
     -15.91749       0.00000       0.00000
     -15.89749       0.00000       0.00000
     -15.87849       0.00000       0.00000
     -15.85949       0.00000       0.00000
     -15.83949       0.00000       0.00000
     -15.82049       0.00000       0.00000
     -15.80049       0.00000       0.00000
     -15.78149       0.00000       0.00000
     -15.76149       0.00000       0.00000
     -15.74249       0.00000       0.00000
     -15.72249       0.00000       0.00000
     -15.70349       0.00000       0.00000
     -15.68349       0.00000       0.00000
     -15.66449       0.00000       0.00000
     -15.64449       0.00000       0.00000
     -15.62549       0.00000       0.00000
     -15.60649       0.00000       0.00000
     -15.58649       0.00000       0.00000
     -15.56749       0.00000       0.00000
     -15.54749       0.00000       0.00000
     -15.52849       0.00000       0.00000
     -15.50849       0.00000       0.00000
     -15.48949       0.00000       0.00000
     -15.46949       0.00000       0.00000
     -15.45049       0.00000       0.00000
     -15.43049       0.00000       0.00000
     -15.41149       0.00000       0.00000
     -15.39149       0.00000       0.00000
     -15.37249       0.00000       0.00000
     -15.35249       0.00000       0.00000
     -15.33349       0.00000       0.00000
     -15.31449       0.00000       0.00000
     -15.29449       0.00000       0.00000
     -15.27549       0.00000       0.00000
     -15.25549       0.00000       0.00000
     -15.23649       0.00000       0.00000
     -15.21649       0.00000       0.00000
     -15.19749       0.00000       0.00000
     -15.17749       0.00000       0.00000
     -15.15849       0.00000       0.00000
     -15.13849       0.00000       0.00000
     -15.11949       0.00000       0.00000
     -15.09949       0.00000       0.00000
     -15.08049       0.00000       0.00000
     -15.06049       0.00000       0.00000
     -15.04149       0.00000       0.00000
     -15.02249       0.00000       0.00000
     -15.00249       0.00000       0.00000
     -14.98349       0.00000       0.00000
     -14.96349       0.00000       0.00000
     -14.94449       0.00000       0.00000
     -14.92449       0.00000       0.00000
     -14.90549       0.00000       0.00000
     -14.88549       0.00000       0.00000
     -14.86649       0.00000       0.00000
     -14.84649       0.00000       0.00000
     -14.82749       0.00000       0.00000
     -14.80749       0.00000       0.00000
     -14.78849       0.00000       0.00000
     -14.76849       0.00000       0.00000
     -14.74949       0.00000       0.00000
     -14.73049       0.00000       0.00000
     -14.71049       0.00000       0.00000
     -14.69149       0.00000       0.00000
     -14.67149       0.00000       0.00000
     -14.65249       0.00000       0.00000
     -14.63249       0.00000       0.00000
     -14.61349       0.00000       0.00000
     -14.59349       0.00000       0.00000
     -14.57449       0.00000       0.00000
     -14.55449       0.00000       0.00000
     -14.53549       0.00000       0.00000
     -14.51549       0.00000       0.00000
     -14.49649       0.00000       0.00000
     -14.47749       0.00000       0.00000
     -14.45749       0.00000       0.00000
     -14.43849       1.04700      -2.79100
     -14.41849       3.01200      -4.93600
     -14.39949       5.87300     -13.32000
     -14.37949      19.15000     -13.73000
     -14.36049      15.24000     -20.38000
     -14.34049      20.06000     -23.11000
     -14.32149      29.66000     -24.81000
     -14.30149      25.71000     -28.84000
     -14.28249      23.79000     -15.42000
     -14.26249      23.20000     -16.80000
     -14.24349      13.12000     -10.75000
     -14.22349      10.54000      -9.85000
     -14.20449      13.59000     -18.32000
     -14.18549      22.62000     -24.46000
     -14.16549      26.18000     -22.15000
     -14.14649      16.78000      -7.90700
     -14.12649       6.48800      -5.33800
     -14.10749       4.99400      -4.01900
     -14.08749       3.77100      -3.55400
     -14.06849       3.57600      -3.35600
     -14.04849       3.50100      -2.57000
     -14.02949       1.72400      -1.22700
     -14.00949       0.87220      -0.33700
     -13.99049       0.03744       0.00000
     -13.97049       0.00000       0.00000
     -13.95149       0.00000       0.00000
     -13.93149       0.00000       0.00000
     -13.91249       0.00000       0.00000
     -13.89349       0.00000       0.00000
     -13.87349       0.00000       0.00000
     -13.85449       0.00000       0.00000
     -13.83449       0.00000       0.00000
     -13.81549       0.00000       0.00000
     -13.79549       0.00000       0.00000
     -13.77649       0.00000       0.00000
     -13.75649       0.00000       0.00000
     -13.73749       0.00000       0.00000
     -13.71749       0.00000       0.00000
     -13.69849       0.00000       0.00000
     -13.67849       0.00000       0.00000
     -13.65949       0.00000       0.00000
     -13.64049       0.00000       0.00000
     -13.62049       0.00000       0.00000
     -13.60149       0.00000       0.00000
     -13.58149       0.00000       0.00000
     -13.56249       0.00000       0.00000
     -13.54249       0.00000       0.00000
     -13.52349       0.00000       0.00000
     -13.50349       0.00000       0.00000
     -13.48449       0.00000       0.00000
     -13.46449       0.00000       0.00000
     -13.44549       0.00000       0.00000
     -13.42549       0.00000       0.00000
     -13.40649       0.00000       0.00000
     -13.38649       0.00000       0.00000
     -13.36749       0.00000       0.00000
     -13.34849       0.00000       0.00000
     -13.32849       0.00000       0.00000
     -13.30949       0.00000       0.00000
     -13.28949       0.00000       0.00000
     -13.27049       0.00000       0.00000
     -13.25049       0.00000       0.00000
     -13.23149       0.00000       0.00000
     -13.21149       0.00000       0.00000
     -13.19249       0.00000       0.00000
     -13.17249       0.00000       0.00000
     -13.15349       0.00000       0.00000
     -13.13349       0.00000       0.00000
     -13.11449       0.00000       0.00000
     -13.09449       0.00000       0.00000
     -13.07549       0.00000       0.00000
     -13.05649       0.00000       0.00000
     -13.03649       0.00000       0.00000
     -13.01749       0.00000       0.00000
     -12.99749       0.00000       0.00000
     -12.97849       0.00000       0.00000
     -12.95849       0.00000       0.00000
     -12.93949       0.00000       0.00000
     -12.91949       0.00000       0.00000
     -12.90049       0.00000       0.00000
     -12.88049       0.00000       0.00000
     -12.86149       0.00000       0.00000
     -12.84149       0.00000       0.00000
     -12.82249       0.00000       0.00000
     -12.80249       0.00000       0.00000
     -12.78349       0.00000       0.00000
     -12.76449       0.00000       0.00000
     -12.74449       0.00000       0.00000
     -12.72549       0.00000       0.00000
     -12.70549       0.00000       0.00000
     -12.68649       0.00000       0.00000
     -12.66649       0.00000       0.00000
     -12.64749       0.00000       0.00000
     -12.62749       0.00000       0.00000
     -12.60849       0.00000       0.00000
     -12.58849       0.00000       0.00000
     -12.56949       0.00000       0.00000
     -12.54949       0.00000       0.00000
     -12.53049       0.00000       0.00000
     -12.51149       0.00000       0.00000
     -12.49149       0.00000       0.00000
     -12.47249       0.00000       0.00000
     -12.45249       0.00000       0.00000
     -12.43349       0.00000       0.00000
     -12.41349       0.00000       0.00000
     -12.39449       0.00000       0.00000
     -12.37449       0.00000       0.00000
     -12.35549       0.00000       0.00000
     -12.33549       0.00000       0.00000
     -12.31649       0.00000       0.00000
     -12.29649       0.00000       0.00000
     -12.27749       0.00000       0.00000
     -12.25749       0.00000       0.00000
     -12.23849       0.00000       0.00000
     -12.21949       0.00000       0.00000
     -12.19949       0.00000       0.00000
     -12.18049       0.00000       0.00000
     -12.16049       0.00000       0.00000
     -12.14149       0.00000       0.00000
     -12.12149       0.00000       0.00000
     -12.10249       0.00000       0.00000
     -12.08249       0.00000       0.00000
     -12.06349       0.00000       0.00000
     -12.04349       0.00000       0.00000
     -12.02449       0.00000       0.00000
     -12.00449       0.00000       0.00000
     -11.98549       0.00000       0.00000
     -11.96549       0.00000       0.00000
     -11.94649       0.00000       0.00000
     -11.92749       0.00000       0.00000
     -11.90749       0.00000       0.00000
     -11.88849       0.00000       0.00000
     -11.86849       0.00000       0.00000
     -11.84949       0.00000       0.00000
     -11.82949       0.00000       0.00000
     -11.81049       0.00000       0.00000
     -11.79049       0.00000       0.00000
     -11.77149       0.00000       0.00000
     -11.75149       0.00000       0.00000
     -11.73249       0.00000       0.00000
     -11.71249       0.00000       0.00000
     -11.69349       0.00000       0.00000
     -11.67449       0.00000       0.00000
     -11.65449       0.00000       0.00000
     -11.63549       0.00000       0.00000
     -11.61549       0.00000       0.00000
     -11.59649       0.00000       0.00000
     -11.57649       0.00000       0.00000
     -11.55749       0.00000       0.00000
     -11.53749       0.00000       0.00000
     -11.51849       0.00000       0.00000
     -11.49849       0.00000       0.00000
     -11.47949       0.00000       0.00000
     -11.45949       0.00000       0.00000
     -11.44049       0.00000       0.00000
     -11.42049       0.00000       0.00000
     -11.40149       0.00000       0.00000
     -11.38249       0.00000       0.00000
     -11.36249       0.00000       0.00000
     -11.34349       0.00000       0.00000
     -11.32349       0.00000       0.00000
     -11.30449       0.00000       0.00000
     -11.28449       0.00000       0.00000
     -11.26549       0.00000       0.00000
     -11.24549       0.00000       0.00000
     -11.22649       0.00000       0.00000
     -11.20649       0.00000       0.00000
     -11.18749       0.00000       0.00000
     -11.16749       0.00000       0.00000
     -11.14849       0.00000       0.00000
     -11.12849       0.00000       0.00000
     -11.10949       0.00000       0.00000
     -11.09049       0.00000       0.00000
     -11.07049       0.00000       0.00000
     -11.05149       0.00000       0.00000
     -11.03149       0.00000       0.00000
     -11.01249       0.00000       0.00000
     -10.99249       0.00000       0.00000
     -10.97349       0.00000       0.00000
     -10.95349       0.00000       0.00000
     -10.93449       0.00000       0.00000
     -10.91449       0.00000       0.00000
     -10.89549       0.00000       0.00000
     -10.87549       0.00000       0.00000
     -10.85649       0.00000       0.00000
     -10.83649       0.00000       0.00000
     -10.81749       0.00000       0.00000
     -10.79849       0.00000       0.00000
     -10.77849       0.00000       0.00000
     -10.75949       0.00000       0.00000
     -10.73949       0.00000       0.00000
     -10.72049       0.00000       0.00000
     -10.70049       0.00000       0.00000
     -10.68149       0.00000       0.00000
     -10.66149       0.00000       0.00000
     -10.64249       0.00000       0.00000
     -10.62249       0.00000       0.00000
     -10.60349       0.00000       0.00000
     -10.58349       0.00000       0.00000
     -10.56449       0.00000       0.00000
     -10.54549       0.00000       0.00000
     -10.52549       0.00000       0.00000
     -10.50649       0.00000       0.00000
     -10.48649       0.00000       0.00000
     -10.46749       0.00000       0.00000
     -10.44749       0.00000       0.00000
     -10.42849       0.00000       0.00000
     -10.40849       0.00000       0.00000
     -10.38949       0.00000       0.00000
     -10.36949       0.00000       0.00000
     -10.35049       0.00000       0.00000
     -10.33049       0.00000       0.00000
     -10.31149       0.00000       0.00000
     -10.29149       0.00000       0.00000
     -10.27249       0.00000       0.00000
     -10.25349       0.00000       0.00000
     -10.23349       0.00000       0.00000
     -10.21449       0.00000       0.00000
     -10.19449       0.00000       0.00000
     -10.17549       0.00000       0.00000
     -10.15549       0.00000       0.00000
     -10.13649       0.00000       0.00000
     -10.11649       0.00000       0.00000
     -10.09749       0.00000       0.00000
     -10.07749       0.00000       0.00000
     -10.05849       0.00000       0.00000
     -10.03849       0.00000       0.00000
     -10.01949       0.00000       0.00000
      -9.99949       0.00000       0.00000
      -9.98049       0.00000       0.00000
      -9.96149       0.00000       0.00000
      -9.94149       0.00000       0.00000
      -9.92249       0.00000       0.00000
      -9.90249       0.00000       0.00000
      -9.88349       0.00000       0.00000
      -9.86349       0.00000       0.00000
      -9.84449       0.00000       0.00000
      -9.82449       0.00000       0.00000
      -9.80549       0.00000       0.00000
      -9.78549       0.00000       0.00000
      -9.76649       0.00000       0.00000
      -9.74649       0.00000       0.00000
      -9.72749       0.00000       0.00000
      -9.70849       0.00000       0.00000
      -9.68849       0.00000       0.00000
      -9.66949       0.00000       0.00000
      -9.64949       0.00000       0.00000
      -9.63049       0.00000       0.00000
      -9.61049       0.00000       0.00000
      -9.59149       0.00000       0.00000
      -9.57149       0.00000       0.00000
      -9.55249       0.00000       0.00000
      -9.53249       0.00000       0.00000
      -9.51349       0.00000       0.00000
      -9.49349       0.00000       0.00000
      -9.47449       0.00000       0.00000
      -9.45449       0.00000       0.00000
      -9.43549       0.00000       0.00000
      -9.41649       0.00000       0.00000
      -9.39649       0.00000       0.00000
      -9.37749       0.00000       0.00000
      -9.35749       0.00000       0.00000
      -9.33849       0.00000       0.00000
      -9.31849       0.00000       0.00000
      -9.29949       0.00000       0.00000
      -9.27949       0.00000       0.00000
      -9.26049       0.00000       0.00000
      -9.24049       0.00000       0.00000
      -9.22149       0.00000       0.00000
      -9.20149       0.00000       0.00000
      -9.18249       0.00000       0.00000
      -9.16249       0.00000       0.00000
      -9.14349       0.00000       0.00000
      -9.12449       0.00000       0.00000
      -9.10449       0.00000       0.00000
      -9.08549       0.00000       0.00000
      -9.06549       0.00000       0.00000
      -9.04649       0.00000       0.00000
      -9.02649       0.00000       0.00000
      -9.00749       0.00000       0.00000
      -8.98749       0.00000       0.00000
      -8.96849       0.00000       0.00000
      -8.94849       0.00000       0.00000
      -8.92949       0.00000       0.00000
      -8.90949       0.00000       0.00000
      -8.89049       0.00000       0.00000
      -8.87049       0.00000       0.00000
      -8.85149       0.00000       0.00000
      -8.83249       0.00000       0.00000
      -8.81249       0.00000       0.00000
      -8.79349       0.00000       0.00000
      -8.77349       0.00000       0.00000
      -8.75449       0.00000       0.00000
      -8.73449       0.00000       0.00000
      -8.71549       0.00000       0.00000
      -8.69549       0.00000       0.00000
      -8.67649       0.00000       0.00000
      -8.65649       0.00000       0.00000
      -8.63749       0.00000       0.00000
      -8.61749       0.00000       0.00000
      -8.59849       0.00000       0.00000
      -8.57949       0.00000       0.00000
      -8.55949       0.00000       0.00000
      -8.54049       0.00000       0.00000
      -8.52049       0.00000       0.00000
      -8.50149       0.00000       0.00000
      -8.48149       0.00000       0.00000
      -8.46249       0.00000       0.00000
      -8.44249       0.00000       0.00000
      -8.42349       0.00000       0.00000
      -8.40349       0.00000       0.00000
      -8.38449       0.00000       0.00000
      -8.36449       0.00000       0.00000
      -8.34549       0.00000       0.00000
      -8.32549       0.00000       0.00000
      -8.30649       0.00000       0.00000
      -8.28749       0.00000       0.00000
      -8.26749       0.00000       0.00000
      -8.24849       0.00000       0.00000
      -8.22849       0.00000       0.00000
      -8.20949       0.00000       0.00000
      -8.18949       0.04019       0.00000
      -8.17049       0.02842       0.00000
      -8.15049       0.03609       0.00000
      -8.13149       0.04449      -0.03903
      -8.11149       0.23660      -0.02688
      -8.09249       0.24130      -0.03414
      -8.07249       0.27610      -0.04207
      -8.05349       0.33020      -0.05069
      -8.03349       0.38840      -0.05998
      -8.01449       0.43060      -0.06349
      -7.99549       0.46990      -0.06957
      -7.97549       0.49890      -0.25070
      -7.95649       0.53190      -0.24850
      -7.93649       0.57390      -0.28710
      -7.91749       0.62350      -0.33810
      -7.89749       0.73120      -0.39300
      -7.87849       0.82820      -0.43390
      -7.85849       0.87000      -0.47250
      -7.83949       0.93550      -0.50780
      -7.81949       0.99990      -0.54660
      -7.80049       1.05200      -0.59480
      -7.78049       1.11900      -0.65200
      -7.76149       1.07800      -0.71630
      -7.74249       1.23900      -0.78370
      -7.72249       1.33200      -0.86930
      -7.70349       1.38600      -0.94490
      -7.68349       1.51900      -1.01900
      -7.66449       1.59600      -1.05400
      -7.64449       1.63900      -1.08200
      -7.62549       1.65700      -1.11600
      -7.60549       1.82000      -1.19300
      -7.58649       2.03300      -1.27400
      -7.56649       2.06200      -1.36400
      -7.54749       2.05600      -1.42200
      -7.52749       1.94600      -1.41800
      -7.50849       1.94100      -1.44300
      -7.48849       1.89800      -1.49100
      -7.46949       1.81800      -1.51800
      -7.45049       1.82400      -1.55600
      -7.43049       1.83300      -1.68300
      -7.41149       1.93100      -1.74600
      -7.39149       2.01400      -1.91700
      -7.37249       2.08600      -1.96600
      -7.35249       2.18700      -1.82800
      -7.33349       2.68900      -1.65900
      -7.31349       2.64000      -1.60500
      -7.29449       2.38600      -1.57700
      -7.27449       1.53400      -1.60100
      -7.25549       1.43200      -1.54800
      -7.23549       1.30100      -1.56000
      -7.21649       1.27500      -1.59800
      -7.19649       1.25400      -1.60800
      -7.17749       1.23700      -1.62200
      -7.15849       1.22100      -1.63000
      -7.13849       1.20600      -1.67300
      -7.11949       1.19400      -1.66600
      -7.09949       1.17200      -1.72000
      -7.08049       1.14900      -1.76900
      -7.06049       1.17500      -1.73300
      -7.04149       1.17100      -2.13300
      -7.02149       1.17800      -1.52300
      -7.00249       1.18400      -1.49100
      -6.98249       1.21400      -1.48000
      -6.96349       1.22100      -1.45800
      -6.94349       1.22800      -1.18100
      -6.92449       2.36600      -1.10500
      -6.90449       2.80900      -1.08600
      -6.88549       2.48200      -1.08500
      -6.86649       2.12200      -1.09900
      -6.84649       1.93900      -1.08700
      -6.82749       1.98200      -1.01600
      -6.80749       2.03300      -1.00600
      -6.78849       2.10200      -0.99410
      -6.76849       2.10600      -0.98330
      -6.74949       2.06800      -0.97240
      -6.72949       2.07600      -0.97840
      -6.71049       2.08400      -0.97320
      -6.69049       1.87400      -0.96560
      -6.67149       1.81700      -0.96260
      -6.65149       1.87000      -0.96420
      -6.63249       1.85300      -0.97010
      -6.61349       1.83200      -0.97700
      -6.59349       1.81700      -0.98520
      -6.57449       1.79400      -0.99480
      -6.55449       1.77200      -0.99940
      -6.53549       1.73600      -1.02000
      -6.51549       1.73400      -1.04400
      -6.49649       1.77100      -1.07000
      -6.47649       1.80300      -1.45500
      -6.45749       1.78800      -1.57700
      -6.43749       1.77100      -3.27900
      -6.41849       1.75400      -2.75000
      -6.39849       1.98900      -3.06000
      -6.37949       1.78900      -2.43200
      -6.35949       1.80300      -2.51400
      -6.34049       1.78600      -2.55300
      -6.32149       1.83400      -2.56600
      -6.30149       2.41500      -2.47300
      -6.28249       2.77400      -2.16200
      -6.26249       2.06900      -2.08600
      -6.24349       2.05400      -2.09700
      -6.22349       2.03900      -2.33700
      -6.20449       1.93200      -2.71100
      -6.18449       1.89200      -3.10100
      -6.16549       1.84400      -3.62000
      -6.14549       1.81600      -3.24800
      -6.12649       1.79300      -2.53500
      -6.10649       1.76400      -2.46700
      -6.08749       1.73500      -2.44400
      -6.06749       1.70700      -2.83500
      -6.04849       1.68300      -2.30000
      -6.02949       1.66600      -2.18200
      -6.00949       1.65800      -2.09200
      -5.99049       1.64700      -2.04000
      -5.97049       1.65600      -1.98600
      -5.95149       1.62400      -1.93400
      -5.93149       1.60500      -1.88200
      -5.91249       1.58800      -1.83500
      -5.89249       1.57100      -1.79700
      -5.87349       1.57300      -1.76400
      -5.85349       1.59000      -1.73700
      -5.83449       1.57000      -1.71700
      -5.81449       1.55600      -1.70000
      -5.79549       1.55200      -1.68400
      -5.77649       1.47400      -1.69200
      -5.75649       1.39400      -1.64300
      -5.73749       1.38000      -1.59400
      -5.71749       1.39700      -1.57600
      -5.69849       1.41600      -1.57800
      -5.67849       1.42800      -1.57000
      -5.65949       1.43800      -1.57100
      -5.63949       1.44700      -1.55100
      -5.62049       1.45700      -1.54600
      -5.60049       1.47800      -1.47500
      -5.58149       1.48900      -1.48600
      -5.56149       1.49000      -1.48600
      -5.54249       1.50400      -1.48900
      -5.52249       1.53800      -1.49500
      -5.50349       1.55800      -1.51400
      -5.48449       1.76800      -1.52800
      -5.46449       1.81400      -1.57200
      -5.44549       1.73300      -1.59800
      -5.42549       1.64300      -1.60800
      -5.40649       1.50000      -1.61400
      -5.38649       1.40500      -1.75000
      -5.36749       1.37700      -1.81300
      -5.34749       1.37400      -1.77900
      -5.32849       1.51800      -1.68200
      -5.30849       1.37800      -1.57700
      -5.28949       1.26600      -1.50200
      -5.26949       1.21000      -1.44000
      -5.25049       1.14200      -1.40200
      -5.23049       1.13200      -1.38100
      -5.21149       1.12300      -1.35900
      -5.19249       1.10900      -1.33600
      -5.17249       1.10100      -1.78800
      -5.15349       1.09400      -1.24500
      -5.13349       1.09300      -1.20500
      -5.11449       1.09400      -1.17200
      -5.09449       1.08800      -1.12400
      -5.07549       1.43400      -1.11000
      -5.05549       1.27200      -1.09600
      -5.03649       1.15600      -1.08400
      -5.01649       1.16600      -1.06400
      -4.99749       1.14000      -1.05500
      -4.97749       1.12200      -1.04700
      -4.95849       1.19200      -1.04000
      -4.93849       1.16800      -1.03500
      -4.91949       1.12800      -1.03400
      -4.90049       1.39200      -1.02600
      -4.88049       1.03500      -1.02300
      -4.86149       1.01600      -1.28700
      -4.84149       0.99840      -1.26800
      -4.82249       0.97690      -1.16900
      -4.80249       0.95360      -1.13000
      -4.78349       0.95240      -1.07200
      -4.76349       0.95390      -1.05300
      -4.74449       0.90560      -1.04500
      -4.72449       0.90450      -1.03700
      -4.70549       0.90420      -1.02800
      -4.68549       0.90480      -1.04700
      -4.66649       0.90490      -1.08100
      -4.64749       0.90560      -1.03200
      -4.62749       0.90490      -1.56900
      -4.60849       0.90620      -1.04100
      -4.58849       0.90910      -0.97230
      -4.56949       0.91650      -0.96050
      -4.54949       0.92410      -0.94180
      -4.53049       0.93870      -0.92880
      -4.51049       0.93310      -0.91750
      -4.49149       0.94990      -0.91940
      -4.47149       0.97020      -0.88360
      -4.45249       1.09800      -0.88240
      -4.43249       1.07500      -0.88560
      -4.41349       1.11200      -0.88940
      -4.39349       1.15900      -0.97490
      -4.37449       1.23100      -0.92290
      -4.35549       1.24200      -0.92740
      -4.33549       1.21900      -0.93100
      -4.31649       1.21200      -0.93460
      -4.29649       1.20100      -0.93830
      -4.27749       1.18600      -0.94220
      -4.25749       1.17000      -0.96050
      -4.23849       1.08300      -0.99820
      -4.21849       1.05700      -0.99770
      -4.19949       0.97250      -0.97350
      -4.17949       0.91560      -0.99750
      -4.16049       0.87620      -1.02600
      -4.14049       1.39500      -1.06000
      -4.12149       1.07600      -1.12300
      -4.10149       1.10400      -1.15300
      -4.08249       1.05900      -1.15200
      -4.06349       1.05200      -1.14000
      -4.04349       1.06400      -1.12300
      -4.02449       0.93790      -1.02900
      -4.00449       0.87110      -1.02400
      -3.98549       0.83400      -0.96950
      -3.96549       0.82620      -0.84330
      -3.94649       0.87580      -1.38800
      -3.92649       0.83420      -1.14300
      -3.90749       0.85300      -1.04600
      -3.88749       0.87700      -1.07800
      -3.86849       0.91550      -1.02800
      -3.84849       1.02500      -0.99450
      -3.82949       1.04400      -1.09400
      -3.81049       1.02100      -0.97510
      -3.79049       1.01100      -0.99910
      -3.77149       1.03100      -1.00600
      -3.75149       1.04600      -0.98640
      -3.73249       1.11700      -0.93770
      -3.71249       1.06800      -0.93410
      -3.69349       1.07600      -0.80510
      -3.67349       1.08900      -0.78740
      -3.65449       1.09900      -0.78150
      -3.63449       1.10700      -0.79340
      -3.61549       1.11500      -0.85140
      -3.59549       1.12800      -0.92630
      -3.57649       1.15300      -0.93650
      -3.55649       1.19100      -0.92950
      -3.53749       1.24000      -0.95080
      -3.51849       1.23200      -0.96850
      -3.49849       1.15500      -0.98890
      -3.47949       1.16700      -1.01400
      -3.45949       1.14500      -1.07500
      -3.44049       1.13700      -1.02600
      -3.42049       1.13500      -0.99520
      -3.40149       1.13600      -0.99170
      -3.38149       1.13600      -1.00300
      -3.36249       1.13300      -1.01100
      -3.34249       1.13400      -1.01900
      -3.32349       1.12500      -1.03100
      -3.30349       1.12900      -1.04300
      -3.28449       1.13400      -1.05600
      -3.26449       1.14000      -1.07100
      -3.24549       1.14600      -1.09400
      -3.22649       1.15500      -1.12500
      -3.20649       1.16200      -1.16800
      -3.18749       1.17700      -1.15600
      -3.16749       1.20700      -1.13900
      -3.14849       1.21500      -1.12100
      -3.12849       1.19100      -1.09900
      -3.10949       1.21900      -1.09300
      -3.08949       1.21100      -1.08700
      -3.07049       1.20300      -1.08700
      -3.05049       1.19800      -1.09200
      -3.03149       1.19500      -1.10100
      -3.01149       1.19200      -1.10800
      -2.99249       1.21800      -1.11600
      -2.97249       1.18700      -1.12500
      -2.95349       1.20500      -1.11800
      -2.93449       1.21300      -1.12600
      -2.91449       1.22000      -1.13400
      -2.89549       1.35200      -1.14100
      -2.87549       1.27900      -1.14900
      -2.85649       1.30100      -1.15600
      -2.83649       1.75400      -1.16300
      -2.81749       1.36200      -1.21600
      -2.79749       1.99500      -1.19100
      -2.77849       1.90300      -1.20100
      -2.75849       2.14400      -1.60500
      -2.73949       2.25400      -1.71400
      -2.71949       2.03500      -1.90500
      -2.70049       1.80100      -1.85600
      -2.68149       1.54800      -1.60800
      -2.66149       1.42700      -1.48200
      -2.64249       1.35800      -1.36400
      -2.62249       1.17200      -1.36100
      -2.60349       1.10600      -1.38000
      -2.58349       1.50100      -1.42700
      -2.56449       1.49700      -1.57200
      -2.54449       1.60900      -2.54800
      -2.52549       1.83200      -1.44400
      -2.50549       1.87900      -1.53200
      -2.48649       1.92900      -1.81500
      -2.46649       1.95500      -1.88300
      -2.44749       1.96700      -1.91700
      -2.42749       1.89500      -2.07000
      -2.40849       1.92200      -2.09000
      -2.38949       1.81300      -2.03200
      -2.36949       1.56500      -2.05100
      -2.35049       1.47000      -1.89200
      -2.33049       1.42000      -1.87700
      -2.31149       1.37800      -1.93000
      -2.29149       1.33900      -2.10000
      -2.27249       1.30400      -2.62500
      -2.25249       1.33400      -2.59800
      -2.23349       1.29700      -2.54200
      -2.21349       1.35000      -2.26800
      -2.19449       1.32000      -2.46800
      -2.17449       1.37400      -1.71000
      -2.15549       1.38200      -1.59700
      -2.13549       1.34900      -1.49000
      -2.11649       1.32200      -1.37900
      -2.09749       1.35400      -1.30700
      -2.07749       1.39800      -1.24700
      -2.05849       1.43700      -1.19300
      -2.03849       1.47300      -1.16400
      -2.01949       1.50400      -1.16200
      -1.99949       1.49700      -1.11100
      -1.98049       1.49900      -1.06900
      -1.96049       1.51200      -1.08800
      -1.94149       1.53600      -1.09400
      -1.92149       1.59700      -1.05500
      -1.90249       1.60700      -1.05000
      -1.88249       1.61200      -1.04300
      -1.86349       1.62800      -1.01400
      -1.84449       1.65100      -1.00800
      -1.82449       1.68200      -0.99780
      -1.80549       1.73200      -0.98480
      -1.78549       1.78400      -0.99610
      -1.76649       1.82100      -0.97340
      -1.74649       1.76300      -0.95350
      -1.72749       1.79800      -0.93690
      -1.70749       1.84400      -0.92390
      -1.68849       1.88400      -0.91690
      -1.66849       1.88600      -0.91510
      -1.64949       1.94200      -0.92100
      -1.62949       1.95900      -0.93540
      -1.61049       1.97200      -1.00200
      -1.59049       1.99000      -1.03400
      -1.57149       2.10800      -1.05800
      -1.55249       2.24700      -1.25900
      -1.53249       2.22700      -1.30600
      -1.51349       2.00900      -1.60600
      -1.49349       2.05500      -1.28500
      -1.47449       2.13900      -1.27600
      -1.45449       2.25300      -1.28600
      -1.43549       2.50200      -1.32400
      -1.41549       4.11100      -1.30100
      -1.39649       3.46800      -1.30000
      -1.37649       3.04000      -1.30500
      -1.35749       3.00000      -1.35600
      -1.33749       2.44200      -1.23000
      -1.31849       2.65400      -1.14900
      -1.29849       3.05200      -1.16600
      -1.27949       3.36100      -1.22100
      -1.26049       3.91800      -1.29000
      -1.24049       4.06800      -1.50000
      -1.22149       3.80200      -1.86900
      -1.20149       2.85400      -1.52300
      -1.18249       2.37600      -1.48400
      -1.16249       2.54300      -1.39900
      -1.14349       2.22600      -1.48500
      -1.12349       2.19000      -2.16900
      -1.10449       2.11500      -1.38500
      -1.08449       2.08200      -1.22900
      -1.06549       2.57900      -1.75200
      -1.04549       3.19700      -0.98150
      -1.02649       4.17600      -0.92610
      -1.00649       3.79400      -0.94490
      -0.98749       3.70200      -0.97060
      -0.96849       3.57200      -0.99830
      -0.94849       3.76400      -1.03200
      -0.92949       3.47200      -1.08300
      -0.90949       3.54500      -1.13600
      -0.89049       3.65400      -1.21600
      -0.87049       4.68700      -1.29100
      -0.85149       5.84800      -1.33600
      -0.83149       3.24300      -1.38300
      -0.81249       3.12900      -1.48600
      -0.79249       3.16200      -1.45700
      -0.77349       3.04800      -1.47200
      -0.75349       3.02400      -1.51000
      -0.73449       3.07900      -1.55500
      -0.71549       3.21500      -1.59600
      -0.69549       3.15300      -1.65700
      -0.67649       2.76400      -1.69400
      -0.65649       3.08300      -1.69500
      -0.63749       2.31700      -1.72000
      -0.61749       2.16700      -1.74800
      -0.59849       1.92600      -1.79700
      -0.57849       1.72200      -1.88200
      -0.55949       1.57800      -2.08100
      -0.53949       1.31400      -2.19800
      -0.52049       1.10900      -2.23300
      -0.50049       0.70550      -2.38200
      -0.48149       0.58790      -2.88400
      -0.46149       0.58270      -2.83400
      -0.44249       0.58070      -2.32400
      -0.42349       0.58400      -2.20500
      -0.40349       0.59110      -2.03800
      -0.38449       0.60070      -1.91200
      -0.36449       0.61620      -1.33700
      -0.34549       0.62900      -1.43100
      -0.32549       0.67090      -1.62300
      -0.30649       0.69260      -1.90300
      -0.28649       0.69610      -2.38700
      -0.26749       0.70720      -2.91000
      -0.24749       0.71870      -2.95700
      -0.22849       0.73820      -2.98800
      -0.20849       0.82720      -2.94500
      -0.18949       0.81570      -2.96900
      -0.16949       0.83030      -2.98200
      -0.15049       0.95250      -2.82500
      -0.13149       0.67570      -2.80600
      -0.11149       0.61720      -2.71600
      -0.09249       0.61330      -2.63600
      -0.07249       0.60910      -3.17000
      -0.05349       0.60510      -2.97700
      -0.03349       0.59350      -3.45900
      -0.01449       0.58630      -3.48000
       0.00551       0.58450      -3.52000
       0.02451       0.58270      -4.12500
       0.04451       0.58190      -4.65900
       0.06351       0.58070      -4.92100
       0.08351       0.57950      -3.57600
       0.10251       0.57840      -3.53900
       0.12151       0.57800      -3.44700
       0.14151       0.57710      -3.45500
       0.16051       0.57600      -2.72600
       0.18051       0.57480      -2.25000
       0.19951       0.57220      -1.95500
       0.21951       0.56850      -1.49400
       0.23851       0.56790      -1.19500
       0.25851       0.56600      -0.66280
       0.27751       0.56460      -0.56520
       0.29751       0.56310      -0.56050
       0.31651       0.55980      -0.57210
       0.33651       0.55370      -0.58370
       0.35551       0.54760      -0.59540
       0.37551       0.53730      -0.60160
       0.39451       0.53830      -0.61660
       0.41351       0.53920      -0.62350
       0.43351       0.54040      -0.62910
       0.45251       0.54160      -0.63560
       0.47251       0.54280      -0.64520
       0.49151       0.54460      -0.66040
       0.51151       0.54690      -0.69060
       0.53051       0.54980      -0.69260
       0.55051       0.55730      -0.69810
       0.56951       0.56240      -0.70810
       0.58951       0.56530      -0.71200
       0.60851       0.56840      -0.72210
       0.62851       0.57170      -0.73170
       0.64751       0.57560      -0.74170
       0.66751       0.57990      -0.75730
       0.68651       0.58460      -0.77560
       0.70551       0.59070      -0.80460
       0.72551       0.59650      -0.84100
       0.74451       0.60270      -0.84740
       0.76451       0.60930      -0.85800
       0.78351       0.61630      -0.87180
       0.80351       0.62370      -0.88310
       0.82251       0.63120      -0.91820
       0.84251       0.63820      -0.97270
       0.86151       0.64460      -0.96510
       0.88151       0.66470      -0.98430
       0.90051       0.69260      -1.06000
       0.92051       0.72050      -0.84390
       0.93951       0.74840      -0.78530
       0.95951       0.77600      -0.78320
       0.97851       0.79610      -0.78110
       0.99751       0.81600      -0.77910
       1.01751       0.83910      -0.77730
       1.03651       0.86030      -0.77520
       1.05651       0.82670      -0.77420
       1.07551       0.76800      -0.77320
       1.09551       0.67860      -0.77460
       1.11451       0.60690      -0.77500
       1.13451       0.57350      -0.77520
       1.15351       0.56990      -0.77660
       1.17351       0.56620      -0.77620
       1.19251       0.56970      -0.77640
       1.21251       0.57180      -0.77730
       1.23151       0.57520      -0.77910
       1.25051       0.57990      -0.78170
       1.27051       0.58590      -0.79050
       1.28951       0.59310      -0.80650
       1.30951       0.60170      -0.82340
       1.32851       0.68470      -0.88200
       1.34851       0.63770      -1.01800
       1.36751       0.64590      -1.00400
       1.38751       0.65580      -0.93760
       1.40651       0.66610      -0.92710
       1.42651       0.67680      -0.91650
       1.44551       0.69360      -0.89810
       1.46551       0.72880      -0.88210
       1.48451       0.75980      -0.86920
       1.50451       0.82340      -0.86830
       1.52351       0.89610      -0.86730
       1.54251       0.95860      -0.86780
       1.56251       1.02500      -0.87070
       1.58151       1.08100      -0.87410
       1.60151       1.13100      -0.87780
       1.62051       1.18200      -0.88210
       1.64051       1.23000      -0.88730
       1.65951       1.27300      -0.89890
       1.67951       1.31300      -0.90960
       1.69851       1.35000      -0.92180
       1.71851       1.40400      -0.91660
       1.73751       1.36800      -0.60180
       1.75751       1.32200      -0.53270
       1.77651       1.24800      -0.49870
       1.79651       1.23200      -0.49780
       1.81551       1.19900      -0.51560
       1.83451       1.17400      -0.53480
       1.85451       1.15600      -0.55540
       1.87351       1.14900      -0.63100
       1.89351       1.14400      -0.73960
       1.91251       1.14200      -0.95990
       1.93251       1.14300      -1.08100
       1.95151       1.15000      -1.15500
       1.97151       1.16900      -1.21800
       1.99051       1.19900      -1.30400
       2.01051       1.16600      -1.59700
       2.02951       1.13700      -1.72900
       2.04951       1.11600      -1.50400
       2.06851       1.09500      -1.38000
       2.08751       1.07200      -1.32100
       2.10751       1.05200      -1.28100
       2.12651       1.03900      -1.23800
       2.14651       1.02900      -1.21300
       2.16551       1.04200      -1.31300
       2.18551       1.41100      -1.26700
       2.20451       1.50800      -1.26600
       2.22451       1.25200      -1.26200
       2.24351       1.08600      -1.26300
       2.26351       0.95610      -1.46800
       2.28251       0.93930      -1.28700
       2.30251       1.20200      -1.15300
       2.32151       1.12200      -1.16400
       2.34151       0.55280      -1.08800
       2.36051       0.54620      -1.05000
       2.37951       0.53460      -1.01000
       2.39951       0.52380      -1.00300
       2.41851       0.48350      -1.00400
       2.43851       0.46290      -1.05600
       2.45751       0.45720      -0.86780
       2.47751       0.45230      -0.52510
       2.49651       0.45630      -0.52000
       2.51651       0.45330      -0.51560
       2.53551       0.45060      -0.51190
       2.55551       0.44650      -0.50930
       2.57451       0.43950      -0.50620
       2.59451       0.43390      -0.50380
       2.61351       0.43400      -0.49620
       2.63351       0.43370      -0.49740
       2.65251       0.43400      -0.49780
       2.67151       0.43290      -0.49740
       2.69151       0.43160      -0.49700
       2.71051       0.43030      -0.49640
       2.73051       0.42800      -0.49540
       2.74951       0.43000      -0.49390
       2.76951       0.43190      -0.48760
       2.78851       0.43360      -0.48340
       2.80851       0.43500      -0.47980
       2.82751       0.43510      -0.47680
       2.84751       0.43530      -0.48030
       2.86651       0.43550      -0.47870
       2.88651       0.43570      -0.47640
       2.90551       0.44530      -0.47440
       2.92551       0.44350      -0.47260
       2.94451       0.45360      -0.47100
       2.96351       0.44720      -0.46970
       2.98351       0.44130      -0.46860
       3.00251       0.43570      -0.46820
       3.02251       0.43050      -0.46840
       3.04151       0.42580      -0.46860
       3.06151       0.43740      -0.46870
       3.08051       0.43650      -0.46860
       3.10051       0.43640      -0.46820
       3.11951       0.43580      -0.46750
       3.13951       0.43490      -0.46740
       3.15851       0.43360      -0.47490
       3.17851       0.43190      -0.47420
       3.19751       0.42470      -0.47380
       3.21651       0.42230      -0.47320
       3.23651       0.41990      -0.47140
       3.25551       0.41730      -0.46870
       3.27551       0.47750      -0.46600
       3.29451       0.49620      -0.46360
       3.31451       0.46980      -0.46890
       3.33351       0.44730      -0.46580
       3.35351       0.43050      -0.46300
       3.37251       0.41320      -0.45580
       3.39251       0.39530      -0.44720
       3.41151       0.37700      -0.44730
       3.43151       0.35810      -0.44700
       3.45051       0.33870      -0.44730
       3.47051       0.31880      -0.44620
       3.48951       0.82380      -0.44500
       3.50851       0.00000      -0.44370
       3.52851       0.00000      -0.44150
       3.54751       0.00000      -0.44330
       3.56751       0.00000      -0.44510
       3.58651       0.00000      -0.44680
       3.60651       0.00000      -0.44810
       3.62551       0.00000      -0.44810
       3.64551       0.00000      -0.44810
       3.66451       0.00000      -0.44820
       3.68451       0.00000      -0.44830
       3.70351       0.00000      -0.45750
       3.72351       0.00000      -0.45500
       3.74251       0.00000      -0.46490
       3.76251       0.00000      -0.45820
       3.78151       0.00000      -0.45200
       3.80051       0.00000      -0.44620
       3.82051       0.00000      -0.44090
       3.83951       0.00000      -0.43640
       3.85951       0.00000      -0.44950
       3.87851       0.00000      -0.44820
       3.89851       0.00000      -0.44770
       3.91751       0.00000      -0.44690
       3.93751       0.00000      -0.44560
       3.95651       0.00000      -0.44380
       3.97651       0.00000      -0.44170
       3.99551       0.00000      -0.43390
       4.01551       0.00000      -0.43130
       4.03451       0.00000      -0.42850
       4.05351       0.00000      -0.42560
       4.07351       0.00000      -0.51910
       4.09251       0.00000      -0.49030
       4.11251       0.00000      -0.46450
       4.13151       0.00000      -0.44610
       4.15151       0.00000      -0.42830
       4.17051       0.00000      -0.40980
       4.19051       0.00000      -0.39090
       4.20951       0.00000      -0.37130
       4.22951       0.00000      -0.35120
       4.24851       0.00000      -0.33060
       4.26851       0.00000      -0.82380
       4.28751       0.00000       0.00000
       4.30751       0.00000       0.00000
       4.32651       0.07826      -0.07949
       4.34551       0.02490      -0.02609
       4.36551       0.02780      -0.02897
       4.38451       0.03081      -0.03195
       4.40451       0.03392      -0.03502
       4.42351       0.03714      -0.03820
       4.44351       0.04047      -0.04148
       4.46251       0.04390      -0.04486
       4.48251       0.04744      -0.04835
       4.50151       0.05108      -0.05193
       4.52151       0.05483      -0.05561
       4.54051       0.05868      -0.05940
       4.56051       0.06264      -0.05533
       4.57951       0.05756      -0.05760
       4.59951       0.05992      -0.05991
       4.61851       0.06231      -0.06226
       4.63751       0.06475      -0.06466
       4.65751       0.06723      -0.06709
       4.67651       0.06975      -0.06957
       4.69651       0.07232      -0.07209
       4.71551       0.07493      -0.07466
       4.73551       0.07758      -0.07726
       4.75451       0.08027      -0.07991
       4.77451       0.08300      -0.08260
       4.79351       0.08606      -0.08567
       4.81351       0.08937      -0.08892
       4.83251       0.09275      -0.09224
       4.85251       0.09621      -0.09564
       4.87151       0.09975      -0.09910
       4.89151       0.10340      -0.10260
       4.91051       0.10700      -0.10620
       4.92951       0.11080      -0.10990
       4.94951       0.11460      -0.11370
       4.96851       0.11750      -0.11650
       4.98851       0.11880      -0.11780
       5.00751       0.12210      -0.12100
       5.02751       0.12540      -0.12430
       5.04651       0.12880      -0.12770
       5.06651       0.13230      -0.13120
       5.08551       0.13580      -0.13470
       5.10551       0.13940      -0.13830
       5.12451       0.14300      -0.14170
       5.14451       0.14650      -0.14530
       5.16351       0.15030      -0.14900
       5.18251       0.15510      -0.15380
       5.20251       0.15940      -0.15810
       5.22151       0.16350      -0.16220
       5.24151       0.16750      -0.16610
       5.26051       0.17140      -0.16990
       5.28051       0.17530      -0.17380
       5.29951       0.17930      -0.17780
       5.31951       0.18340      -0.18180
       5.33851       0.18750      -0.18590
       5.35851       0.19170      -0.19010
       5.37751       0.19600      -0.19430
       5.39751       0.20040      -0.19880
       5.41651       0.20630      -0.20460
       5.43651       0.21300      -0.21120
       5.45551       0.22030      -0.21850
       5.47451       0.22830      -0.22640
       5.49451       0.23670      -0.23470
       5.51351       0.24510      -0.24340
       5.53351       0.25360      -0.25190
       5.55251       0.26280      -0.26110
       5.57251       0.27270      -0.27100
       5.59151       0.28330      -0.28170
       5.61151       0.29470      -0.29330
       5.63051       0.30730      -0.30610
       5.65051       0.32170      -0.32070
       5.66951       0.33770      -0.33690
       5.68951       0.35490      -0.35470
       5.70851       0.38680      -0.40300
       5.72851       0.47000      -0.47820
       5.74751       0.53490      -0.56530
       5.76651       0.62850      -0.63320
       5.78651       0.68520      -0.68270
       5.80551       0.71450      -0.70890
       5.82551       0.72680      -0.71920
       5.84451       0.73210      -0.72500
       5.86451       0.73280      -0.72680
       5.88351       0.72890      -0.72300
       5.90351       0.72010      -0.71360
       5.92251       0.70690      -0.69860
       5.94251       0.69520      -0.68510
       5.96151       0.68120      -0.66780
       5.98151       0.67700      -0.67120
       6.00051       0.69070      -0.67870
       6.01951       0.69540      -0.68000
       6.03951       0.67770      -0.66950
       6.05851       0.65460      -0.64780
       6.07851       0.65230      -0.64200
       6.09751       0.65430      -0.64380
       6.11751       0.68510      -0.68010
       6.13651       0.67560      -0.67230
       6.15651       0.66310      -0.66140
       6.17551       0.64800      -0.64720
       6.19551       0.65550      -0.61540
       6.21451       0.55960      -0.55350
       6.23451       0.54450      -0.53910
       6.25351       0.52920      -0.52470
       6.27351       0.51390      -0.51040
       6.29251       0.49890      -0.49610
       6.31151       0.48560      -0.48300
       6.33151       0.47420      -0.47150
       6.35051       0.46490      -0.46160
       6.37051       0.46180      -0.45530
       6.38951       0.46060      -0.45300
       6.40951       0.45970      -0.45130
       6.42851       0.45920      -0.44970
       6.44851       0.45160      -0.44840
       6.46751       0.44410      -0.44260
       6.48751       0.43710      -0.43590
       6.50651       0.43060      -0.42960
       6.52651       0.42460      -0.42370
       6.54551       0.41610      -0.41800
       6.56551       0.40730      -0.40940
       6.58451       0.39850      -0.40070
       6.60351       0.38980      -0.39210
       6.62351       0.38100      -0.38340
       6.64251       0.37220      -0.37480
       6.66251       0.42120      -0.36700
       6.68151       0.35240      -0.41460
       6.70151       0.34020      -0.34600
       6.72051       0.32820      -0.33380
       6.74051       0.31630      -0.32200
       6.75951       0.49700      -0.31020
       6.77951       0.49020      -0.52390
       6.79851       0.56560      -0.55350
       6.81851       0.66200      -0.57220
       6.83751       0.84200      -0.73170
       6.85751       0.91220      -0.89670
       6.87651       0.93340      -1.01100
       6.89551       1.05400      -0.99050
       6.91551       1.00700      -1.03700
       6.93451       1.01000      -1.02800
       6.95451       1.01200      -1.01900
       6.97351       1.00500      -0.98580
       6.99351       0.97220      -0.96800
       7.01251       0.99300      -0.97630
       7.03251       1.04400      -0.99470
       7.05151       1.00600      -1.04900
       7.07151       1.00100      -1.01200
       7.09051       0.99640      -1.00600
       7.11051       0.99450      -1.00100
       7.12951       0.99870      -0.99940
       7.14851       0.99860      -1.00400
       7.16851       0.99250      -0.99920
       7.18751       0.99140      -0.99990
       7.20751       0.99240      -0.99950
       7.22651       0.99410      -1.00000
       7.24651       0.99280      -1.00200
       7.26551       0.99160      -1.00000
       7.28551       0.99070      -0.99490
       7.30451       0.98630      -0.98940
       7.32451       0.98570      -0.98910
       7.34351       0.98620      -0.99000
       7.36351       0.98070      -0.98890
       7.38251       0.99230      -0.98190
       7.40251       0.98530      -0.99150
       7.42151       0.97760      -0.98540
       7.44051       0.97270      -0.97950
       7.46051       0.96790      -0.97510
       7.47951       0.96250      -0.97350
       7.49951       0.95760      -0.97060
       7.51851       0.95300      -0.96380
       7.53851       0.94970      -0.95980
       7.55751       0.94640      -0.95630
       7.57751       0.94310      -0.95330
       7.59651       0.94090      -0.94980
       7.61651       0.93880      -0.94740
       7.63551       0.93710      -0.94550
       7.65551       0.93630      -0.94470
       7.67451       0.93610      -0.94410
       7.69451       0.93620      -0.94370
       7.71351       0.94240      -0.94390
       7.73251       0.94490      -0.94960
       7.75251       0.94100      -0.95200
       7.77151       0.92940      -0.94830
       7.79151       0.93210      -0.93730
       7.81051       0.93290      -0.94030
       7.83051       0.91800      -0.93250
       7.84951       0.89110      -0.92840
       7.86951       0.88170      -0.89490
       7.88851       0.88110      -0.88880
       7.90851       0.88280      -0.88840
       7.92751       0.89870      -0.89170
       7.94751       0.89280      -0.90210
       7.96651       0.88750      -0.89740
       7.98551       0.88320      -0.89350
       8.00551       0.87970      -0.89050
       8.02451       0.87670      -0.88790
       8.04451       0.88010      -0.88590
       8.06351       0.88960      -0.88950
       8.08351       0.90370      -0.89900
       8.10251       0.92160      -0.91830
       8.12251       0.94860      -0.93710
       8.14151       0.97590      -0.96480
       8.16151       1.01900      -0.99830
       8.18051       1.07300      -1.04000
       8.20051       1.19700      -1.14000
       8.21951       1.30500      -1.24300
       8.23951       1.46400      -1.34100
       8.25851       1.53200      -1.51100
       8.27751       1.55300      -1.54900
       8.29751       1.51600      -1.53500
       8.31651       1.51000      -1.50000
       8.33651       1.52300      -1.50100
       8.35551       1.53800      -1.51300
       8.37551       1.55400      -1.53000
       8.39451       1.55200      -1.54500
       8.41451       1.68500      -1.68600
       8.43351       1.83900      -1.78500
       8.45351       1.95100      -1.96400
       8.47251       1.93600      -1.96400
       8.49251       1.81400      -1.85300
       8.51151       1.65700      -1.66600
       8.53151       1.39500      -1.46300
       8.55051       1.14300      -1.18300
       8.56951       1.03600      -1.03200
       8.58951       0.87570      -1.02700
       8.60851       0.78590      -0.85760
       8.62851       0.71570      -0.75890
       8.64751       0.85130      -0.69270
       8.66751       0.52470      -1.51500
       8.68651       0.46590      -0.62490
       8.70651       0.44670      -0.48010
       8.72551       0.42980      -0.42620
       8.74551       0.43440      -0.41280
       8.76451       0.41520      -0.41220
       8.78451       0.39780      -0.39410
       8.80351       0.41240      -0.39100
       8.82351       0.41190      -0.41660
       8.84251       0.31130      -0.30930
       8.86151       0.29510      -0.29360
       8.88151       0.28330      -0.28180
       8.90051       0.27040      -0.26930
       8.92051       0.26080      -0.25960
       8.93951       0.25150      -0.25030
       8.95951       0.24260      -0.24140
       8.97851       0.23400      -0.23290
       8.99851       0.22580      -0.22470
       9.01751       0.21790      -0.21680
       9.03751       0.21080      -0.20990
       9.05651       0.20400      -0.20310
       9.07651       0.19710      -0.19620
       9.09551       0.19040      -0.18950
       9.11451       0.18400      -0.18310
       9.13451       0.17740      -0.17660
       9.15351       0.17180      -0.17110
       9.17351       0.16640      -0.16570
       9.19251       0.16130      -0.16060
       9.21251       0.15650      -0.15590
       9.23151       0.15180      -0.15120
       9.25151       0.14720      -0.14660
       9.27051       0.14280      -0.14210
       9.29051       0.13840      -0.13770
       9.30951       0.13410      -0.13350
       9.32951       0.12990      -0.12930
       9.34851       0.12630      -0.12570
       9.36851       0.12240      -0.12180
       9.38751       0.11850      -0.11800
       9.40651       0.11480      -0.11430
       9.42651       0.11110      -0.11060
       9.44551       0.10760      -0.10710
       9.46551       0.10410      -0.10360
       9.48451       0.10070      -0.10400
       9.50451       0.10110      -0.10040
       9.52351       0.09740      -0.09688
       9.54351       0.09350      -0.09305
       9.56251       0.08972      -0.08932
       9.58251       0.08607      -0.08572
       9.60151       0.08253      -0.08226
       9.62151       0.07985      -0.07969
       9.64051       0.07722      -0.07705
       9.66051       0.07452      -0.07433
       9.67951       0.07175      -0.07154
       9.69851       0.06891      -0.06867
       9.71851       0.11310      -0.11140
       9.73751       0.09763      -0.09678
       9.75751       0.08259      -0.08249
       9.77651       0.07537      -0.07513
       9.79651       0.03567      -0.03583
       9.81551       0.03351      -0.03303
       9.83551       0.03081      -0.03033
       9.85451       0.02821      -0.02772
       9.87451       0.02570      -0.02520
       9.89351       0.02328      -0.02278
       9.91351       0.02096      -0.02046
       9.93251       0.01873      -0.01823
       9.95151       0.01659      -0.01609
       9.97151       0.01455      -0.01406
       9.99051       0.01260      -0.01211
      10.01051       0.01075      -0.01027
      10.02951       0.01872      -0.01872
      10.04951       0.00000       0.00000
      10.06851       0.00000       0.00000
      10.08851       0.00000       0.00000
      10.10751       0.00000       0.00000
      10.12751       0.00000       0.00000
      10.14651       0.00000       0.00000
      10.16651       0.00000       0.00000
      10.18551       0.00000       0.00000
      10.20551       0.00000       0.00000
      10.22451       0.00000       0.00000
      10.24351       0.00000       0.00000
      10.26351       0.00000       0.00000
      10.28251       0.00000       0.00000
      10.30251       0.00000       0.00000
      10.32151       0.00000       0.00000
      10.34151       0.00000       0.00000
      10.36051       0.00000       0.00000
      10.38051       0.00000       0.00000
      10.39951       0.00000       0.00000
      10.41951       0.00000       0.00000
      10.43851       0.00000       0.00000
      10.45851       0.00000       0.00000
      10.47751       0.00000       0.00000
      10.49751       0.00000       0.00000
      10.51651       0.00000       0.00000
      10.53551       0.00000       0.00000
      10.55551       0.00000       0.00000
      10.57451       0.00000       0.00000
      10.59451       0.00000       0.00000
      10.61351       0.00000       0.00000
      10.63351       0.00000       0.00000
      10.65251       0.00000       0.00000
      10.67251       0.00000       0.00000
      10.69151       0.00000       0.00000
      10.71151       0.00000       0.00000
      10.73051       0.00000       0.00000
      10.75051       0.00000       0.00000
      10.76951       0.00000       0.00000
      10.78951       0.00000       0.00000
      10.80851       0.00000       0.00000
      10.82751       0.00000       0.00000
      10.84751       0.00000       0.00000
      10.86651       0.00000       0.00000
      10.88651       0.00000       0.00000
      10.90551       0.00000       0.00000
      10.92551       0.00000       0.00000
      10.94451       0.00000       0.00000
      10.96451       0.00000       0.00000
      10.98351       0.00000       0.00000
      11.00351       0.10050      -0.08397
      11.02251       0.08987      -0.06745
      11.04251       0.03451      -0.08983
      11.06151       0.03621      -0.03376
      11.08051       0.03796      -0.03537
      11.10051       0.03978      -0.03704
      11.11951       0.04165      -0.03876
      11.13951       0.04358      -0.04053
      11.15851       0.04556      -0.04236
      11.17851       0.04760      -0.04424
      11.19751       0.04970      -0.04618
      11.21751       0.05186      -0.04816
      11.23651       0.05408      -0.05020
      11.25651       0.05114      -0.05230
      11.27551       0.05252      -0.04956
      11.29551       0.05392      -0.05089
      11.31451       0.05535      -0.05225
      11.33451       0.05680      -0.05363
      11.35351       0.05828      -0.05504
      11.37251       0.05978      -0.05647
      11.39251       0.06130      -0.05792
      11.41151       0.06285      -0.05940
      11.43151       0.06442      -0.06090
      11.45051       0.06622      -0.06242
      11.47051       0.06812      -0.06410
      11.48951       0.07008      -0.06592
      11.50951       0.07209      -0.06780
      11.52851       0.07416      -0.06972
      11.54851       0.07629      -0.07170
      11.56751       0.07847      -0.07373
      11.58751       0.08070      -0.07581
      11.60651       0.08299      -0.07795
      11.62651       0.08534      -0.08014
      11.64551       0.08761      -0.08238
      11.66451       0.08892      -0.08467
      11.68451       0.09107      -0.08586
      11.70351       0.09325      -0.08792
      11.72351       0.09545      -0.09001
      11.74251       0.09767      -0.09211
      11.76251       0.10470      -0.09424
      11.78151       0.10760      -0.09639
      11.80151       0.11060      -0.09856
      11.82051       0.11360      -0.10070
      11.84051       0.11670      -0.10630
      11.85951       0.11990      -0.10890
      11.87951       0.12310      -0.11160
      11.89851       0.12640      -0.11430
      11.91751       0.12970      -0.11710
      11.93751       0.13310      -0.11990
      11.95651       0.13660      -0.12280
      11.97651       0.13970      -0.12570
      11.99551       0.14360      -0.12830
      12.01551       0.14760      -0.13140
      12.03451       0.15170      -0.13480
      12.05451       0.15580      -0.13830
      12.07351       0.16000      -0.14180
      12.09351       0.16430      -0.14540
      12.11251       0.16870      -0.14900
      12.13251       0.23230      -0.15270
      12.15151       0.20300      -0.15650
      12.17151       0.21130      -0.16050
      12.19051       0.22290      -0.22300
      12.20951       0.23420      -0.19300
      12.22951       0.24470      -0.20070
      12.24851       0.25500      -0.20870
      12.26851       0.26500      -0.21700
      12.28751       0.26490      -0.22550
      12.30751       0.27150      -0.23660
      12.32651       0.27820      -0.24610
      12.34651       0.28510      -0.24380
      12.36551       0.29210      -0.25140
      12.38551       0.29930      -0.25810
      12.40451       0.30660      -0.26430
      12.42451       0.31410      -0.27060
      12.44351       0.32160      -0.27710
      12.46351       0.32930      -0.28370
      12.48251       0.33720      -0.29040
      12.50151       0.34590      -0.29730
      12.52151       0.35310      -0.30430
      12.54051       0.36030      -0.31150
      12.56051       0.36740      -0.32270
      12.57951       0.37270      -0.33000
      12.59951       0.38290      -0.33730
      12.61851       0.39070      -0.34440
      12.63851       0.39850      -0.35310
      12.65751       0.40530      -0.36070
      12.67751       0.41380      -0.36800
      12.69651       0.42240      -0.37540
      12.71651       0.43130      -0.38270
      12.73551       0.44020      -0.38900
      12.75551       0.44940      -0.39770
      12.77451       0.45860      -0.40670
      12.79351       0.46800      -0.41590
      12.81351       0.47740      -0.42540
      12.83251       0.48690      -0.43510
      12.85251       0.49670      -0.44490
      12.87151       0.57470      -0.45440
      12.89151       0.52730      -0.46410
      12.91051       0.53620      -0.47390
      12.93051       0.54500      -0.55120
      12.94951       0.55380      -0.50360
      12.96951       0.56330      -0.51210
      12.98851       0.57090      -0.52030
      13.00851       0.57900      -0.52840
      13.02751       0.58700      -0.53700
      13.04651       0.59450      -0.54350
      13.06651       0.59120      -0.55040
      13.08551       0.59640      -0.55710
      13.10551       0.60260      -0.55310
      13.12451       0.60880      -0.55840
      13.14451       0.61510      -0.56390
      13.16351       0.62920      -0.56970
      13.18351       0.63650      -0.57550
      13.20251       0.64420      -0.58150
      13.22251       0.65170      -0.58770
      13.24151       0.66010      -0.60090
      13.26151       0.66880      -0.60860
      13.28051       0.67760      -0.61630
      13.30051       0.68670      -0.62450
      13.31951       0.69600      -0.63300
      13.33851       0.70500      -0.64160
      13.35851       0.71670      -0.65030
      13.37751       0.72570      -0.65930
      13.39751       0.73650      -0.66840
      13.41651       0.74910      -0.67580
      13.43651       0.76200      -0.68400
      13.45551       0.77520      -0.69410
      13.47551       0.78900      -0.70440
      13.49451       0.80350      -0.71490
      13.51451       0.81870      -0.72560
      13.53351       0.83480      -0.74140
      13.55351       0.85100      -0.76420
      13.57251       0.85540      -0.78340
      13.59251       0.86890      -0.80600
      13.61151       0.88290      -0.81580
      13.63051       0.89990      -0.82150
      13.65051       0.91680      -0.82860
      13.66951       0.93580      -0.83580
      13.68951       0.95860      -0.84310
      13.70851       0.98370      -0.85650
      13.72851       1.01600      -0.87020
      13.74751       1.05200      -0.88510
      13.76751       1.09300      -0.90300
      13.78651       1.14000      -0.92400
      13.80651       1.19400      -0.94640
      13.82551       1.25300      -0.96880
      13.84551       1.31800      -0.99280
      13.86451       1.38900      -1.01900
      13.88351       1.46100      -1.04800
      13.90351       1.57800      -1.08100
      13.92251       1.62500      -1.12000
      13.94251       1.54700      -1.16800
      13.96151       1.44600      -1.22300
      13.98151       1.34100      -1.28500
      14.00051       1.29500      -1.34400
      14.02051       1.25100      -1.41100
      14.03951       1.23500      -1.51800
      14.05951       1.36900      -1.58800
      14.07851       1.36500      -1.60400
      14.09851       1.32300      -1.53900
      14.11751       1.29300      -1.41600
      14.13751       1.26900      -1.25700
      14.15651       1.28300      -1.21300
      14.17551       1.27000      -1.17800
      14.19551       1.19700      -1.14300
      14.21451       1.23200      -1.06600
      14.23451       1.27900      -1.07900
      14.25351       1.34500      -1.26600
      14.27351       1.44700      -1.31700
      14.29251       1.64600      -1.45400
      14.31251       1.62600      -1.60900
      14.33151       1.56800      -1.68100
      14.35151       1.38200      -1.75100
      14.37051       1.15800      -1.72200
      14.39051       0.95650      -1.81200
      14.40951       0.83670      -1.77800
      14.42951       0.75070      -1.54000
      14.44851       0.67390      -1.35100
      14.46751       0.60620      -1.18900
      14.48751       0.54760      -1.01600
      14.50651       0.51810      -0.83640
      14.52651       0.49140      -0.70670
      14.54551       0.48740      -0.63760
      14.56551       0.48010      -0.59780
      14.58451       0.69610      -0.58800
      14.60451       0.77340      -0.50140
      14.62351       0.27930      -0.47230
      14.64351       0.05213      -0.44460
      14.66251       0.01683      -0.72100
      14.68251       0.01387      -0.94570
      14.70151       0.01119      -0.32920
      14.72151       0.00880      -0.27930
      14.74051       0.00669      -0.23480
      14.75951       0.00487      -0.06624
      14.77951       0.00334      -0.00743
      14.79851       0.00210      -0.00519
      14.81851       0.00115      -0.00335
      14.83751       0.00048      -0.00191
      14.85751       0.00010      -0.00088
      14.87651       0.00000      -0.00024
      14.89651       0.00000      -0.00000
      14.91551       0.00000       0.00000
      14.93551       0.00000       0.00000
      14.95451       0.00000       0.00000
      14.97451       0.00000       0.00000
      14.99351       0.00000       0.00000
      15.01251       0.00000       0.00000
      15.03251       0.00000       0.00000
      15.05151       0.00000       0.00000
      15.07151       0.00000       0.00000
      15.09051       0.00000       0.00000
      15.11051       0.00000       0.00000
      15.12951       0.00000       0.00000
      15.14951       0.00000       0.00000
      15.16851       0.00000       0.00000
      15.18851       0.00000       0.00000
      15.20751       0.00000       0.00000
      15.22751       0.00000       0.00000
      15.24651       0.00000       0.00000
      15.26651       0.00000       0.00000
      15.28551       0.00000       0.00000
      15.30451       0.00000       0.00000
      15.32451       0.00000       0.00000
      15.34351       0.00000       0.00000
      15.36351       0.00000       0.00000
      15.38251       0.00000       0.00000
      15.40251       0.00000       0.00000
      15.42151       0.00000       0.00000
      15.44151       0.00000       0.00000
      15.46051       0.00000       0.00000
      15.48051       0.00000       0.00000
      15.49951       0.00000       0.00000
      15.51951       0.00000       0.00000
      15.53851       0.00000       0.00000
      15.55851       0.00000       0.00000
      15.57751       0.00000       0.00000
      15.59651       0.00000       0.00000
      15.61651       0.00000       0.00000
      15.63551       0.00000       0.00000
      15.65551       0.00000       0.00000
      15.67451       0.00000       0.00000
      15.69451       0.00000       0.00000
      15.71351       0.00000       0.00000
      15.73351       0.00000       0.00000
      15.75251       0.00000       0.00000
      15.77251       0.00000       0.00000
      15.79151       0.00000       0.00000
      15.81151       0.00000       0.00000
      15.83051       0.00000       0.00000
      15.84951       0.00000       0.00000
      15.86951       0.00000       0.00000
      15.88851       0.00000       0.00000
      15.90851       0.00000       0.00000
      15.92751       0.00000       0.00000
      15.94751       0.00000       0.00000
      15.96651       0.00000       0.00000
      15.98651       0.00000       0.00000
      16.00551       0.00000       0.00000
      16.02551       0.00000       0.00000
      16.04451       0.00000       0.00000
      16.06451       0.00000       0.00000
      16.08351       0.00000       0.00000
      16.10351       0.00000       0.00000
      16.12251       0.00000       0.00000
      16.14151       0.00000       0.00000
      16.16151       0.00000       0.00000
      16.18051       0.00000       0.00000
      16.20051       0.00000       0.00000
      16.21951       0.00000       0.00000
      16.23951       0.00000       0.00000
      16.25851       0.00000       0.00000
      16.27851       0.00000       0.00000
      16.29751       0.00000       0.00000
      16.31751       0.00000       0.00000
      16.33651       0.00000       0.00000
      16.35651       0.00000       0.00000
      16.37551       0.00000       0.00000
      16.39551       0.00000       0.00000
      16.41451       0.00000       0.00000
      16.43351       0.00000       0.00000
      16.45351       0.00000       0.00000
      16.47251       0.00000       0.00000
      16.49251       0.00000       0.00000
      16.51151       0.00000       0.00000
      16.53151       0.00000       0.00000
      16.55051       0.00000       0.00000
      16.57051       0.00000       0.00000
      16.58951       0.00000       0.00000
      16.60951       0.00000       0.00000
      16.62851       0.00000       0.00000
      16.64851       0.00000       0.00000
      16.66751       0.00000       0.00000
