      #Energy        TDOS-UP        TDOS-DOWN
     -22.14779       0.00000       0.00000
     -22.13079       0.00000       0.00000
     -22.11379       0.00000       0.00000
     -22.09679       0.00000       0.00000
     -22.08079       0.00000       0.00000
     -22.06379       0.00000       0.00000
     -22.04679       0.00000       0.00000
     -22.02979       0.00000       0.00000
     -22.01379       0.00000       0.00000
     -21.99679       0.00000       0.00000
     -21.97979       0.00000       0.00000
     -21.96279       0.00000       0.00000
     -21.94679       0.00000       0.00000
     -21.92979       0.00000       0.00000
     -21.91279       0.00000       0.00000
     -21.89579       0.00000       0.00000
     -21.87979       0.00000       0.00000
     -21.86279       0.00000       0.00000
     -21.84579       0.00000       0.00000
     -21.82879       0.00000       0.00000
     -21.81279       0.00000       0.00000
     -21.79579       0.00000       0.00000
     -21.77879       0.00000       0.00000
     -21.76179       0.00000       0.00000
     -21.74479       0.00000       0.00000
     -21.72879       0.00000       0.00000
     -21.71179       0.00000       0.00000
     -21.69479       0.00000       0.00000
     -21.67779       0.00000       0.00000
     -21.66179       0.00000       0.00000
     -21.64479       0.00000       0.00000
     -21.62779       0.00000       0.00000
     -21.61079       0.00000       0.00000
     -21.59479       0.00000       0.00000
     -21.57779       0.00000       0.00000
     -21.56079       0.00000       0.00000
     -21.54379       0.00000       0.00000
     -21.52779       0.00000       0.00000
     -21.51079       0.00000       0.00000
     -21.49379       0.00000       0.00000
     -21.47679       0.00000       0.00000
     -21.45979       0.00000       0.00000
     -21.44379       0.00000       0.00000
     -21.42679       0.00000       0.00000
     -21.40979       0.00000       0.00000
     -21.39279       0.00000       0.00000
     -21.37679       0.00000       0.00000
     -21.35979       0.00000       0.00000
     -21.34279       0.00000       0.00000
     -21.32579       0.00000       0.00000
     -21.30979       0.00000       0.00000
     -21.29279       0.00000       0.00000
     -21.27579       0.00000       0.00000
     -21.25879       0.00000       0.00000
     -21.24279       0.00000       0.00000
     -21.22579       0.00000       0.00000
     -21.20879       0.00000       0.00000
     -21.19179       0.00000       0.00000
     -21.17479       0.00000       0.00000
     -21.15879       0.00000       0.00000
     -21.14179       0.00000       0.00000
     -21.12479       0.00000       0.00000
     -21.10779       0.00000       0.00000
     -21.09179       0.00000       0.00000
     -21.07479       0.00000       0.00000
     -21.05779       0.00000       0.00000
     -21.04079       0.00000       0.00000
     -21.02479       0.00000       0.00000
     -21.00779       0.00000       0.00000
     -20.99079       0.00000       0.00000
     -20.97379       0.00000       0.00000
     -20.95779       0.00000       0.00000
     -20.94079       0.00000       0.00000
     -20.92379       0.00000       0.00000
     -20.90679       0.00000       0.00000
     -20.88979       0.00000       0.00000
     -20.87379       0.00000       0.00000
     -20.85679       0.00000       0.00000
     -20.83979       0.00000       0.00000
     -20.82279       0.00000       0.00000
     -20.80679       0.00000       0.00000
     -20.78979       0.00000       0.00000
     -20.77279       0.00000       0.00000
     -20.75579       0.00000       0.00000
     -20.73979       0.00000       0.00000
     -20.72279       0.00000       0.00000
     -20.70579       0.00000       0.00000
     -20.68879       0.00000       0.00000
     -20.67279       0.00000       0.00000
     -20.65579       0.00000       0.00000
     -20.63879       0.00000       0.00000
     -20.62179       0.06064      -0.06063
     -20.60479       0.06229      -0.06229
     -20.58879       0.08969      -0.08969
     -20.57179       0.12110      -0.12110
     -20.55479       0.12770      -0.12770
     -20.53779       0.14140      -0.14140
     -20.52179       0.15330      -0.15330
     -20.50479       0.16400      -0.16400
     -20.48779       0.17890      -0.17890
     -20.47079       0.19500      -0.19500
     -20.45479       0.21220      -0.21220
     -20.43779       0.21840      -0.21840
     -20.42079       0.22820      -0.22820
     -20.40379       0.23670      -0.23670
     -20.38779       0.24600      -0.24600
     -20.37079       0.25710      -0.25710
     -20.35379       0.26890      -0.26890
     -20.33679       0.28130      -0.28130
     -20.31979       0.29390      -0.29390
     -20.30379       0.30660      -0.30660
     -20.28679       0.31590      -0.31590
     -20.26979       0.32670      -0.32670
     -20.25279       0.33740      -0.33740
     -20.23679       0.34840      -0.34840
     -20.21979       0.36020      -0.36020
     -20.20279       0.37210      -0.37210
     -20.18579       0.38420      -0.38420
     -20.16979       0.39650      -0.39650
     -20.15279       0.40880      -0.40880
     -20.13579       0.42180      -0.42180
     -20.11879       0.43610      -0.43610
     -20.10279       0.45090      -0.45090
     -20.08579       0.46640      -0.46640
     -20.06879       0.48220      -0.48220
     -20.05179       0.49800      -0.49800
     -20.03479       0.51390      -0.51390
     -20.01879       0.52990      -0.52990
     -20.00179       0.54620      -0.54620
     -19.98479       0.56310      -0.56310
     -19.96779       0.58120      -0.58120
     -19.95179       0.59940      -0.59940
     -19.93479       0.63420      -0.63420
     -19.91779       0.66580      -0.66580
     -19.90079       0.70040      -0.70040
     -19.88479       0.73330      -0.73330
     -19.86779       0.76630      -0.76630
     -19.85079       0.79970      -0.79970
     -19.83379       0.96860      -0.96860
     -19.81779       0.93650      -0.93650
     -19.80079       0.96160      -0.96160
     -19.78379       0.93170      -0.93170
     -19.76679       0.92910      -0.92910
     -19.74979       0.92580      -0.92580
     -19.73379       0.92480      -0.92480
     -19.71679       0.92600      -0.92600
     -19.69979       0.92520      -0.92520
     -19.68279       0.90880      -0.90880
     -19.66679       0.90610      -0.90610
     -19.64979       0.90180      -0.90180
     -19.63279       0.90070      -0.90070
     -19.61579       0.89840      -0.89840
     -19.59979       0.89510      -0.89510
     -19.58279       0.89100      -0.89100
     -19.56579       0.88250      -0.88250
     -19.54879       0.87760      -0.87760
     -19.53279       0.87350      -0.87350
     -19.51579       0.87120      -0.87120
     -19.49879       0.86800      -0.86800
     -19.48179       0.86420      -0.86420
     -19.46579       0.85970      -0.85970
     -19.44879       0.85460      -0.85460
     -19.43179       0.85210      -0.85210
     -19.41479       0.84830      -0.84830
     -19.39779       0.84400      -0.84400
     -19.38179       0.83890      -0.83890
     -19.36479       0.83270      -0.83270
     -19.34779       0.82610      -0.82610
     -19.33079       0.81910      -0.81910
     -19.31479       0.81170      -0.81170
     -19.29779       0.82780      -0.82780
     -19.28079       0.82170      -0.82170
     -19.26379       0.80930      -0.80930
     -19.24779       0.78730      -0.78740
     -19.23079       0.75880      -0.75880
     -19.21379       0.77270      -0.77270
     -19.19679       0.65400      -0.65400
     -19.18079       0.60460      -0.60460
     -19.16379       0.54900      -0.54900
     -19.14679       0.51880      -0.51880
     -19.12979       0.49030      -0.49030
     -19.11279       0.46320      -0.46320
     -19.09679       0.43750      -0.43750
     -19.07979       0.40920      -0.40920
     -19.06279       0.39020      -0.39020
     -19.04579       0.37300      -0.37300
     -19.02979       0.35380      -0.35380
     -19.01279       0.33530      -0.33530
     -18.99579       0.31750      -0.31750
     -18.97879       0.30040      -0.30040
     -18.96279       0.28370      -0.28370
     -18.94579       0.26840      -0.26840
     -18.92879       0.25480      -0.25480
     -18.91179       0.23970      -0.23970
     -18.89579       0.22490      -0.22490
     -18.87879       0.21040      -0.21040
     -18.86179       0.19620      -0.19620
     -18.84479       0.18520      -0.18520
     -18.82779       0.17060      -0.17060
     -18.81179       0.74380      -0.74380
     -18.79479       0.83870      -0.83870
     -18.77779       1.06700      -1.06700
     -18.76079       1.29800      -1.29800
     -18.74479       1.55900      -1.55900
     -18.72779       1.81300      -1.81300
     -18.71079       2.16800      -2.16800
     -18.69379       2.61300      -2.61300
     -18.67779       3.16100      -3.16100
     -18.66079       5.42500      -5.42400
     -18.64379      10.99000     -10.99000
     -18.62679       9.51600      -9.51600
     -18.61079       7.96300      -7.96300
     -18.59379       6.12900      -6.12900
     -18.57679       6.80100      -6.79900
     -18.55979       5.39800      -5.39800
     -18.54279       5.63600      -5.63600
     -18.52679       5.17300      -5.17300
     -18.50979       5.84100      -5.84300
     -18.49279       4.72100      -4.72100
     -18.47579       4.83700      -4.83800
     -18.45979       6.13000      -6.12900
     -18.44279       6.60900      -6.60900
     -18.42579       4.30000      -4.30000
     -18.40879       3.43200      -3.43200
     -18.39279       2.82800      -2.82800
     -18.37579       2.29600      -2.29600
     -18.35879       1.73600      -1.73600
     -18.34179       1.37300      -1.37300
     -18.32579       0.49560      -0.49570
     -18.30879       0.06522      -0.06522
     -18.29179       0.00000       0.00000
     -18.27479       0.00000       0.00000
     -18.25779       0.00000       0.00000
     -18.24179       0.00000       0.00000
     -18.22479       0.00000       0.00000
     -18.20779       0.00000       0.00000
     -18.19079       0.00000       0.00000
     -18.17479       0.00000       0.00000
     -18.15779       0.00000       0.00000
     -18.14079       0.00000       0.00000
     -18.12379       0.00000       0.00000
     -18.10779       0.00000       0.00000
     -18.09079       0.00000       0.00000
     -18.07379       0.00000       0.00000
     -18.05679       0.00000       0.00000
     -18.04079       0.00000       0.00000
     -18.02379       0.00000       0.00000
     -18.00679       0.00000       0.00000
     -17.98979       0.00000       0.00000
     -17.97279       0.00000       0.00000
     -17.95679       0.00000       0.00000
     -17.93979       0.00000       0.00000
     -17.92279       0.00000       0.00000
     -17.90579       0.00000       0.00000
     -17.88979       0.00000       0.00000
     -17.87279       0.00000       0.00000
     -17.85579       0.00000       0.00000
     -17.83879       0.00000       0.00000
     -17.82279       0.00000       0.00000
     -17.80579       0.00000       0.00000
     -17.78879       0.00000       0.00000
     -17.77179       0.00000       0.00000
     -17.75579       0.00000       0.00000
     -17.73879       0.00000       0.00000
     -17.72179       0.00000       0.00000
     -17.70479       0.00000       0.00000
     -17.68779       0.00000       0.00000
     -17.67179       0.00000       0.00000
     -17.65479       0.00000       0.00000
     -17.63779       0.00000       0.00000
     -17.62079       0.00000       0.00000
     -17.60479       0.00000       0.00000
     -17.58779       0.00000       0.00000
     -17.57079       0.00000       0.00000
     -17.55379       0.00000       0.00000
     -17.53779       0.00000       0.00000
     -17.52079       0.00000       0.00000
     -17.50379       0.00000       0.00000
     -17.48679       0.00000       0.00000
     -17.47079       0.00000       0.00000
     -17.45379       0.00000       0.00000
     -17.43679       0.00000       0.00000
     -17.41979       0.00000       0.00000
     -17.40279       0.00000       0.00000
     -17.38679       0.00000       0.00000
     -17.36979       0.00000       0.00000
     -17.35279       0.00000       0.00000
     -17.33579       0.00000       0.00000
     -17.31979       0.00000       0.00000
     -17.30279       0.00000       0.00000
     -17.28579       0.00000       0.00000
     -17.26879       0.00000       0.00000
     -17.25279       0.00000       0.00000
     -17.23579       0.00000       0.00000
     -17.21879       0.00000       0.00000
     -17.20179       0.00000       0.00000
     -17.18579       0.00000       0.00000
     -17.16879       0.00000       0.00000
     -17.15179       0.00000       0.00000
     -17.13479       0.00000       0.00000
     -17.11779       0.00000       0.00000
     -17.10179       0.00000       0.00000
     -17.08479       0.00000       0.00000
     -17.06779       0.00000       0.00000
     -17.05079       0.00000       0.00000
     -17.03479       0.00000       0.00000
     -17.01779       0.00000       0.00000
     -17.00079       0.00000       0.00000
     -16.98379       0.00000       0.00000
     -16.96779       0.00000       0.00000
     -16.95079       0.00000       0.00000
     -16.93379       0.00000       0.00000
     -16.91679       0.00000       0.00000
     -16.90079       0.00000       0.00000
     -16.88379       0.00000       0.00000
     -16.86679       0.00000       0.00000
     -16.84979       0.00000       0.00000
     -16.83379       0.00000       0.00000
     -16.81679       0.00000       0.00000
     -16.79979       0.00000       0.00000
     -16.78279       0.00000       0.00000
     -16.76579       0.00000       0.00000
     -16.74979       0.00000       0.00000
     -16.73279       0.00000       0.00000
     -16.71579       0.00000       0.00000
     -16.69879       0.00000       0.00000
     -16.68279       0.00000       0.00000
     -16.66579       0.00000       0.00000
     -16.64879       0.00000       0.00000
     -16.63179       0.00000       0.00000
     -16.61579       0.00000       0.00000
     -16.59879       0.00000       0.00000
     -16.58179       0.00000       0.00000
     -16.56479       0.00000       0.00000
     -16.54879       0.00000       0.00000
     -16.53179       0.00000       0.00000
     -16.51479       0.00000       0.00000
     -16.49779       0.00000       0.00000
     -16.48079       0.00000       0.00000
     -16.46479       0.00000       0.00000
     -16.44779       0.00000       0.00000
     -16.43079       0.00000       0.00000
     -16.41379       0.00000       0.00000
     -16.39779       0.00000       0.00000
     -16.38079       0.00000       0.00000
     -16.36379       0.00000       0.00000
     -16.34679       0.00000       0.00000
     -16.33079       0.00000       0.00000
     -16.31379       0.00000       0.00000
     -16.29679       0.00000       0.00000
     -16.27979       0.00000       0.00000
     -16.26379       0.00000       0.00000
     -16.24679       0.00000       0.00000
     -16.22979       0.00000       0.00000
     -16.21279       0.00000       0.00000
     -16.19579       0.00000       0.00000
     -16.17979       0.00000       0.00000
     -16.16279       0.00000       0.00000
     -16.14579       0.00000       0.00000
     -16.12879       0.00000       0.00000
     -16.11279       0.00000       0.00000
     -16.09579       0.00000       0.00000
     -16.07879       0.00000       0.00000
     -16.06179       0.00000       0.00000
     -16.04579       0.00000       0.00000
     -16.02879       0.00000       0.00000
     -16.01179       0.00000       0.00000
     -15.99479       0.00000       0.00000
     -15.97879       0.00000       0.00000
     -15.96179       0.00000       0.00000
     -15.94479       0.00000       0.00000
     -15.92779       0.00000       0.00000
     -15.91079       0.00000       0.00000
     -15.89479       0.00000       0.00000
     -15.87779       0.00000       0.00000
     -15.86079       0.00000       0.00000
     -15.84379       0.00000       0.00000
     -15.82779       0.00000       0.00000
     -15.81079       0.00000       0.00000
     -15.79379       0.00000       0.00000
     -15.77679       0.00000       0.00000
     -15.76079       0.00000       0.00000
     -15.74379       0.00000       0.00000
     -15.72679       0.00000       0.00000
     -15.70979       0.00000       0.00000
     -15.69379       0.00000       0.00000
     -15.67679       0.00000       0.00000
     -15.65979       0.00000       0.00000
     -15.64279       0.00000       0.00000
     -15.62579       0.00000       0.00000
     -15.60979       0.00000       0.00000
     -15.59279       0.00000       0.00000
     -15.57579       0.00000       0.00000
     -15.55879       0.00000       0.00000
     -15.54279       0.00000       0.00000
     -15.52579       0.00000       0.00000
     -15.50879       0.00000       0.00000
     -15.49179       0.00000       0.00000
     -15.47579       0.00000       0.00000
     -15.45879       0.00000       0.00000
     -15.44179       0.00000       0.00000
     -15.42479       0.00000       0.00000
     -15.40879       0.00000       0.00000
     -15.39179       0.00000       0.00000
     -15.37479       0.00000       0.00000
     -15.35779       0.00000       0.00000
     -15.34079       0.00000       0.00000
     -15.32479       0.00000       0.00000
     -15.30779       0.00000       0.00000
     -15.29079       0.00000       0.00000
     -15.27379       0.00000       0.00000
     -15.25779       0.00000       0.00000
     -15.24079       0.00000       0.00000
     -15.22379       0.00000       0.00000
     -15.20679       0.00000       0.00000
     -15.19079       0.00000       0.00000
     -15.17379       0.00000       0.00000
     -15.15679       0.00000       0.00000
     -15.13979       0.00000       0.00000
     -15.12379       0.00000       0.00000
     -15.10679       0.00000       0.00000
     -15.08979       0.00000       0.00000
     -15.07279       0.00000       0.00000
     -15.05579       0.00000       0.00000
     -15.03979       0.00000       0.00000
     -15.02279       0.00000       0.00000
     -15.00579       0.00000       0.00000
     -14.98879       0.00000       0.00000
     -14.97279       0.00000       0.00000
     -14.95579       0.00000       0.00000
     -14.93879       0.00000       0.00000
     -14.92179       0.00000       0.00000
     -14.90579       0.00000       0.00000
     -14.88879       0.00000       0.00000
     -14.87179       0.00000       0.00000
     -14.85479       0.00000       0.00000
     -14.83879       0.00000       0.00000
     -14.82179       0.00000       0.00000
     -14.80479       0.00000       0.00000
     -14.78779       0.00000       0.00000
     -14.77079       0.00000       0.00000
     -14.75479       0.00000       0.00000
     -14.73779       0.00000       0.00000
     -14.72079       0.00000       0.00000
     -14.70379       0.00000       0.00000
     -14.68779       0.00000       0.00000
     -14.67079       0.00000       0.00000
     -14.65379       0.00000       0.00000
     -14.63679       0.00000       0.00000
     -14.62079       0.00000       0.00000
     -14.60379       0.00000       0.00000
     -14.58679       0.00000       0.00000
     -14.56979       0.00000       0.00000
     -14.55379       0.00000       0.00000
     -14.53679       0.00000       0.00000
     -14.51979       0.00000       0.00000
     -14.50279       0.00000       0.00000
     -14.48579       0.00000       0.00000
     -14.46979       0.00000       0.00000
     -14.45279       1.15300      -1.15300
     -14.43579       2.87200      -2.87200
     -14.41879       4.97900      -4.97900
     -14.40279      10.22000     -10.22000
     -14.38579      15.72000     -15.72000
     -14.36879      23.85000     -23.85000
     -14.35179      18.27000     -18.27000
     -14.33579      30.26000     -30.26000
     -14.31879      27.58000     -27.58000
     -14.30179      28.99000     -28.99000
     -14.28479      14.61000     -14.61000
     -14.26879      18.32000     -18.32000
     -14.25179      12.23000     -12.23000
     -14.23479       9.21600      -9.21600
     -14.21779      13.83000     -13.83000
     -14.20179      16.79000     -16.79000
     -14.18479      25.72000     -25.72000
     -14.16779      24.28000     -24.28000
     -14.15079       9.62300      -9.62300
     -14.13379       5.65000      -5.65000
     -14.11779       4.21600      -4.21600
     -14.10079       3.78100      -3.78100
     -14.08379       3.48400      -3.48400
     -14.06679       3.05000      -3.05000
     -14.05079       1.66500      -1.66500
     -14.03379       0.76720      -0.76720
     -14.01679       0.26090      -0.26090
     -13.99979       0.00000       0.00000
     -13.98379       0.00000       0.00000
     -13.96679       0.00000       0.00000
     -13.94979       0.00000       0.00000
     -13.93279       0.00000       0.00000
     -13.91679       0.00000       0.00000
     -13.89979       0.00000       0.00000
     -13.88279       0.00000       0.00000
     -13.86579       0.00000       0.00000
     -13.84879       0.00000       0.00000
     -13.83279       0.00000       0.00000
     -13.81579       0.00000       0.00000
     -13.79879       0.00000       0.00000
     -13.78179       0.00000       0.00000
     -13.76579       0.00000       0.00000
     -13.74879       0.00000       0.00000
     -13.73179       0.00000       0.00000
     -13.71479       0.00000       0.00000
     -13.69879       0.00000       0.00000
     -13.68179       0.00000       0.00000
     -13.66479       0.00000       0.00000
     -13.64779       0.00000       0.00000
     -13.63179       0.00000       0.00000
     -13.61479       0.00000       0.00000
     -13.59779       0.00000       0.00000
     -13.58079       0.00000       0.00000
     -13.56379       0.00000       0.00000
     -13.54779       0.00000       0.00000
     -13.53079       0.00000       0.00000
     -13.51379       0.00000       0.00000
     -13.49679       0.00000       0.00000
     -13.48079       0.00000       0.00000
     -13.46379       0.00000       0.00000
     -13.44679       0.00000       0.00000
     -13.42979       0.00000       0.00000
     -13.41379       0.00000       0.00000
     -13.39679       0.00000       0.00000
     -13.37979       0.00000       0.00000
     -13.36279       0.00000       0.00000
     -13.34679       0.00000       0.00000
     -13.32979       0.00000       0.00000
     -13.31279       0.00000       0.00000
     -13.29579       0.00000       0.00000
     -13.27879       0.00000       0.00000
     -13.26279       0.00000       0.00000
     -13.24579       0.00000       0.00000
     -13.22879       0.00000       0.00000
     -13.21179       0.00000       0.00000
     -13.19579       0.00000       0.00000
     -13.17879       0.00000       0.00000
     -13.16179       0.00000       0.00000
     -13.14479       0.00000       0.00000
     -13.12879       0.00000       0.00000
     -13.11179       0.00000       0.00000
     -13.09479       0.00000       0.00000
     -13.07779       0.00000       0.00000
     -13.06179       0.00000       0.00000
     -13.04479       0.00000       0.00000
     -13.02779       0.00000       0.00000
     -13.01079       0.00000       0.00000
     -12.99379       0.00000       0.00000
     -12.97779       0.00000       0.00000
     -12.96079       0.00000       0.00000
     -12.94379       0.00000       0.00000
     -12.92679       0.00000       0.00000
     -12.91079       0.00000       0.00000
     -12.89379       0.00000       0.00000
     -12.87679       0.00000       0.00000
     -12.85979       0.00000       0.00000
     -12.84379       0.00000       0.00000
     -12.82679       0.00000       0.00000
     -12.80979       0.00000       0.00000
     -12.79279       0.00000       0.00000
     -12.77679       0.00000       0.00000
     -12.75979       0.00000       0.00000
     -12.74279       0.00000       0.00000
     -12.72579       0.00000       0.00000
     -12.70879       0.00000       0.00000
     -12.69279       0.00000       0.00000
     -12.67579       0.00000       0.00000
     -12.65879       0.00000       0.00000
     -12.64179       0.00000       0.00000
     -12.62579       0.00000       0.00000
     -12.60879       0.00000       0.00000
     -12.59179       0.00000       0.00000
     -12.57479       0.00000       0.00000
     -12.55879       0.00000       0.00000
     -12.54179       0.00000       0.00000
     -12.52479       0.00000       0.00000
     -12.50779       0.00000       0.00000
     -12.49179       0.00000       0.00000
     -12.47479       0.00000       0.00000
     -12.45779       0.00000       0.00000
     -12.44079       0.00000       0.00000
     -12.42379       0.00000       0.00000
     -12.40779       0.00000       0.00000
     -12.39079       0.00000       0.00000
     -12.37379       0.00000       0.00000
     -12.35679       0.00000       0.00000
     -12.34079       0.00000       0.00000
     -12.32379       0.00000       0.00000
     -12.30679       0.00000       0.00000
     -12.28979       0.00000       0.00000
     -12.27379       0.00000       0.00000
     -12.25679       0.00000       0.00000
     -12.23979       0.00000       0.00000
     -12.22279       0.00000       0.00000
     -12.20679       0.00000       0.00000
     -12.18979       0.00000       0.00000
     -12.17279       0.00000       0.00000
     -12.15579       0.00000       0.00000
     -12.13879       0.00000       0.00000
     -12.12279       0.00000       0.00000
     -12.10579       0.00000       0.00000
     -12.08879       0.00000       0.00000
     -12.07179       0.00000       0.00000
     -12.05579       0.00000       0.00000
     -12.03879       0.00000       0.00000
     -12.02179       0.00000       0.00000
     -12.00479       0.00000       0.00000
     -11.98879       0.00000       0.00000
     -11.97179       0.00000       0.00000
     -11.95479       0.00000       0.00000
     -11.93779       0.00000       0.00000
     -11.92179       0.00000       0.00000
     -11.90479       0.00000       0.00000
     -11.88779       0.00000       0.00000
     -11.87079       0.00000       0.00000
     -11.85479       0.00000       0.00000
     -11.83779       0.00000       0.00000
     -11.82079       0.00000       0.00000
     -11.80379       0.00000       0.00000
     -11.78679       0.00000       0.00000
     -11.77079       0.00000       0.00000
     -11.75379       0.00000       0.00000
     -11.73679       0.00000       0.00000
     -11.71979       0.00000       0.00000
     -11.70379       0.00000       0.00000
     -11.68679       0.00000       0.00000
     -11.66979       0.00000       0.00000
     -11.65279       0.00000       0.00000
     -11.63679       0.00000       0.00000
     -11.61979       0.00000       0.00000
     -11.60279       0.00000       0.00000
     -11.58579       0.00000       0.00000
     -11.56979       0.00000       0.00000
     -11.55279       0.00000       0.00000
     -11.53579       0.00000       0.00000
     -11.51879       0.00000       0.00000
     -11.50179       0.00000       0.00000
     -11.48579       0.00000       0.00000
     -11.46879       0.00000       0.00000
     -11.45179       0.00000       0.00000
     -11.43479       0.00000       0.00000
     -11.41879       0.00000       0.00000
     -11.40179       0.00000       0.00000
     -11.38479       0.00000       0.00000
     -11.36779       0.00000       0.00000
     -11.35179       0.00000       0.00000
     -11.33479       0.00000       0.00000
     -11.31779       0.00000       0.00000
     -11.30079       0.00000       0.00000
     -11.28479       0.00000       0.00000
     -11.26779       0.00000       0.00000
     -11.25079       0.00000       0.00000
     -11.23379       0.00000       0.00000
     -11.21679       0.00000       0.00000
     -11.20079       0.00000       0.00000
     -11.18379       0.00000       0.00000
     -11.16679       0.00000       0.00000
     -11.14979       0.00000       0.00000
     -11.13379       0.00000       0.00000
     -11.11679       0.00000       0.00000
     -11.09979       0.00000       0.00000
     -11.08279       0.00000       0.00000
     -11.06679       0.00000       0.00000
     -11.04979       0.00000       0.00000
     -11.03279       0.00000       0.00000
     -11.01579       0.00000       0.00000
     -10.99979       0.00000       0.00000
     -10.98279       0.00000       0.00000
     -10.96579       0.00000       0.00000
     -10.94879       0.00000       0.00000
     -10.93179       0.00000       0.00000
     -10.91579       0.00000       0.00000
     -10.89879       0.00000       0.00000
     -10.88179       0.00000       0.00000
     -10.86479       0.00000       0.00000
     -10.84879       0.00000       0.00000
     -10.83179       0.00000       0.00000
     -10.81479       0.00000       0.00000
     -10.79779       0.00000       0.00000
     -10.78179       0.00000       0.00000
     -10.76479       0.00000       0.00000
     -10.74779       0.00000       0.00000
     -10.73079       0.00000       0.00000
     -10.71479       0.00000       0.00000
     -10.69779       0.00000       0.00000
     -10.68079       0.00000       0.00000
     -10.66379       0.00000       0.00000
     -10.64679       0.00000       0.00000
     -10.63079       0.00000       0.00000
     -10.61379       0.00000       0.00000
     -10.59679       0.00000       0.00000
     -10.57979       0.00000       0.00000
     -10.56379       0.00000       0.00000
     -10.54679       0.00000       0.00000
     -10.52979       0.00000       0.00000
     -10.51279       0.00000       0.00000
     -10.49679       0.00000       0.00000
     -10.47979       0.00000       0.00000
     -10.46279       0.00000       0.00000
     -10.44579       0.00000       0.00000
     -10.42979       0.00000       0.00000
     -10.41279       0.00000       0.00000
     -10.39579       0.00000       0.00000
     -10.37879       0.00000       0.00000
     -10.36179       0.00000       0.00000
     -10.34579       0.00000       0.00000
     -10.32879       0.00000       0.00000
     -10.31179       0.00000       0.00000
     -10.29479       0.00000       0.00000
     -10.27879       0.00000       0.00000
     -10.26179       0.00000       0.00000
     -10.24479       0.00000       0.00000
     -10.22779       0.00000       0.00000
     -10.21179       0.00000       0.00000
     -10.19479       0.00000       0.00000
     -10.17779       0.00000       0.00000
     -10.16079       0.00000       0.00000
     -10.14479       0.00000       0.00000
     -10.12779       0.00000       0.00000
     -10.11079       0.00000       0.00000
     -10.09379       0.00000       0.00000
     -10.07679       0.00000       0.00000
     -10.06079       0.00000       0.00000
     -10.04379       0.00000       0.00000
     -10.02679       0.00000       0.00000
     -10.00979       0.00000       0.00000
      -9.99379       0.00000       0.00000
      -9.97679       0.00000       0.00000
      -9.95979       0.00000       0.00000
      -9.94279       0.00000       0.00000
      -9.92679       0.00000       0.00000
      -9.90979       0.00000       0.00000
      -9.89279       0.00000       0.00000
      -9.87579       0.00000       0.00000
      -9.85979       0.00000       0.00000
      -9.84279       0.00000       0.00000
      -9.82579       0.00000       0.00000
      -9.80879       0.00000       0.00000
      -9.79179       0.00000       0.00000
      -9.77579       0.00000       0.00000
      -9.75879       0.00000       0.00000
      -9.74179       0.00000       0.00000
      -9.72479       0.00000       0.00000
      -9.70879       0.00000       0.00000
      -9.69179       0.00000       0.00000
      -9.67479       0.00000       0.00000
      -9.65779       0.00000       0.00000
      -9.64179       0.00000       0.00000
      -9.62479       0.00000       0.00000
      -9.60779       0.00000       0.00000
      -9.59079       0.00000       0.00000
      -9.57479       0.00000       0.00000
      -9.55779       0.00000       0.00000
      -9.54079       0.00000       0.00000
      -9.52379       0.00000       0.00000
      -9.50679       0.00000       0.00000
      -9.49079       0.00000       0.00000
      -9.47379       0.00000       0.00000
      -9.45679       0.00000       0.00000
      -9.43979       0.00000       0.00000
      -9.42379       0.00000       0.00000
      -9.40679       0.00000       0.00000
      -9.38979       0.00000       0.00000
      -9.37279       0.00000       0.00000
      -9.35679       0.00000       0.00000
      -9.33979       0.00000       0.00000
      -9.32279       0.00000       0.00000
      -9.30579       0.00000       0.00000
      -9.28979       0.00000       0.00000
      -9.27279       0.00000       0.00000
      -9.25579       0.00000       0.00000
      -9.23879       0.00000       0.00000
      -9.22279       0.00000       0.00000
      -9.20579       0.00000       0.00000
      -9.18879       0.00000       0.00000
      -9.17179       0.00000       0.00000
      -9.15479       0.00000       0.00000
      -9.13879       0.00000       0.00000
      -9.12179       0.00000       0.00000
      -9.10479       0.00000       0.00000
      -9.08779       0.00000       0.00000
      -9.07179       0.00000       0.00000
      -9.05479       0.00000       0.00000
      -9.03779       0.00000       0.00000
      -9.02079       0.00000       0.00000
      -9.00479       0.00000       0.00000
      -8.98779       0.00000       0.00000
      -8.97079       0.00000       0.00000
      -8.95379       0.00000       0.00000
      -8.93779       0.00000       0.00000
      -8.92079       0.00000       0.00000
      -8.90379       0.00000       0.00000
      -8.88679       0.00000       0.00000
      -8.86979       0.00000       0.00000
      -8.85379       0.00000       0.00000
      -8.83679       0.00000       0.00000
      -8.81979       0.00000       0.00000
      -8.80279       0.00000       0.00000
      -8.78679       0.00000       0.00000
      -8.76979       0.00000       0.00000
      -8.75279       0.00000       0.00000
      -8.73579       0.00000       0.00000
      -8.71979       0.00000       0.00000
      -8.70279       0.00000       0.00000
      -8.68579       0.00000       0.00000
      -8.66879       0.00000       0.00000
      -8.65279       0.00000       0.00000
      -8.63579       0.00000       0.00000
      -8.61879       0.00000       0.00000
      -8.60179       0.00000       0.00000
      -8.58479       0.00000       0.00000
      -8.56879       0.00000       0.00000
      -8.55179       0.00000       0.00000
      -8.53479       0.00000       0.00000
      -8.51779       0.00000       0.00000
      -8.50179       0.00000       0.00000
      -8.48479       0.00000       0.00000
      -8.46779       0.00000       0.00000
      -8.45079       0.00000       0.00000
      -8.43479       0.00000       0.00000
      -8.41779       0.00000       0.00000
      -8.40079       0.00000       0.00000
      -8.38379       0.00000       0.00000
      -8.36779       0.00000       0.00000
      -8.35079       0.00000       0.00000
      -8.33379       0.00000       0.00000
      -8.31679       0.00000       0.00000
      -8.29979       0.00000       0.00000
      -8.28379       0.00000       0.00000
      -8.26679       0.00000       0.00000
      -8.24979       0.17680      -0.17680
      -8.23279       0.15170      -0.15170
      -8.21679       0.19650      -0.19650
      -8.19979       0.21480      -0.21480
      -8.18279       0.25350      -0.25350
      -8.16579       0.29470      -0.29470
      -8.14979       0.31900      -0.31900
      -8.13279       0.34400      -0.34400
      -8.11579       0.35990      -0.35990
      -8.09879       0.42260      -0.42260
      -8.08279       0.42640      -0.42640
      -8.06579       0.45470      -0.45470
      -8.04879       0.48780      -0.48780
      -8.03179       0.52420      -0.52420
      -8.01479       0.56290      -0.56290
      -7.99879       0.60660      -0.60660
      -7.98179       0.65180      -0.65180
      -7.96479       0.70240      -0.70230
      -7.94779       0.75720      -0.75720
      -7.93179       0.79650      -0.79650
      -7.91479       0.83840      -0.83840
      -7.89779       0.89350      -0.89340
      -7.88079       0.96620      -0.96620
      -7.86479       1.06400      -1.06400
      -7.84779       1.12000      -1.12000
      -7.83079       1.18700      -1.18700
      -7.81379       1.24300      -1.24300
      -7.79779       1.34300      -1.34300
      -7.78079       1.36800      -1.36800
      -7.76379       1.42800      -1.42800
      -7.74679       1.63800      -1.63800
      -7.72979       1.55600      -1.55600
      -7.71379       1.38700      -1.38700
      -7.69679       1.50800      -1.50800
      -7.67979       1.55200      -1.55200
      -7.66279       1.59900      -1.59900
      -7.64679       1.42800      -1.42800
      -7.62979       1.40100      -1.40100
      -7.61279       1.41900      -1.41900
      -7.59579       1.40000      -1.40000
      -7.57979       1.37800      -1.37800
      -7.56279       1.39700      -1.39700
      -7.54579       1.41400      -1.41400
      -7.52879       1.49900      -1.49900
      -7.51279       1.57000      -1.57000
      -7.49579       1.53100      -1.53100
      -7.47879       1.57200      -1.57200
      -7.46179       1.65000      -1.65000
      -7.44479       1.68300      -1.68300
      -7.42879       1.68200      -1.68200
      -7.41179       1.69200      -1.69200
      -7.39479       1.68600      -1.68600
      -7.37779       1.70000      -1.70000
      -7.36179       1.71400      -1.71400
      -7.34479       1.78300      -1.78300
      -7.32779       1.82600      -1.82600
      -7.31079       1.91500      -1.91500
      -7.29479       1.92900      -1.92900
      -7.27779       1.98600      -1.98600
      -7.26079       1.88700      -1.88700
      -7.24379       1.78600      -1.78600
      -7.22779       1.92800      -1.92800
      -7.21079       1.46000      -1.46000
      -7.19379       1.40500      -1.40500
      -7.17679       1.43800      -1.43800
      -7.15979       1.41500      -1.41500
      -7.14379       1.39600      -1.39600
      -7.12679       1.37400      -1.37400
      -7.10979       1.35800      -1.35800
      -7.09279       1.26900      -1.26900
      -7.07679       1.18500      -1.18500
      -7.05979       1.17300      -1.17300
      -7.04279       1.17100      -1.17100
      -7.02579       1.15000      -1.15000
      -7.00979       1.14100      -1.14100
      -6.99279       1.13200      -1.13200
      -6.97579       1.12700      -1.12700
      -6.95879       1.12100      -1.12100
      -6.94279       1.11400      -1.11400
      -6.92579       1.10900      -1.10900
      -6.90879       1.10200      -1.10200
      -6.89179       1.10200      -1.10200
      -6.87479       1.11000      -1.11000
      -6.85879       1.12200      -1.12200
      -6.84179       1.13400      -1.13400
      -6.82479       1.55900      -1.55900
      -6.80779       1.58200      -1.58200
      -6.79179       2.43600      -2.43600
      -6.77479       2.88700      -2.88700
      -6.75779       2.52600      -2.52600
      -6.74079       2.22100      -2.22100
      -6.72479       2.07500      -2.07500
      -6.70779       2.10400      -2.10400
      -6.69079       2.14400      -2.14400
      -6.67379       2.15100      -2.15100
      -6.65779       2.16300      -2.16300
      -6.64079       2.17600      -2.17600
      -6.62379       2.13400      -2.13400
      -6.60679       2.06500      -2.06500
      -6.59079       2.00300      -2.00300
      -6.57379       1.78100      -1.78100
      -6.55679       1.84700      -1.84700
      -6.53979       1.78200      -1.78200
      -6.52279       1.78300      -1.78300
      -6.50679       1.78800      -1.78800
      -6.48979       1.79400      -1.79400
      -6.47279       1.80100      -1.80100
      -6.45579       1.81700      -1.81700
      -6.43979       1.91000      -1.91000
      -6.42279       1.95400      -1.95400
      -6.40579       1.92800      -1.92800
      -6.38879       1.95000      -1.95000
      -6.37279       1.97300      -1.97300
      -6.35579       2.51400      -2.51400
      -6.33879       2.67000      -2.67000
      -6.32179       2.82900      -2.82900
      -6.30579       2.65300      -2.65300
      -6.28879       2.46500      -2.46500
      -6.27179       2.32100      -2.32100
      -6.25479       2.20600      -2.20600
      -6.23779       2.12600      -2.12600
      -6.22179       2.09800      -2.09800
      -6.20479       1.97700      -1.97700
      -6.18779       1.89000      -1.89000
      -6.17079       1.85800      -1.85800
      -6.15479       1.82900      -1.82900
      -6.13779       1.80900      -1.80900
      -6.12079       1.78800      -1.78800
      -6.10379       1.76300      -1.76300
      -6.08779       1.73500      -1.73500
      -6.07079       1.71000      -1.71000
      -6.05379       1.69100      -1.69100
      -6.03679       1.66800      -1.66800
      -6.02079       1.65000      -1.65000
      -6.00379       1.63200      -1.63200
      -5.98679       1.62100      -1.62100
      -5.96979       1.61400      -1.61400
      -5.95279       1.59000      -1.59000
      -5.93679       1.54800      -1.54800
      -5.91979       1.54500      -1.54500
      -5.90279       1.54800      -1.54800
      -5.88579       1.54900      -1.54900
      -5.86979       1.55800      -1.55800
      -5.85279       1.59400      -1.59400
      -5.83579       1.61100      -1.61100
      -5.81879       1.61500      -1.61500
      -5.80279       1.57900      -1.57900
      -5.78579       1.52700      -1.52700
      -5.76879       1.44700      -1.44700
      -5.75179       1.42300      -1.42300
      -5.73579       1.43400      -1.43400
      -5.71879       1.43900      -1.43900
      -5.70179       1.45100      -1.45100
      -5.68479       1.45500      -1.45500
      -5.66779       1.45900      -1.45900
      -5.65179       1.46200      -1.46200
      -5.63479       1.46600      -1.46600
      -5.61779       1.47700      -1.47700
      -5.60079       1.48200      -1.48200
      -5.58479       1.48600      -1.48600
      -5.56779       1.50700      -1.50700
      -5.55079       1.54400      -1.54400
      -5.53379       1.57300      -1.57300
      -5.51779       1.92700      -1.92700
      -5.50079       1.83800      -1.83800
      -5.48379       1.73200      -1.73200
      -5.46679       1.46100      -1.46100
      -5.45079       1.43700      -1.43700
      -5.43379       1.41500      -1.41500
      -5.41679       1.39400      -1.39400
      -5.39979       1.37200      -1.37200
      -5.38279       1.35000      -1.35000
      -5.36679       1.32900      -1.32900
      -5.34979       1.55200      -1.55200
      -5.33279       1.43000      -1.43000
      -5.31579       1.35300      -1.35300
      -5.29979       1.21500      -1.21500
      -5.28279       1.14000      -1.14000
      -5.26579       1.13000      -1.13000
      -5.24879       1.12500      -1.12500
      -5.23279       1.12000      -1.12000
      -5.21579       1.10800      -1.10800
      -5.19879       1.10400      -1.10400
      -5.18179       1.10100      -1.10100
      -5.16579       1.09800      -1.09800
      -5.14879       1.09800      -1.09800
      -5.13179       1.10200      -1.10200
      -5.11479       1.10400      -1.10400
      -5.09779       1.10200      -1.10200
      -5.08179       1.39300      -1.39300
      -5.06479       1.28500      -1.28500
      -5.04779       1.21400      -1.21400
      -5.03079       1.13700      -1.13700
      -5.01479       1.15000      -1.15000
      -4.99779       1.12400      -1.12400
      -4.98079       1.10700      -1.10700
      -4.96379       1.18200      -1.18200
      -4.94779       1.15700      -1.15700
      -4.93079       1.10500      -1.10500
      -4.91379       1.69300      -1.69300
      -4.89679       1.02600      -1.02600
      -4.88079       1.00800      -1.00800
      -4.86379       0.99140      -0.99140
      -4.84679       0.97830      -0.97830
      -4.82979       0.96790      -0.96790
      -4.81279       0.95220      -0.95220
      -4.79679       0.94310      -0.94310
      -4.77979       0.94360      -0.94360
      -4.76279       0.93920      -0.93920
      -4.74579       0.89950      -0.89950
      -4.72979       0.90070      -0.90070
      -4.71279       0.90330      -0.90330
      -4.69579       0.90640      -0.90640
      -4.67879       0.91020      -0.91020
      -4.66279       0.91530      -0.91530
      -4.64579       0.92030      -0.92030
      -4.62879       0.92500      -0.92500
      -4.61179       0.92970      -0.92970
      -4.59579       0.93350      -0.93350
      -4.57879       0.93810      -0.93810
      -4.56179       0.95350      -0.95350
      -4.54479       0.97150      -0.97150
      -4.52779       0.99020      -0.99020
      -4.51179       1.00800      -1.00800
      -4.49479       1.12800      -1.12800
      -4.47779       1.09600      -1.09600
      -4.46079       1.13100      -1.13100
      -4.44479       1.16600      -1.16600
      -4.42779       1.19300      -1.19300
      -4.41079       1.16500      -1.16500
      -4.39379       1.20200      -1.20200
      -4.37779       1.25200      -1.25200
      -4.36079       1.28900      -1.28900
      -4.34379       1.27900      -1.27900
      -4.32679       1.22600      -1.22600
      -4.31079       1.10000      -1.10000
      -4.29379       1.06100      -1.06100
      -4.27679       1.02000      -1.02000
      -4.25979       0.98530      -0.98530
      -4.24379       0.94140      -0.94140
      -4.22679       1.26800      -1.26800
      -4.20979       1.13500      -1.13500
      -4.19279       1.07700      -1.07700
      -4.17579       1.10400      -1.10400
      -4.15979       1.03700      -1.03700
      -4.14279       1.01400      -1.01400
      -4.12579       1.01300      -1.01300
      -4.10879       1.04800      -1.04800
      -4.09279       0.96930      -0.96930
      -4.07579       0.97770      -0.97770
      -4.05879       1.00300      -1.00300
      -4.04179       0.99070      -0.99070
      -4.02579       0.96680      -0.96680
      -4.00879       0.94380      -0.94380
      -3.99179       0.95230      -0.95230
      -3.97479       0.87290      -0.87290
      -3.95879       0.81980      -0.81980
      -3.94179       0.80300      -0.80300
      -3.92479       0.79360      -0.79360
      -3.90779       0.79630      -0.79630
      -3.89079       0.80410      -0.80410
      -3.87479       0.84260      -0.84260
      -3.85779       0.88460      -0.88460
      -3.84079       0.93680      -0.93680
      -3.82379       0.96570      -0.96570
      -3.80779       0.98810      -0.98810
      -3.79079       1.00300      -1.00300
      -3.77379       1.01200      -1.01200
      -3.75679       1.02400      -1.02400
      -3.74079       1.03100      -1.03100
      -3.72379       1.07300      -1.07300
      -3.70679       1.02900      -1.02900
      -3.68979       1.01100      -1.01100
      -3.67379       1.00500      -1.00500
      -3.65679       1.01600      -1.01600
      -3.63979       1.02500      -1.02500
      -3.62279       1.03300      -1.03300
      -3.60579       1.03900      -1.03900
      -3.58979       1.04600      -1.04600
      -3.57279       1.05300      -1.05300
      -3.55579       1.05900      -1.05900
      -3.53879       1.06800      -1.06800
      -3.52279       1.08000      -1.08000
      -3.50579       1.09400      -1.09400
      -3.48879       1.11400      -1.11400
      -3.47179       1.13900      -1.13900
      -3.45579       1.15900      -1.15900
      -3.43879       1.17100      -1.17100
      -3.42179       1.13900      -1.13900
      -3.40479       1.14300      -1.14300
      -3.38879       1.12000      -1.12000
      -3.37179       1.10400      -1.10400
      -3.35479       1.10300      -1.10300
      -3.33779       1.11000      -1.11000
      -3.32079       1.11700      -1.11700
      -3.30479       1.12100      -1.12100
      -3.28779       1.12500      -1.12500
      -3.27079       1.12900      -1.12900
      -3.25379       1.13300      -1.13300
      -3.23779       1.12900      -1.12900
      -3.22079       1.13500      -1.13500
      -3.20379       1.14100      -1.14100
      -3.18679       1.14900      -1.14900
      -3.17079       1.15600      -1.15600
      -3.15379       1.16300      -1.16300
      -3.13679       1.16800      -1.16800
      -3.11979       1.16800      -1.16800
      -3.10379       1.17400      -1.17400
      -3.08679       1.17900      -1.17900
      -3.06979       1.44300      -1.44300
      -3.05279       1.37700      -1.37700
      -3.03579       1.42400      -1.42400
      -3.01979       1.54000      -1.54000
      -3.00279       2.01800      -2.01800
      -2.98579       2.03000      -2.03000
      -2.96879       1.89100      -1.89100
      -2.95279       1.75600      -1.75600
      -2.93579       1.69700      -1.69700
      -2.91879       1.63300      -1.63300
      -2.90179       1.57600      -1.57600
      -2.88579       1.56700      -1.56700
      -2.86879       1.58900      -1.58900
      -2.85179       1.71100      -1.71100
      -2.83479       1.54500      -1.54500
      -2.81879       1.52500      -1.52500
      -2.80179       1.59600      -1.59600
      -2.78479       1.74100      -1.74100
      -2.76779       1.81000      -1.81000
      -2.75079       1.83200      -1.83200
      -2.73479       1.85200      -1.85200
      -2.71779       1.72500      -1.72500
      -2.70079       1.52800      -1.52800
      -2.68379       1.89700      -1.89700
      -2.66779       1.94500      -1.94500
      -2.65079       1.97700      -1.97700
      -2.63379       1.96900      -1.96900
      -2.61679       2.12400      -2.12400
      -2.60079       2.18300      -2.18300
      -2.58379       2.23600      -2.23600
      -2.56679       3.13600      -3.13600
      -2.54979       2.92100      -2.92100
      -2.53379       2.67800      -2.67800
      -2.51679       2.47100      -2.47100
      -2.49979       2.51200      -2.51200
      -2.48279       1.91200      -1.91200
      -2.46579       1.75700      -1.75700
      -2.44979       1.61800      -1.61800
      -2.43279       1.73000      -1.73000
      -2.41579       1.50700      -1.50700
      -2.39879       1.41200      -1.41200
      -2.38279       1.33200      -1.33200
      -2.36579       1.24400      -1.24400
      -2.34879       1.22000      -1.22000
      -2.33179       1.19300      -1.19300
      -2.31579       1.17900      -1.17900
      -2.29879       1.20100      -1.20100
      -2.28179       1.16200      -1.16200
      -2.26479       1.11700      -1.11700
      -2.24879       1.11000      -1.11000
      -2.23179       1.07800      -1.07800
      -2.21479       1.05400      -1.05400
      -2.19779       1.03600      -1.03600
      -2.18079       1.02500      -1.02500
      -2.16479       1.02200      -1.02200
      -2.14779       1.01300      -1.01300
      -2.13079       0.99890      -0.99890
      -2.11379       0.99800      -0.99800
      -2.09779       0.99080      -0.99080
      -2.08079       0.96940      -0.96940
      -2.06379       0.94930      -0.94930
      -2.04679       0.93140      -0.93140
      -2.03079       0.94600      -0.94600
      -2.01379       0.91300      -0.91300
      -1.99679       0.90610      -0.90610
      -1.97979       0.90640      -0.90640
      -1.96379       0.91090      -0.91090
      -1.94679       0.91930      -0.91930
      -1.92979       0.92930      -0.92930
      -1.91279       0.93840      -0.93840
      -1.89579       0.94560      -0.94560
      -1.87979       0.93650      -0.93650
      -1.86279       0.93580      -0.93580
      -1.84579       0.95920      -0.95920
      -1.82879       0.92430      -0.92430
      -1.81279       0.93870      -0.93870
      -1.79579       0.95560      -0.95560
      -1.77879       0.97730      -0.97730
      -1.76179       0.98250      -0.98250
      -1.74579       1.01000      -1.01000
      -1.72879       1.00300      -1.00300
      -1.71179       0.99970      -0.99970
      -1.69479       0.99680      -0.99680
      -1.67879       1.40000      -1.40000
      -1.66179       1.33200      -1.33200
      -1.64479       1.39500      -1.39500
      -1.62779       1.18300      -1.18300
      -1.61179       1.21500      -1.21500
      -1.59479       1.22300      -1.22300
      -1.57779       1.17300      -1.17300
      -1.56079       1.15200      -1.15200
      -1.54379       1.23200      -1.23200
      -1.52779       1.25700      -1.25700
      -1.51079       1.24100      -1.24100
      -1.49379       1.20100      -1.20100
      -1.47679       1.15800      -1.15800
      -1.46079       1.69900      -1.69900
      -1.44379       1.17800      -1.17800
      -1.42679       0.93150      -0.93150
      -1.40979       0.86370      -0.86370
      -1.39379       0.73770      -0.73770
      -1.37679       0.56080      -0.56080
      -1.35979       0.59090      -0.59090
      -1.34279       0.64390      -0.64390
      -1.32679       0.66070      -0.66060
      -1.30979       0.68990      -0.68990
      -1.29279       0.71680      -0.71690
      -1.27579       0.71430      -0.71430
      -1.25879       0.71780      -0.71770
      -1.24279       0.72670      -0.72670
      -1.22579       0.74110      -0.74110
      -1.20879       0.76140      -0.76140
      -1.19179       0.78700      -0.78690
      -1.17579       0.80470      -0.80470
      -1.15879       0.81520      -0.81520
      -1.14179       0.82890      -0.82880
      -1.12479       0.84980      -0.84980
      -1.10879       0.87110      -0.87110
      -1.09179       0.89310      -0.89310
      -1.07479       0.91580      -0.91580
      -1.05779       0.93980      -0.93980
      -1.04179       0.97170      -0.97170
      -1.02479       1.00000      -1.00000
      -1.00779       1.02800      -1.02800
      -0.99079       1.07500      -1.07500
      -0.97379       1.12400      -1.12400
      -0.95779       1.18100      -1.18100
      -0.94079       1.31800      -1.31800
      -0.92379       1.36200      -1.36200
      -0.90679       1.37700      -1.37700
      -0.89079       1.37100      -1.37100
      -0.87379       1.38100      -1.38100
      -0.85679       1.40000      -1.40000
      -0.83979       1.42500      -1.42500
      -0.82379       1.46200      -1.46200
      -0.80679       1.50100      -1.50100
      -0.78979       1.53300      -1.53300
      -0.77279       1.52400      -1.52400
      -0.75679       1.55700      -1.55700
      -0.73979       1.57500      -1.57500
      -0.72279       1.59100      -1.59100
      -0.70579       1.60900      -1.60900
      -0.68879       1.62800      -1.62800
      -0.67279       1.64800      -1.64800
      -0.65579       1.67100      -1.67100
      -0.63879       1.72500      -1.72500
      -0.62179       1.82900      -1.82900
      -0.60579       1.94700      -1.94700
      -0.58879       1.96500      -1.96500
      -0.57179       1.95800      -1.95800
      -0.55479       1.97000      -1.97000
      -0.53879       2.07600      -2.07600
      -0.52179       2.36900      -2.36800
      -0.50479       2.66600      -2.66600
      -0.48779       3.01400      -3.01400
      -0.47179       2.47100      -2.47100
      -0.45479       1.99000      -1.99000
      -0.43779       1.81800      -1.81800
      -0.42079       1.63100      -1.63100
      -0.40379       1.49400      -1.49400
      -0.38779       1.44600      -1.44500
      -0.37079       1.62600      -1.62600
      -0.35379       1.90300      -1.90300
      -0.33679       2.44300      -2.44300
      -0.32079       2.58300      -2.58300
      -0.30379       2.62000      -2.61900
      -0.28679       2.69800      -2.69800
      -0.26979       2.73800      -2.73800
      -0.25379       2.76500      -2.76500
      -0.23679       2.70800      -2.70800
      -0.21979       3.02900      -3.02900
      -0.20279       2.80400      -2.80400
      -0.18679       2.62800      -2.62900
      -0.16979       2.45100      -2.45100
      -0.15279       2.37700      -2.37700
      -0.13579       2.36300      -2.36300
      -0.11879       2.36100      -2.36100
      -0.10279       2.37800      -2.37800
      -0.08579       2.50200      -2.50200
      -0.06879       2.65600      -2.65600
      -0.05179       2.65800      -2.65800
      -0.03579       2.91600      -2.91600
      -0.01879       3.53900      -3.53900
      -0.00179       4.16600      -4.16600
       0.01521       3.54600      -3.54600
       0.03121       4.38700      -4.38700
       0.04821       4.55800      -4.55800
       0.06521       7.64800      -7.65600
       0.08221       4.41100      -4.41200
       0.09821       4.00300      -4.00400
       0.11521       3.03800      -3.03800
       0.13221       2.34600      -2.34600
       0.14921       1.98500      -1.98500
       0.16621       1.63100      -1.63100
       0.18221       1.32000      -1.32000
       0.19921       1.05200      -1.05200
       0.21621       0.53060      -0.53060
       0.23321       0.54460      -0.54460
       0.24921       0.56130      -0.56130
       0.26621       0.57860      -0.57860
       0.28321       0.54430      -0.54430
       0.30021       0.55880      -0.55880
       0.31621       0.55390      -0.55390
       0.33321       0.56520      -0.56520
       0.35021       0.57670      -0.57670
       0.36721       0.58850      -0.58850
       0.38321       0.58390      -0.58390
       0.40021       0.58210      -0.58210
       0.41721       0.58630      -0.58630
       0.43421       0.59210      -0.59210
       0.45121       0.60300      -0.60300
       0.46721       0.61080      -0.61080
       0.48421       0.61850      -0.61850
       0.50121       0.62610      -0.62610
       0.51821       0.63360      -0.63360
       0.53421       0.64090      -0.64090
       0.55121       0.65000      -0.65000
       0.56821       0.66090      -0.66090
       0.58521       0.67230      -0.67230
       0.60121       0.68860      -0.68860
       0.61821       0.69340      -0.69340
       0.63521       0.70250      -0.70250
       0.65221       0.70560      -0.70560
       0.66821       0.71400      -0.71400
       0.68521       0.72250      -0.72250
       0.70221       0.73110      -0.73110
       0.71921       0.73970      -0.73970
       0.73621       0.74830      -0.74830
       0.75221       0.75580      -0.75580
       0.76921       0.76750      -0.76750
       0.78621       0.77930      -0.77930
       0.80321       0.79320      -0.79320
       0.81921       0.81770      -0.81770
       0.83621       0.84020      -0.84020
       0.85321       0.84580      -0.84580
       0.87021       0.85300      -0.85300
       0.88621       0.86280      -0.86280
       0.90321       0.87260      -0.87260
       0.92021       0.88060      -0.88060
       0.93721       0.90040      -0.90040
       0.95321       0.93370      -0.93370
       0.97021       0.96570      -0.96570
       0.98721       0.95810      -0.95810
       1.00421       0.96610      -0.96610
       1.02021       0.99420      -0.99420
       1.03721       1.04800      -1.04800
       1.05421       0.98090      -0.98090
       1.07121       0.89660      -0.89660
       1.08821       0.83220      -0.83220
       1.10421       0.83380      -0.83380
       1.12121       0.83580      -0.83580
       1.13821       0.83760      -0.83760
       1.15521       0.83950      -0.83950
       1.17121       0.84160      -0.84160
       1.18821       0.84610      -0.84610
       1.20521       0.84960      -0.84960
       1.22221       0.85390      -0.85390
       1.23821       0.85920      -0.85920
       1.25521       0.86550      -0.86550
       1.27221       0.87390      -0.87390
       1.28921       0.88260      -0.88260
       1.30521       0.90560      -0.90560
       1.32221       0.92690      -0.92690
       1.33921       0.95340      -0.95340
       1.35621       0.98610      -0.98610
       1.37321       1.02500      -1.02500
       1.38921       1.16700      -1.16700
       1.40621       1.28000      -1.28000
       1.42321       1.32400      -1.32400
       1.44021       1.33600      -1.33600
       1.45621       1.31800      -1.31800
       1.47321       1.22300      -1.22300
       1.49021       1.10300      -1.10300
       1.50721       1.04000      -1.04000
       1.52321       1.01500      -1.01500
       1.54021       0.99300      -0.99300
       1.55721       0.97460      -0.97460
       1.57421       0.95310      -0.95310
       1.59021       0.92460      -0.92460
       1.60721       0.88560      -0.88560
       1.62421       0.84030      -0.84030
       1.64121       0.78980      -0.78980
       1.65821       0.73400      -0.73400
       1.67421       0.67050      -0.67050
       1.69121       0.61970      -0.61970
       1.70821       0.58540      -0.58540
       1.72521       0.56710      -0.56710
       1.74121       0.55870      -0.55870
       1.75821       0.52690      -0.52690
       1.77521       0.54880      -0.54880
       1.79221       0.57350      -0.57350
       1.80821       0.60070      -0.60070
       1.82521       0.63040      -0.63040
       1.84221       0.65960      -0.65960
       1.85921       0.82080      -0.82080
       1.87521       0.94140      -0.94140
       1.89221       0.92770      -0.92770
       1.90921       1.02600      -1.02600
       1.92621       1.12300      -1.12300
       1.94321       1.23800      -1.23800
       1.95921       1.38400      -1.38400
       1.97621       1.55300      -1.55300
       1.99321       1.62300      -1.62300
       2.01021       1.61600      -1.61600
       2.02621       1.73800      -1.73800
       2.04321       1.64800      -1.64800
       2.06021       1.59500      -1.59500
       2.07721       1.55900      -1.55900
       2.09321       1.43600      -1.43600
       2.11021       1.24900      -1.24900
       2.12721       1.13500      -1.13500
       2.14421       1.02900      -1.02900
       2.16021       0.95220      -0.95220
       2.17721       0.90270      -0.90270
       2.19421       0.85910      -0.85910
       2.21121       0.83100      -0.83100
       2.22821       0.82480      -0.82480
       2.24421       0.77930      -0.77930
       2.26121       0.76590      -0.76590
       2.27821       0.82700      -0.82700
       2.29521       0.75310      -0.75310
       2.31121       0.80110      -0.80110
       2.32821       0.41160      -0.41160
       2.34521       0.42660      -0.42660
       2.36221       0.43400      -0.43400
       2.37821       0.44210      -0.44210
       2.39521       0.45080      -0.45080
       2.41221       0.46030      -0.46030
       2.42921       0.47040      -0.47040
       2.44521       0.48160      -0.48160
       2.46221       0.56710      -0.56710
       2.47921       0.50930      -0.50930
       2.49621       0.51220      -0.51220
       2.51321       0.51590      -0.51590
       2.52921       0.51830      -0.51830
       2.54621       0.51970      -0.51970
       2.56321       0.52030      -0.52030
       2.58021       0.52000      -0.52000
       2.59621       0.51870      -0.51870
       2.61321       0.51670      -0.51670
       2.63021       0.50420      -0.50420
       2.64721       0.50110      -0.50110
       2.66321       0.49820      -0.49820
       2.68021       0.49560      -0.49560
       2.69721       0.49340      -0.49340
       2.71421       0.49150      -0.49150
       2.73021       0.48840      -0.48840
       2.74721       0.48520      -0.48520
       2.76421       0.48430      -0.48430
       2.78121       0.47760      -0.47760
       2.79821       0.47910      -0.47910
       2.81421       0.48030      -0.48030
       2.83121       0.48090      -0.48090
       2.84821       0.48110      -0.48110
       2.86521       0.48100      -0.48100
       2.88121       0.48110      -0.48110
       2.89821       0.48090      -0.48090
       2.91521       0.48040      -0.48040
       2.93221       0.47950      -0.47950
       2.94821       0.47880      -0.47880
       2.96521       0.47380      -0.47380
       2.98221       0.47070      -0.47070
       2.99921       0.46810      -0.46810
       3.01521       0.46580      -0.46580
       3.03221       0.46960      -0.46960
       3.04921       0.46780      -0.46780
       3.06621       0.46600      -0.46600
       3.08321       0.46430      -0.46430
       3.09921       0.46280      -0.46280
       3.11621       0.46140      -0.46140
       3.13321       0.46020      -0.46020
       3.15021       0.45910      -0.45910
       3.16621       0.45820      -0.45820
       3.18321       0.45740      -0.45740
       3.20021       0.45720      -0.45720
       3.21721       0.45750      -0.45750
       3.23321       0.45780      -0.45780
       3.25021       0.45800      -0.45800
       3.26721       0.45810      -0.45810
       3.28421       0.45790      -0.45790
       3.30021       0.45760      -0.45760
       3.31721       0.45730      -0.45730
       3.33421       0.45900      -0.45900
       3.35121       0.46500      -0.46500
       3.36721       0.46430      -0.46430
       3.38421       0.46420      -0.46420
       3.40121       0.46380      -0.46380
       3.41821       0.46300      -0.46300
       3.43521       0.46110      -0.46110
       3.45121       0.45870      -0.45870
       3.46821       0.45640      -0.45640
       3.48521       0.45430      -0.45430
       3.50221       0.45250      -0.45250
       3.51821       0.45760      -0.45760
       3.53521       0.45520      -0.45520
       3.55221       0.45200      -0.45200
       3.56921       0.44590      -0.44590
       3.58521       0.43860      -0.43860
       3.60221       0.43860      -0.43860
       3.61921       0.43840      -0.43840
       3.63621       0.43800      -0.43800
       3.65221       0.43800      -0.43800
       3.66921       0.43710      -0.43710
       3.68621       0.43620      -0.43620
       3.70321       0.43520      -0.43520
       3.72021       0.43350      -0.43350
       3.73621       0.43470      -0.43470
       3.75321       0.43620      -0.43620
       3.77021       0.43760      -0.43760
       3.78721       0.43890      -0.43890
       3.80321       0.43990      -0.43990
       3.82021       0.43980      -0.43980
       3.83721       0.43980      -0.43980
       3.85421       0.43980      -0.43980
       3.87021       0.43970      -0.43970
       3.88721       0.43970      -0.43970
       3.90421       0.44820      -0.44820
       3.92121       0.44660      -0.44660
       3.93721       0.44400      -0.44400
       3.95421       0.45260      -0.45260
       3.97121       0.44730      -0.44730
       3.98821       0.44230      -0.44230
       4.00521       0.43770      -0.43770
       4.02121       0.43340      -0.43340
       4.03821       0.42940      -0.42940
       4.05521       0.44130      -0.44130
       4.07221       0.44070      -0.44070
       4.08821       0.44050      -0.44050
       4.10521       0.44010      -0.44010
       4.12221       0.43930      -0.43930
       4.13921       0.43820      -0.43820
       4.15521       0.43680      -0.43680
       4.17221       0.52480      -0.52480
       4.18921       0.45500      -0.45500
       4.20621       0.45540      -0.45540
       4.22221       0.45570      -0.45570
       4.23921       0.45610      -0.45610
       4.25621       0.45640      -0.45640
       4.27321       0.52370      -0.52370
       4.29021       0.53990      -0.53990
       4.30621       0.52020      -0.52020
       4.32321       0.50270      -0.50270
       4.34021       0.49150      -0.49150
       4.35721       0.48000      -0.48000
       4.37321       0.46820      -0.46820
       4.39021       0.44840      -0.44840
       4.40721       0.43440      -0.43440
       4.42421       0.42000      -0.42000
       4.44021       0.40530      -0.40530
       4.45721       0.39020      -0.39020
       4.47421       1.02200      -1.02200
       4.49121       0.06803      -0.06803
       4.50721       0.07022      -0.07022
       4.52421       0.07245      -0.07245
       4.54121       0.07470      -0.07470
       4.55821       0.07699      -0.07699
       4.57521       0.07930      -0.07930
       4.59121       0.08165      -0.08165
       4.60821       0.08403      -0.08403
       4.62521       0.08677      -0.08677
       4.64221       0.08963      -0.08963
       4.65821       0.09255      -0.09255
       4.67521       0.09551      -0.09551
       4.69221       0.09854      -0.09854
       4.70921       0.10160      -0.10160
       4.72521       0.10470      -0.10470
       4.74221       0.10790      -0.10790
       4.75921       0.11120      -0.11120
       4.77621       0.11450      -0.11450
       4.79221       0.11780      -0.11780
       4.80921       0.11780      -0.11780
       4.82621       0.12060      -0.12060
       4.84321       0.12340      -0.12340
       4.86021       0.12630      -0.12630
       4.87621       0.12920      -0.12920
       4.89321       0.13220      -0.13220
       4.91021       0.13520      -0.13520
       4.92721       0.13820      -0.13820
       4.94321       0.14130      -0.14130
       4.96021       0.14430      -0.14430
       4.97721       0.14730      -0.14730
       4.99421       0.15060      -0.15060
       5.01021       0.15470      -0.15470
       5.02721       0.15840      -0.15840
       5.04421       0.16190      -0.16190
       5.06121       0.16540      -0.16540
       5.07721       0.16870      -0.16870
       5.09421       0.17200      -0.17200
       5.11121       0.17530      -0.17530
       5.12821       0.17870      -0.17870
       5.14521       0.18220      -0.18220
       5.16121       0.18570      -0.18570
       5.17821       0.18920      -0.18920
       5.19521       0.19270      -0.19270
       5.21221       0.19630      -0.19630
       5.22821       0.20040      -0.20040
       5.24521       0.20550      -0.20550
       5.26221       0.21110      -0.21110
       5.27921       0.21720      -0.21720
       5.29521       0.22380      -0.22380
       5.31221       0.23070      -0.23070
       5.32921       0.23790      -0.23790
       5.34621       0.24470      -0.24470
       5.36221       0.25170      -0.25170
       5.37921       0.25920      -0.25920
       5.39621       0.26710      -0.26710
       5.41321       0.27560      -0.27560
       5.43021       0.28440      -0.28440
       5.44621       0.29380      -0.29380
       5.46321       0.30390      -0.30390
       5.48021       0.31510      -0.31510
       5.49721       0.32730      -0.32730
       5.51321       0.34020      -0.34020
       5.53021       0.35370      -0.35370
       5.54721       0.36790      -0.36790
       5.56421       0.39510      -0.39510
       5.58021       0.48020      -0.48020
       5.59721       0.54730      -0.54730
       5.61421       0.64690      -0.64690
       5.63121       0.68950      -0.68950
       5.64721       0.71580      -0.71580
       5.66421       0.73040      -0.73040
       5.68121       0.73790      -0.73790
       5.69821       0.74160      -0.74160
       5.71521       0.74160      -0.74160
       5.73121       0.73780      -0.73780
       5.74821       0.73000      -0.73010
       5.76521       0.71820      -0.71820
       5.78221       0.70310      -0.70310
       5.79821       0.68990      -0.68990
       5.81521       0.67890      -0.67890
       5.83221       0.69240      -0.69240
       5.84921       0.70180      -0.70180
       5.86521       0.70660      -0.70660
       5.88221       0.67880      -0.67880
       5.89921       0.66270      -0.66270
       5.91621       0.66030      -0.66030
       5.93221       0.66410      -0.66410
       5.94921       0.68990      -0.68990
       5.96621       0.68090      -0.68090
       5.98321       0.66980      -0.66980
       5.99921       0.65650      -0.65650
       6.01621       0.73110      -0.73110
       6.03321       0.59800      -0.59800
       6.05021       0.55940      -0.55940
       6.06721       0.54610      -0.54610
       6.08321       0.53280      -0.53280
       6.10021       0.51940      -0.51940
       6.11721       0.50600      -0.50600
       6.13421       0.49350      -0.49350
       6.15021       0.48260      -0.48260
       6.16721       0.47320      -0.47320
       6.18421       0.46640      -0.46640
       6.20121       0.46500      -0.46500
       6.21721       0.46430      -0.46430
       6.23421       0.46390      -0.46390
       6.25121       0.46380      -0.46380
       6.26821       0.45760      -0.45760
       6.28421       0.45100      -0.45100
       6.30121       0.44460      -0.44460
       6.31821       0.43860      -0.43860
       6.33521       0.43290      -0.43290
       6.35221       0.42750      -0.42750
       6.36821       0.42070      -0.42070
       6.38521       0.41300      -0.41300
       6.40221       0.40540      -0.40540
       6.41921       0.39780      -0.39780
       6.43521       0.39010      -0.39010
       6.45221       0.38250      -0.38250
       6.46921       0.37490      -0.37490
       6.48621       0.36720      -0.36720
       6.50221       0.42230      -0.42230
       6.51921       0.34680      -0.34680
       6.53621       0.33670      -0.33670
       6.55321       0.32690      -0.32690
       6.56921       0.47430      -0.47430
       6.58621       0.44710      -0.44710
       6.60321       0.48320      -0.48320
       6.62021       0.54190      -0.54190
       6.63721       0.57550      -0.57550
       6.65321       0.69840      -0.69830
       6.67021       0.81020      -0.81020
       6.68721       0.87260      -0.87260
       6.70421       0.89550      -0.89550
       6.72021       1.02200      -1.02200
       6.73721       1.00800      -1.00800
       6.75421       1.01200      -1.01200
       6.77121       1.01500      -1.01500
       6.78721       1.01900      -1.01900
       6.80421       1.01700      -1.01700
       6.82121       0.97300      -0.97300
       6.83821       0.98890      -0.98890
       6.85421       1.03400      -1.03400
       6.87121       1.00900      -1.00900
       6.88821       1.00300      -1.00300
       6.90521       0.99920      -0.99920
       6.92221       0.99450      -0.99450
       6.93821       0.99410      -0.99410
       6.95521       0.99760      -0.99760
       6.97221       1.00300      -1.00300
       6.98921       0.99920      -0.99920
       7.00521       0.99360      -0.99360
       7.02221       0.99260      -0.99260
       7.03921       0.99380      -0.99380
       7.05621       0.99530      -0.99530
       7.07221       0.99490      -0.99490
       7.08921       0.99310      -0.99310
       7.10621       0.99320      -0.99320
       7.12321       0.99540      -0.99540
       7.13921       0.98910      -0.98910
       7.15621       0.98840      -0.98840
       7.17321       0.98850      -0.98850
       7.19021       0.98480      -0.98480
       7.20721       0.98080      -0.98080
       7.22321       0.99140      -0.99140
       7.24021       0.98260      -0.98260
       7.25721       0.97710      -0.97710
       7.27421       0.97270      -0.97270
       7.29021       0.96840      -0.96840
       7.30721       0.96390      -0.96390
       7.32421       0.95960      -0.95960
       7.34121       0.95550      -0.95550
       7.35721       0.95200      -0.95200
       7.37421       0.94920      -0.94920
       7.39121       0.94650      -0.94650
       7.40821       0.94370      -0.94370
       7.42421       0.94180      -0.94180
       7.44121       0.94000      -0.94000
       7.45821       0.93830      -0.93830
       7.47521       0.93690      -0.93690
       7.49221       0.93610      -0.93610
       7.50821       0.93590      -0.93590
       7.52521       0.93600      -0.93600
       7.54221       0.94200      -0.94200
       7.55921       0.94440      -0.94440
       7.57521       0.94230      -0.94230
       7.59221       0.93590      -0.93590
       7.60921       0.92930      -0.92930
       7.62621       0.93360      -0.93360
       7.64221       0.93150      -0.93150
       7.65921       0.91490      -0.91490
       7.67621       0.89890      -0.89900
       7.69321       0.88190      -0.88190
       7.70921       0.87960      -0.87960
       7.72621       0.87980      -0.87980
       7.74321       0.88170      -0.88170
       7.76021       0.89860      -0.89860
       7.77721       0.89300      -0.89300
       7.79321       0.88790      -0.88790
       7.81021       0.88360      -0.88360
       7.82721       0.88030      -0.88030
       7.84421       0.87680      -0.87680
       7.86021       0.87490      -0.87490
       7.87721       0.88020      -0.88020
       7.89421       0.88880      -0.88880
       7.91121       0.90100      -0.90100
       7.92721       0.91590      -0.91590
       7.94421       0.93280      -0.93280
       7.96121       0.95900      -0.95900
       7.97821       0.98490      -0.98490
       7.99421       1.02300      -1.02300
       8.01121       1.08100      -1.08100
       8.02821       1.19200      -1.19200
       8.04521       1.28500      -1.28500
       8.06221       1.41000      -1.41000
       8.07821       1.49600      -1.49600
       8.09521       1.53800      -1.53800
       8.11221       1.53600      -1.53600
       8.12921       1.49800      -1.49800
       8.14521       1.50000      -1.50000
       8.16221       1.51100      -1.51100
       8.17921       1.52400      -1.52400
       8.19621       1.53700      -1.53700
       8.21221       1.53600      -1.53600
       8.22921       1.54900      -1.54900
       8.24621       1.64100      -1.64100
       8.26321       1.67800      -1.67800
       8.27921       1.90900      -1.90900
       8.29621       1.91300      -1.91300
       8.31321       1.86200      -1.86200
       8.33021       1.78200      -1.78200
       8.34721       1.59200      -1.59200
       8.36321       1.41800      -1.41800
       8.38021       1.24500      -1.24500
       8.39721       1.08600      -1.08600
       8.41421       0.92540      -0.92540
       8.43021       0.82870      -0.82880
       8.44721       0.76570      -0.76570
       8.46421       0.70970      -0.70970
       8.48121       0.84280      -0.84280
       8.49721       0.55090      -0.55090
       8.51421       0.47840      -0.47840
       8.53121       0.46090      -0.46090
       8.54821       0.44540      -0.44540
       8.56421       0.43180      -0.43180
       8.58121       0.43850      -0.43850
       8.59821       0.42280      -0.42280
       8.61521       0.40880      -0.40880
       8.63121       0.42250      -0.42250
       8.64821       0.42360      -0.42360
       8.66521       0.33560      -0.33560
       8.68221       0.31040      -0.31040
       8.69921       0.29730      -0.29730
       8.71521       0.28700      -0.28700
       8.73221       0.27730      -0.27730
       8.74921       0.26630      -0.26630
       8.76621       0.25830      -0.25830
       8.78221       0.25050      -0.25050
       8.79921       0.24300      -0.24300
       8.81621       0.23570      -0.23570
       8.83321       0.22870      -0.22870
       8.84921       0.22190      -0.22190
       8.86621       0.21530      -0.21530
       8.88321       0.20950      -0.20950
       8.90021       0.20380      -0.20380
       8.91621       0.19790      -0.19790
       8.93321       0.19220      -0.19220
       8.95021       0.18670      -0.18670
       8.96721       0.18130      -0.18130
       8.98421       0.17570      -0.17570
       9.00021       0.17100      -0.17100
       9.01721       0.16640      -0.16640
       9.03421       0.16200      -0.16200
       9.05121       0.15770      -0.15770
       9.06721       0.15400      -0.15400
       9.08421       0.15010      -0.15010
       9.10121       0.14620      -0.14620
       9.11821       0.14240      -0.14240
       9.13421       0.13870      -0.13870
       9.15121       0.13500      -0.13500
       9.16821       0.13140      -0.13140
       9.18521       0.12830      -0.12830
       9.20121       0.12490      -0.12490
       9.21821       0.12150      -0.12150
       9.23521       0.11820      -0.11820
       9.25221       0.11490      -0.11490
       9.26921       0.11170      -0.11170
       9.28521       0.10860      -0.10860
       9.30221       0.10550      -0.10550
       9.31921       0.10250      -0.10250
       9.33621       0.10400      -0.10400
       9.35221       0.10070      -0.10070
       9.36921       0.09714      -0.09714
       9.38621       0.09370      -0.09370
       9.40321       0.09035      -0.09035
       9.41921       0.08710      -0.08710
       9.43621       0.08395      -0.08395
       9.45321       0.08133      -0.08133
       9.47021       0.07906      -0.07906
       9.48621       0.07674      -0.07674
       9.50321       0.07437      -0.07437
       9.52021       0.07195      -0.07195
       9.53721       0.12950      -0.12950
       9.55421       0.11450      -0.11450
       9.57021       0.09978      -0.09978
       9.58721       0.08544      -0.08544
       9.60421       0.08290      -0.08290
       9.62121       0.03755      -0.03755
       9.63721       0.03655      -0.03655
       9.65421       0.03408      -0.03408
       9.67121       0.03168      -0.03168
       9.68821       0.02935      -0.02935
       9.70421       0.02710      -0.02710
       9.72121       0.02492      -0.02492
       9.73821       0.02281      -0.02281
       9.75521       0.02077      -0.02077
       9.77121       0.01880      -0.01880
       9.78821       0.01691      -0.01691
       9.80521       0.01509      -0.01509
       9.82221       0.01334      -0.01334
       9.83921       0.01167      -0.01167
       9.85521       0.01006      -0.01006
       9.87221       0.02174      -0.02174
       9.88921       0.00000       0.00000
       9.90621       0.00000       0.00000
       9.92221       0.00000       0.00000
       9.93921       0.00000       0.00000
       9.95621       0.00000       0.00000
       9.97321       0.00000       0.00000
       9.98921       0.00000       0.00000
      10.00621       0.00000       0.00000
      10.02321       0.00000       0.00000
      10.04021       0.00000       0.00000
      10.05621       0.00000       0.00000
      10.07321       0.00000       0.00000
      10.09021       0.00000       0.00000
      10.10721       0.00000       0.00000
      10.12421       0.00000       0.00000
      10.14021       0.00000       0.00000
      10.15721       0.00000       0.00000
      10.17421       0.00000       0.00000
      10.19121       0.00000       0.00000
      10.20721       0.00000       0.00000
      10.22421       0.00000       0.00000
      10.24121       0.00000       0.00000
      10.25821       0.00000       0.00000
      10.27421       0.00000       0.00000
      10.29121       0.00000       0.00000
      10.30821       0.00000       0.00000
      10.32521       0.00000       0.00000
      10.34121       0.00000       0.00000
      10.35821       0.00000       0.00000
      10.37521       0.00000       0.00000
      10.39221       0.00000       0.00000
      10.40921       0.00000       0.00000
      10.42521       0.00000       0.00000
      10.44221       0.00000       0.00000
      10.45921       0.00000       0.00000
      10.47621       0.00000       0.00000
      10.49221       0.00000       0.00000
      10.50921       0.00000       0.00000
      10.52621       0.00000       0.00000
      10.54321       0.00000       0.00000
      10.55921       0.00000       0.00000
      10.57621       0.00000       0.00000
      10.59321       0.00000       0.00000
      10.61021       0.00000       0.00000
      10.62621       0.00000       0.00000
      10.64321       0.00000       0.00000
      10.66021       0.00000       0.00000
      10.67721       0.00000       0.00000
      10.69421       0.00000       0.00000
      10.71021       0.00000       0.00000
      10.72721       0.00000       0.00000
      10.74421       0.00000       0.00000
      10.76121       0.00000       0.00000
      10.77721       0.00000       0.00000
      10.79421       0.00000       0.00000
      10.81121       0.00000       0.00000
      10.82821       0.00000       0.00000
      10.84421       0.00000       0.00000
      10.86121       0.00000       0.00000
      10.87821       0.00000       0.00000
      10.89521       0.00000       0.00000
      10.91121       0.00000       0.00000
      10.92821       0.00000       0.00000
      10.94521       0.00000       0.00000
      10.96221       0.00000       0.00000
      10.97821       0.00000       0.00000
      10.99521       0.00000       0.00000
      11.01221       0.00000       0.00000
      11.02921       0.00000       0.00000
      11.04621       0.00000       0.00000
      11.06221       0.00000       0.00000
      11.07921       0.00000       0.00000
      11.09621       0.00000       0.00000
      11.11321       0.00000       0.00000
      11.12921       0.00000       0.00000
      11.14621       0.00000       0.00000
      11.16321       0.00000       0.00000
      11.18021       0.00000       0.00000
      11.19621       0.00000       0.00000
      11.21321       0.00000       0.00000
      11.23021       0.00000       0.00000
      11.24721       0.00000       0.00000
      11.26321       0.00000       0.00000
      11.28021       0.00000       0.00000
      11.29721       0.00000       0.00000
      11.31421       0.00000       0.00000
      11.33121       0.00000       0.00000
      11.34721       0.00000       0.00000
      11.36421       0.00000       0.00000
      11.38121       0.00000       0.00000
