   #Energy      xx(%)           yy(%)
  0.00000000E+00  0.10000000E+03  0.10000000E+03
  0.67300000E-01  0.97001120E+02  0.97001120E+02
  0.13460000E+00  0.97027510E+02  0.97027510E+02
  0.20190000E+00  0.97078513E+02  0.97078513E+02
  0.26910000E+00  0.97161551E+02  0.97161551E+02
  0.33640000E+00  0.97275262E+02  0.97275262E+02
  0.40370000E+00  0.97410911E+02  0.97410911E+02
  0.47100000E+00  0.97545154E+02  0.97545154E+02
  0.53830000E+00  0.97645567E+02  0.97645567E+02
  0.60560000E+00  0.97682170E+02  0.97682170E+02
  0.67280000E+00  0.97643831E+02  0.97643831E+02
  0.74010000E+00  0.97548084E+02  0.97548084E+02
  0.80740000E+00  0.97439764E+02  0.97439764E+02
  0.87470000E+00  0.97369316E+02  0.97369316E+02
  0.94200000E+00  0.97369184E+02  0.97369184E+02
  0.10093000E+01  0.97442602E+02  0.97442602E+02
  0.10766000E+01  0.97570876E+02  0.97570876E+02
  0.11438000E+01  0.97728885E+02  0.97728885E+02
  0.12111000E+01  0.97894032E+02  0.97894032E+02
  0.12784000E+01  0.98049360E+02  0.98049360E+02
  0.13457000E+01  0.98181555E+02  0.98181555E+02
  0.14130000E+01  0.98281188E+02  0.98281188E+02
  0.14803000E+01  0.98343400E+02  0.98343400E+02
  0.15476000E+01  0.98367707E+02  0.98367707E+02
  0.16148000E+01  0.98357456E+02  0.98357456E+02
  0.16821000E+01  0.98318285E+02  0.98318285E+02
  0.17494000E+01  0.98258331E+02  0.98258331E+02
  0.18167000E+01  0.98186320E+02  0.98186320E+02
  0.18840000E+01  0.98109856E+02  0.98109856E+02
  0.19513000E+01  0.98033399E+02  0.98033399E+02
  0.20185000E+01  0.97957985E+02  0.97957985E+02
  0.20858000E+01  0.97883201E+02  0.97883201E+02
  0.21531000E+01  0.97812135E+02  0.97812135E+02
  0.22204000E+01  0.97753739E+02  0.97753739E+02
  0.22877000E+01  0.97718024E+02  0.97718024E+02
  0.23550000E+01  0.97706816E+02  0.97706816E+02
  0.24223000E+01  0.97707076E+02  0.97707076E+02
  0.24895000E+01  0.97695654E+02  0.97695654E+02
  0.25568000E+01  0.97649514E+02  0.97649514E+02
  0.26241000E+01  0.97552877E+02  0.97552877E+02
  0.26914000E+01  0.97394611E+02  0.97394611E+02
  0.27587000E+01  0.97164816E+02  0.97164816E+02
  0.28260000E+01  0.96861086E+02  0.96861086E+02
  0.28933000E+01  0.96501568E+02  0.96501568E+02
  0.29605000E+01  0.96132210E+02  0.96132210E+02
  0.30278000E+01  0.95818278E+02  0.95818278E+02
  0.30951000E+01  0.95624020E+02  0.95624020E+02
  0.31624000E+01  0.95587627E+02  0.95587627E+02
  0.32297000E+01  0.95706209E+02  0.95706209E+02
  0.32970000E+01  0.95939796E+02  0.95939796E+02
  0.33642000E+01  0.96232519E+02  0.96232519E+02
  0.34315000E+01  0.96535568E+02  0.96535568E+02
  0.34988000E+01  0.96821917E+02  0.96821917E+02
  0.35661000E+01  0.97087573E+02  0.97087573E+02
  0.36334000E+01  0.97343480E+02  0.97343480E+02
  0.37007000E+01  0.97602951E+02  0.97602951E+02
  0.37680000E+01  0.97871346E+02  0.97871346E+02
  0.38352000E+01  0.98141112E+02  0.98141112E+02
  0.39025000E+01  0.98395141E+02  0.98395141E+02
  0.39698000E+01  0.98615728E+02  0.98615728E+02
  0.40371000E+01  0.98792592E+02  0.98792592E+02
  0.41044000E+01  0.98925120E+02  0.98925120E+02
  0.41717000E+01  0.99018818E+02  0.99018818E+02
  0.42390000E+01  0.99081229E+02  0.99081229E+02
  0.43062000E+01  0.99118133E+02  0.99118133E+02
  0.43735000E+01  0.99133534E+02  0.99133534E+02
  0.44408000E+01  0.99131624E+02  0.99131624E+02
  0.45081000E+01  0.99119340E+02  0.99119340E+02
  0.45754000E+01  0.99107730E+02  0.99107730E+02
  0.46427000E+01  0.99108658E+02  0.99108658E+02
  0.47099000E+01  0.99129279E+02  0.99129279E+02
  0.47772000E+01  0.99166916E+02  0.99166916E+02
  0.48445000E+01  0.99208895E+02  0.99208895E+02
  0.49118000E+01  0.99238795E+02  0.99238795E+02
  0.49791000E+01  0.99243326E+02  0.99243326E+02
  0.50464000E+01  0.99217344E+02  0.99217344E+02
  0.51137000E+01  0.99163966E+02  0.99163966E+02
  0.51809000E+01  0.99092449E+02  0.99092449E+02
  0.52482000E+01  0.99011853E+02  0.99011853E+02
  0.53155000E+01  0.98927395E+02  0.98927395E+02
  0.53828000E+01  0.98841494E+02  0.98841494E+02
  0.54501000E+01  0.98757787E+02  0.98757787E+02
  0.55174000E+01  0.98682876E+02  0.98682876E+02
  0.55847000E+01  0.98622078E+02  0.98622078E+02
  0.56519000E+01  0.98575505E+02  0.98575505E+02
  0.57192000E+01  0.98536936E+02  0.98536936E+02
  0.57865000E+01  0.98499491E+02  0.98499491E+02
  0.58538000E+01  0.98462184E+02  0.98462184E+02
  0.59211000E+01  0.98434038E+02  0.98434038E+02
  0.59884000E+01  0.98430693E+02  0.98430693E+02
  0.60556000E+01  0.98463622E+02  0.98463622E+02
  0.61229000E+01  0.98528146E+02  0.98528146E+02
  0.61902000E+01  0.98604012E+02  0.98604012E+02
  0.62575000E+01  0.98666234E+02  0.98666234E+02
  0.63248000E+01  0.98698603E+02  0.98698603E+02
  0.63921000E+01  0.98700208E+02  0.98700208E+02
  0.64594000E+01  0.98681390E+02  0.98681390E+02
  0.65266000E+01  0.98653838E+02  0.98653838E+02
  0.65939000E+01  0.98622293E+02  0.98622293E+02
  0.66612000E+01  0.98584469E+02  0.98584469E+02
  0.67285000E+01  0.98536956E+02  0.98536956E+02
  0.67958000E+01  0.98481408E+02  0.98481408E+02
  0.68631000E+01  0.98427557E+02  0.98427557E+02
  0.69304000E+01  0.98389515E+02  0.98389515E+02
  0.69976000E+01  0.98379797E+02  0.98379797E+02
  0.70649000E+01  0.98402380E+02  0.98402380E+02
  0.71322000E+01  0.98448460E+02  0.98448460E+02
  0.71995000E+01  0.98494407E+02  0.98494407E+02
  0.72668000E+01  0.98509522E+02  0.98509522E+02
  0.73341000E+01  0.98470560E+02  0.98470560E+02
  0.74013000E+01  0.98376211E+02  0.98376211E+02
  0.74686000E+01  0.98253429E+02  0.98253429E+02
  0.75359000E+01  0.98145249E+02  0.98145249E+02
  0.76032000E+01  0.98085122E+02  0.98085122E+02
  0.76705000E+01  0.98074700E+02  0.98074700E+02
  0.77378000E+01  0.98082245E+02  0.98082245E+02
  0.78051000E+01  0.98063740E+02  0.98063740E+02
  0.78723000E+01  0.97992031E+02  0.97992031E+02
  0.79396000E+01  0.97875173E+02  0.97875173E+02
  0.80069000E+01  0.97748130E+02  0.97748130E+02
  0.80742000E+01  0.97645069E+02  0.97645069E+02
  0.81415000E+01  0.97570901E+02  0.97570901E+02
  0.82088000E+01  0.97500997E+02  0.97500997E+02
  0.82761000E+01  0.97407397E+02  0.97407397E+02
  0.83433000E+01  0.97292193E+02  0.97292193E+02
  0.84106000E+01  0.97195859E+02  0.97195859E+02
  0.84779000E+01  0.97175130E+02  0.97175130E+02
  0.85452000E+01  0.97264896E+02  0.97264896E+02
  0.86125000E+01  0.97456432E+02  0.97456432E+02
  0.86798000E+01  0.97701767E+02  0.97701767E+02
  0.87470000E+01  0.97942072E+02  0.97942072E+02
  0.88143000E+01  0.98130797E+02  0.98130797E+02
  0.88816000E+01  0.98248227E+02  0.98248227E+02
  0.89489000E+01  0.98298666E+02  0.98298666E+02
  0.90162000E+01  0.98302709E+02  0.98302709E+02
  0.90835000E+01  0.98284816E+02  0.98284816E+02
  0.91508000E+01  0.98265386E+02  0.98265386E+02
  0.92180000E+01  0.98257956E+02  0.98257956E+02
  0.92853000E+01  0.98270055E+02  0.98270055E+02
  0.93526000E+01  0.98303345E+02  0.98303345E+02
  0.94199000E+01  0.98353794E+02  0.98353794E+02
  0.94872000E+01  0.98410984E+02  0.98410984E+02
  0.95545000E+01  0.98463892E+02  0.98463892E+02
  0.96218000E+01  0.98504801E+02  0.98504801E+02
  0.96890000E+01  0.98528733E+02  0.98528733E+02
  0.97563000E+01  0.98529551E+02  0.98529551E+02
  0.98236000E+01  0.98495791E+02  0.98495791E+02
  0.98909000E+01  0.98417019E+02  0.98417019E+02
  0.99582000E+01  0.98293553E+02  0.98293553E+02
  0.10025500E+02  0.98147363E+02  0.98147363E+02
  0.10092700E+02  0.98019901E+02  0.98019901E+02
  0.10160000E+02  0.97954799E+02  0.97954799E+02
  0.10227300E+02  0.97975719E+02  0.97975719E+02
  0.10294600E+02  0.98075912E+02  0.98075912E+02
  0.10361900E+02  0.98223855E+02  0.98223855E+02
  0.10429200E+02  0.98378786E+02  0.98378786E+02
  0.10496500E+02  0.98506662E+02  0.98506662E+02
  0.10563700E+02  0.98584359E+02  0.98584359E+02
  0.10631000E+02  0.98595428E+02  0.98595428E+02
  0.10698300E+02  0.98526018E+02  0.98526018E+02
  0.10765600E+02  0.98366219E+02  0.98366219E+02
  0.10832900E+02  0.98119378E+02  0.98119378E+02
  0.10900200E+02  0.97814817E+02  0.97814817E+02
  0.10967400E+02  0.97509266E+02  0.97509266E+02
  0.11034700E+02  0.97267633E+02  0.97267633E+02
  0.11102000E+02  0.97133853E+02  0.97133853E+02
  0.11169300E+02  0.97111459E+02  0.97111459E+02
  0.11236600E+02  0.97167731E+02  0.97167731E+02
  0.11303900E+02  0.97257143E+02  0.97257143E+02
  0.11371200E+02  0.97345072E+02  0.97345072E+02
  0.11438400E+02  0.97421514E+02  0.97421514E+02
  0.11505700E+02  0.97497652E+02  0.97497652E+02
  0.11573000E+02  0.97591445E+02  0.97591445E+02
  0.11640300E+02  0.97713812E+02  0.97713812E+02
  0.11707600E+02  0.97859270E+02  0.97859270E+02
  0.11774900E+02  0.98006112E+02  0.98006112E+02
  0.11842200E+02  0.98128267E+02  0.98128267E+02
  0.11909400E+02  0.98201861E+02  0.98201861E+02
  0.11976700E+02  0.98212422E+02  0.98212422E+02
  0.12044000E+02  0.98149995E+02  0.98149995E+02
  0.12111300E+02  0.98010568E+02  0.98010568E+02
  0.12178600E+02  0.97801181E+02  0.97801181E+02
  0.12245900E+02  0.97554055E+02  0.97554055E+02
  0.12313100E+02  0.97324652E+02  0.97324652E+02
  0.12380400E+02  0.97170738E+02  0.97170738E+02
  0.12447700E+02  0.97120644E+02  0.97120644E+02
  0.12515000E+02  0.97157734E+02  0.97157734E+02
  0.12582300E+02  0.97229790E+02  0.97229790E+02
  0.12649600E+02  0.97279547E+02  0.97279547E+02
  0.12716900E+02  0.97268231E+02  0.97268231E+02
  0.12784100E+02  0.97190768E+02  0.97190768E+02
  0.12851400E+02  0.97072480E+02  0.97072480E+02
  0.12918700E+02  0.96956812E+02  0.96956812E+02
  0.12986000E+02  0.96884872E+02  0.96884872E+02
  0.13053300E+02  0.96877198E+02  0.96877198E+02
  0.13120600E+02  0.96930935E+02  0.96930935E+02
  0.13187900E+02  0.97024731E+02  0.97024731E+02
  0.13255100E+02  0.97130167E+02  0.97130167E+02
  0.13322400E+02  0.97218570E+02  0.97218570E+02
  0.13389700E+02  0.97270854E+02  0.97270854E+02
  0.13457000E+02  0.97285908E+02  0.97285908E+02
  0.13524300E+02  0.97282585E+02  0.97282585E+02
  0.13591600E+02  0.97290363E+02  0.97290363E+02
  0.13658800E+02  0.97335688E+02  0.97335688E+02
  0.13726100E+02  0.97429222E+02  0.97429222E+02
  0.13793400E+02  0.97561710E+02  0.97561710E+02
  0.13860700E+02  0.97711122E+02  0.97711122E+02
  0.13928000E+02  0.97851880E+02  0.97851880E+02
  0.13995300E+02  0.97965699E+02  0.97965699E+02
  0.14062600E+02  0.98043741E+02  0.98043741E+02
  0.14129800E+02  0.98087755E+02  0.98087755E+02
  0.14197100E+02  0.98103191E+02  0.98103191E+02
  0.14264400E+02  0.98096098E+02  0.98096098E+02
  0.14331700E+02  0.98071953E+02  0.98071953E+02
  0.14399000E+02  0.98036713E+02  0.98036713E+02
  0.14466300E+02  0.97998275E+02  0.97998275E+02
  0.14533600E+02  0.97966144E+02  0.97966144E+02
  0.14600800E+02  0.97941915E+02  0.97941915E+02
  0.14668100E+02  0.97912754E+02  0.97912754E+02
  0.14735400E+02  0.97850058E+02  0.97850058E+02
  0.14802700E+02  0.97719241E+02  0.97719241E+02
  0.14870000E+02  0.97497120E+02  0.97497120E+02
  0.14937300E+02  0.97186867E+02  0.97186867E+02
  0.15004500E+02  0.96832480E+02  0.96832480E+02
  0.15071800E+02  0.96512462E+02  0.96512462E+02
  0.15139100E+02  0.96314590E+02  0.96314590E+02
  0.15206400E+02  0.96297894E+02  0.96297894E+02
  0.15273700E+02  0.96466893E+02  0.96466893E+02
  0.15341000E+02  0.96770776E+02  0.96770776E+02
  0.15408300E+02  0.97130963E+02  0.97130963E+02
  0.15475500E+02  0.97472280E+02  0.97472280E+02
  0.15542800E+02  0.97748786E+02  0.97748786E+02
  0.15610100E+02  0.97946791E+02  0.97946791E+02
  0.15677400E+02  0.98075586E+02  0.98075586E+02
  0.15744700E+02  0.98151551E+02  0.98151551E+02
  0.15812000E+02  0.98191338E+02  0.98191338E+02
  0.15879300E+02  0.98209278E+02  0.98209278E+02
  0.15946500E+02  0.98214399E+02  0.98214399E+02
  0.16013800E+02  0.98213035E+02  0.98213035E+02
  0.16081100E+02  0.98204738E+02  0.98204738E+02
  0.16148400E+02  0.98189026E+02  0.98189026E+02
  0.16215700E+02  0.98167852E+02  0.98167852E+02
  0.16283000E+02  0.98146911E+02  0.98146911E+02
  0.16350200E+02  0.98131606E+02  0.98131606E+02
  0.16417500E+02  0.98123261E+02  0.98123261E+02
  0.16484800E+02  0.98117837E+02  0.98117837E+02
  0.16552100E+02  0.98109100E+02  0.98109100E+02
  0.16619400E+02  0.98093637E+02  0.98093637E+02
  0.16686700E+02  0.98072610E+02  0.98072610E+02
  0.16754000E+02  0.98050591E+02  0.98050591E+02
  0.16821200E+02  0.98033519E+02  0.98033519E+02
  0.16888500E+02  0.98026125E+02  0.98026125E+02
  0.16955800E+02  0.98031559E+02  0.98031559E+02
  0.17023100E+02  0.98045728E+02  0.98045728E+02
  0.17090400E+02  0.98058853E+02  0.98058853E+02
  0.17157700E+02  0.98057481E+02  0.98057481E+02
  0.17225000E+02  0.98033992E+02  0.98033992E+02
  0.17292200E+02  0.97995501E+02  0.97995501E+02
  0.17359500E+02  0.97958401E+02  0.97958401E+02
  0.17426800E+02  0.97941605E+02  0.97941605E+02
  0.17494100E+02  0.97952460E+02  0.97952460E+02
  0.17561400E+02  0.97981650E+02  0.97981650E+02
  0.17628700E+02  0.98015662E+02  0.98015662E+02
  0.17695900E+02  0.98043824E+02  0.98043824E+02
  0.17763200E+02  0.98067323E+02  0.98067323E+02
  0.17830500E+02  0.98093741E+02  0.98093741E+02
  0.17897800E+02  0.98128553E+02  0.98128553E+02
  0.17965100E+02  0.98171442E+02  0.98171442E+02
  0.18032400E+02  0.98218885E+02  0.98218885E+02
  0.18099700E+02  0.98268194E+02  0.98268194E+02
  0.18166900E+02  0.98317559E+02  0.98317559E+02
  0.18234200E+02  0.98363719E+02  0.98363719E+02
  0.18301500E+02  0.98403844E+02  0.98403844E+02
  0.18368800E+02  0.98435023E+02  0.98435023E+02
  0.18436100E+02  0.98458988E+02  0.98458988E+02
  0.18503400E+02  0.98483146E+02  0.98483146E+02
  0.18570700E+02  0.98512704E+02  0.98512704E+02
  0.18637900E+02  0.98550141E+02  0.98550141E+02
  0.18705200E+02  0.98592240E+02  0.98592240E+02
  0.18772500E+02  0.98629519E+02  0.98629519E+02
  0.18839800E+02  0.98652302E+02  0.98652302E+02
  0.18907100E+02  0.98652682E+02  0.98652682E+02
  0.18974400E+02  0.98625059E+02  0.98625059E+02
  0.19041600E+02  0.98570117E+02  0.98570117E+02
  0.19108900E+02  0.98493432E+02  0.98493432E+02
  0.19176200E+02  0.98406047E+02  0.98406047E+02
  0.19243500E+02  0.98323980E+02  0.98323980E+02
  0.19310800E+02  0.98262916E+02  0.98262916E+02
  0.19378100E+02  0.98230885E+02  0.98230885E+02
  0.19445400E+02  0.98224260E+02  0.98224260E+02
  0.19512600E+02  0.98231004E+02  0.98231004E+02
  0.19579900E+02  0.98236388E+02  0.98236388E+02
  0.19647200E+02  0.98230945E+02  0.98230945E+02
  0.19714500E+02  0.98218027E+02  0.98218027E+02
  0.19781800E+02  0.98205052E+02  0.98205052E+02
  0.19849100E+02  0.98198055E+02  0.98198055E+02
  0.19916400E+02  0.98193594E+02  0.98193594E+02
  0.19983600E+02  0.98181607E+02  0.98181607E+02
  0.20050900E+02  0.98149330E+02  0.98149330E+02
  0.20118200E+02  0.98088957E+02  0.98088957E+02
  0.20185500E+02  0.98002811E+02  0.98002811E+02
  0.20252800E+02  0.97903975E+02  0.97903975E+02
  0.20320100E+02  0.97810756E+02  0.97810756E+02
  0.20387300E+02  0.97739059E+02  0.97739059E+02
  0.20454600E+02  0.97694156E+02  0.97694156E+02
  0.20521900E+02  0.97667051E+02  0.97667051E+02
  0.20589200E+02  0.97637795E+02  0.97637795E+02
  0.20656500E+02  0.97590320E+02  0.97590320E+02
  0.20723800E+02  0.97520288E+02  0.97520288E+02
  0.20791100E+02  0.97441498E+02  0.97441498E+02
  0.20858300E+02  0.97379873E+02  0.97379873E+02
  0.20925600E+02  0.97359503E+02  0.97359503E+02
  0.20992900E+02  0.97390791E+02  0.97390791E+02
  0.21060200E+02  0.97469183E+02  0.97469183E+02
  0.21127500E+02  0.97579588E+02  0.97579588E+02
  0.21194800E+02  0.97702902E+02  0.97702902E+02
  0.21262000E+02  0.97819047E+02  0.97819047E+02
  0.21329300E+02  0.97909578E+02  0.97909578E+02
  0.21396600E+02  0.97962161E+02  0.97962161E+02
  0.21463900E+02  0.97975124E+02  0.97975124E+02
  0.21531200E+02  0.97957178E+02  0.97957178E+02
  0.21598500E+02  0.97924869E+02  0.97924869E+02
  0.21665800E+02  0.97894989E+02  0.97894989E+02
  0.21733000E+02  0.97877457E+02  0.97877457E+02
  0.21800300E+02  0.97872410E+02  0.97872410E+02
  0.21867600E+02  0.97877246E+02  0.97877246E+02
  0.21934900E+02  0.97890959E+02  0.97890959E+02
  0.22002200E+02  0.97913632E+02  0.97913632E+02
  0.22069500E+02  0.97948713E+02  0.97948713E+02
  0.22136800E+02  0.97994146E+02  0.97994146E+02
  0.22204000E+02  0.98046165E+02  0.98046165E+02
  0.22271300E+02  0.98096962E+02  0.98096962E+02
  0.22338600E+02  0.98143101E+02  0.98143101E+02
  0.22405900E+02  0.98185048E+02  0.98185048E+02
  0.22473200E+02  0.98229537E+02  0.98229537E+02
  0.22540500E+02  0.98285750E+02  0.98285750E+02
  0.22607700E+02  0.98356188E+02  0.98356188E+02
  0.22675000E+02  0.98435334E+02  0.98435334E+02
  0.22742300E+02  0.98512926E+02  0.98512926E+02
  0.22809600E+02  0.98577878E+02  0.98577878E+02
  0.22876900E+02  0.98625896E+02  0.98625896E+02
  0.22944200E+02  0.98658477E+02  0.98658477E+02
  0.23011500E+02  0.98679527E+02  0.98679527E+02
  0.23078700E+02  0.98691868E+02  0.98691868E+02
  0.23146000E+02  0.98700118E+02  0.98700118E+02
  0.23213300E+02  0.98707204E+02  0.98707204E+02
  0.23280600E+02  0.98718460E+02  0.98718460E+02
  0.23347900E+02  0.98737523E+02  0.98737523E+02
  0.23415200E+02  0.98765098E+02  0.98765098E+02
  0.23482500E+02  0.98797113E+02  0.98797113E+02
  0.23549700E+02  0.98827016E+02  0.98827016E+02
  0.23617000E+02  0.98845109E+02  0.98845109E+02
  0.23684300E+02  0.98846404E+02  0.98846404E+02
  0.23751600E+02  0.98828900E+02  0.98828900E+02
  0.23818900E+02  0.98797894E+02  0.98797894E+02
  0.23886200E+02  0.98759984E+02  0.98759984E+02
  0.23953400E+02  0.98721249E+02  0.98721249E+02
  0.24020700E+02  0.98684748E+02  0.98684748E+02
  0.24088000E+02  0.98650519E+02  0.98650519E+02
  0.24155300E+02  0.98614287E+02  0.98614287E+02
  0.24222600E+02  0.98572946E+02  0.98572946E+02
  0.24289900E+02  0.98529535E+02  0.98529535E+02
  0.24357200E+02  0.98494545E+02  0.98494545E+02
  0.24424400E+02  0.98476121E+02  0.98476121E+02
  0.24491700E+02  0.98474408E+02  0.98474408E+02
  0.24559000E+02  0.98479609E+02  0.98479609E+02
  0.24626300E+02  0.98480525E+02  0.98480525E+02
  0.24693600E+02  0.98472078E+02  0.98472078E+02
  0.24760900E+02  0.98457309E+02  0.98457309E+02
  0.24828200E+02  0.98445611E+02  0.98445611E+02
  0.24895400E+02  0.98442086E+02  0.98442086E+02
  0.24962700E+02  0.98445543E+02  0.98445543E+02
  0.25030000E+02  0.98447808E+02  0.98447808E+02
  0.25097300E+02  0.98439945E+02  0.98439945E+02
  0.25164600E+02  0.98418024E+02  0.98418024E+02
  0.25231900E+02  0.98382563E+02  0.98382563E+02
  0.25299100E+02  0.98339233E+02  0.98339233E+02
  0.25366400E+02  0.98297600E+02  0.98297600E+02
  0.25433700E+02  0.98267976E+02  0.98267976E+02
  0.25501000E+02  0.98258204E+02  0.98258204E+02
  0.25568300E+02  0.98267822E+02  0.98267822E+02
  0.25635600E+02  0.98289240E+02  0.98289240E+02
  0.25702900E+02  0.98309557E+02  0.98309557E+02
  0.25770100E+02  0.98320269E+02  0.98320269E+02
  0.25837400E+02  0.98318637E+02  0.98318637E+02
  0.25904700E+02  0.98305215E+02  0.98305215E+02
  0.25972000E+02  0.98282535E+02  0.98282535E+02
  0.26039300E+02  0.98251853E+02  0.98251853E+02
  0.26106600E+02  0.98215091E+02  0.98215091E+02
  0.26173900E+02  0.98174856E+02  0.98174856E+02
  0.26241100E+02  0.98136440E+02  0.98136440E+02
  0.26308400E+02  0.98101838E+02  0.98101838E+02
  0.26375700E+02  0.98070428E+02  0.98070428E+02
  0.26443000E+02  0.98037564E+02  0.98037564E+02
  0.26510300E+02  0.98002568E+02  0.98002568E+02
  0.26577600E+02  0.97964083E+02  0.97964083E+02
  0.26644800E+02  0.97922096E+02  0.97922096E+02
  0.26712100E+02  0.97875893E+02  0.97875893E+02
  0.26779400E+02  0.97824096E+02  0.97824096E+02
  0.26846700E+02  0.97773387E+02  0.97773387E+02
  0.26914000E+02  0.97738595E+02  0.97738595E+02
  0.26981300E+02  0.97737427E+02  0.97737427E+02
  0.27048600E+02  0.97777673E+02  0.97777673E+02
  0.27115800E+02  0.97849621E+02  0.97849621E+02
  0.27183100E+02  0.97933152E+02  0.97933152E+02
  0.27250400E+02  0.98007113E+02  0.98007113E+02
  0.27317700E+02  0.98057549E+02  0.98057549E+02
  0.27385000E+02  0.98079320E+02  0.98079320E+02
  0.27452300E+02  0.98073505E+02  0.98073505E+02
  0.27519600E+02  0.98046121E+02  0.98046121E+02
  0.27586800E+02  0.98003283E+02  0.98003283E+02
  0.27654100E+02  0.97953248E+02  0.97953248E+02
  0.27721400E+02  0.97904355E+02  0.97904355E+02
  0.27788700E+02  0.97864999E+02  0.97864999E+02
  0.27856000E+02  0.97842250E+02  0.97842250E+02
  0.27923300E+02  0.97841156E+02  0.97841156E+02
  0.27990500E+02  0.97861237E+02  0.97861237E+02
  0.28057800E+02  0.97893532E+02  0.97893532E+02
  0.28125100E+02  0.97924740E+02  0.97924740E+02
  0.28192400E+02  0.97933543E+02  0.97933543E+02
  0.28259700E+02  0.97904055E+02  0.97904055E+02
  0.28327000E+02  0.97826708E+02  0.97826708E+02
  0.28394300E+02  0.97712640E+02  0.97712640E+02
  0.28461500E+02  0.97585980E+02  0.97585980E+02
  0.28528800E+02  0.97471626E+02  0.97471626E+02
  0.28596100E+02  0.97385324E+02  0.97385324E+02
  0.28663400E+02  0.97328602E+02  0.97328602E+02
  0.28730700E+02  0.97298723E+02  0.97298723E+02
  0.28798000E+02  0.97302256E+02  0.97302256E+02
  0.28865300E+02  0.97350257E+02  0.97350257E+02
  0.28932500E+02  0.97454134E+02  0.97454134E+02
  0.28999800E+02  0.97609727E+02  0.97609727E+02
  0.29067100E+02  0.97792503E+02  0.97792503E+02
  0.29134400E+02  0.97972141E+02  0.97972141E+02
  0.29201700E+02  0.98121156E+02  0.98121156E+02
  0.29269000E+02  0.98227016E+02  0.98227016E+02
  0.29336200E+02  0.98293452E+02  0.98293452E+02
  0.29403500E+02  0.98332592E+02  0.98332592E+02
  0.29470800E+02  0.98356883E+02  0.98356883E+02
  0.29538100E+02  0.98377458E+02  0.98377458E+02
  0.29605400E+02  0.98398842E+02  0.98398842E+02
  0.29672700E+02  0.98423339E+02  0.98423339E+02
  0.29740000E+02  0.98447987E+02  0.98447987E+02
  0.29807200E+02  0.98471294E+02  0.98471294E+02
  0.29874500E+02  0.98490206E+02  0.98490206E+02
  0.29941800E+02  0.98500875E+02  0.98500875E+02
  0.30009100E+02  0.98500950E+02  0.98500950E+02
  0.30076400E+02  0.98490341E+02  0.98490341E+02
  0.30143700E+02  0.98466668E+02  0.98466668E+02
  0.30211000E+02  0.98429848E+02  0.98429848E+02
  0.30278200E+02  0.98379806E+02  0.98379806E+02
  0.30345500E+02  0.98317228E+02  0.98317228E+02
  0.30412800E+02  0.98246670E+02  0.98246670E+02
  0.30480100E+02  0.98173488E+02  0.98173488E+02
  0.30547400E+02  0.98104623E+02  0.98104623E+02
  0.30614700E+02  0.98042409E+02  0.98042409E+02
  0.30681900E+02  0.97988437E+02  0.97988437E+02
  0.30749200E+02  0.97939611E+02  0.97939611E+02
  0.30816500E+02  0.97900565E+02  0.97900565E+02
  0.30883800E+02  0.97884501E+02  0.97884501E+02
  0.30951100E+02  0.97907142E+02  0.97907142E+02
  0.31018400E+02  0.97978297E+02  0.97978297E+02
  0.31085700E+02  0.98093174E+02  0.98093174E+02
  0.31152900E+02  0.98231219E+02  0.98231219E+02
  0.31220200E+02  0.98365844E+02  0.98365844E+02
  0.31287500E+02  0.98477055E+02  0.98477055E+02
  0.31354800E+02  0.98556422E+02  0.98556422E+02
  0.31422100E+02  0.98605083E+02  0.98605083E+02
  0.31489400E+02  0.98631500E+02  0.98631500E+02
  0.31556700E+02  0.98643520E+02  0.98643520E+02
  0.31623900E+02  0.98646691E+02  0.98646691E+02
  0.31691200E+02  0.98642575E+02  0.98642575E+02
  0.31758500E+02  0.98633568E+02  0.98633568E+02
  0.31825800E+02  0.98619648E+02  0.98619648E+02
  0.31893100E+02  0.98600791E+02  0.98600791E+02
  0.31960400E+02  0.98576980E+02  0.98576980E+02
  0.32027600E+02  0.98545749E+02  0.98545749E+02
  0.32094900E+02  0.98504605E+02  0.98504605E+02
  0.32162200E+02  0.98454307E+02  0.98454307E+02
  0.32229500E+02  0.98394806E+02  0.98394806E+02
  0.32296800E+02  0.98331778E+02  0.98331778E+02
  0.32364100E+02  0.98268478E+02  0.98268478E+02
  0.32431400E+02  0.98213916E+02  0.98213916E+02
  0.32498600E+02  0.98174708E+02  0.98174708E+02
  0.32565900E+02  0.98155873E+02  0.98155873E+02
  0.32633200E+02  0.98157580E+02  0.98157580E+02
  0.32700500E+02  0.98174203E+02  0.98174203E+02
  0.32767800E+02  0.98200064E+02  0.98200064E+02
  0.32835100E+02  0.98235231E+02  0.98235231E+02
  0.32902300E+02  0.98279801E+02  0.98279801E+02
  0.32969600E+02  0.98330541E+02  0.98330541E+02
  0.33036900E+02  0.98379153E+02  0.98379153E+02
  0.33104200E+02  0.98417199E+02  0.98417199E+02
  0.33171500E+02  0.98440336E+02  0.98440336E+02
  0.33238800E+02  0.98445879E+02  0.98445879E+02
  0.33306100E+02  0.98438745E+02  0.98438745E+02
  0.33373300E+02  0.98422221E+02  0.98422221E+02
  0.33440600E+02  0.98405572E+02  0.98405572E+02
  0.33507900E+02  0.98395616E+02  0.98395616E+02
  0.33575200E+02  0.98397527E+02  0.98397527E+02
  0.33642500E+02  0.98410583E+02  0.98410583E+02
  0.33709800E+02  0.98427184E+02  0.98427184E+02
  0.33777100E+02  0.98440499E+02  0.98440499E+02
  0.33844300E+02  0.98447912E+02  0.98447912E+02
  0.33911600E+02  0.98447637E+02  0.98447637E+02
  0.33978900E+02  0.98441348E+02  0.98441348E+02
  0.34046200E+02  0.98428154E+02  0.98428154E+02
  0.34113500E+02  0.98403695E+02  0.98403695E+02
  0.34180800E+02  0.98361835E+02  0.98361835E+02
  0.34248000E+02  0.98300755E+02  0.98300755E+02
  0.34315300E+02  0.98217764E+02  0.98217764E+02
  0.34382600E+02  0.98116267E+02  0.98116267E+02
  0.34449900E+02  0.98000571E+02  0.98000571E+02
  0.34517200E+02  0.97881921E+02  0.97881921E+02
  0.34584500E+02  0.97773307E+02  0.97773307E+02
  0.34651800E+02  0.97692088E+02  0.97692088E+02
  0.34719000E+02  0.97652268E+02  0.97652268E+02
  0.34786300E+02  0.97657566E+02  0.97657566E+02
  0.34853600E+02  0.97702268E+02  0.97702268E+02
  0.34920900E+02  0.97767513E+02  0.97767513E+02
  0.34988200E+02  0.97836812E+02  0.97836812E+02
  0.35055500E+02  0.97896032E+02  0.97896032E+02
  0.35122800E+02  0.97944141E+02  0.97944141E+02
  0.35190000E+02  0.97983653E+02  0.97983653E+02
  0.35257300E+02  0.98020709E+02  0.98020709E+02
  0.35324600E+02  0.98056205E+02  0.98056205E+02
  0.35391900E+02  0.98087462E+02  0.98087462E+02
  0.35459200E+02  0.98112658E+02  0.98112658E+02
  0.35526500E+02  0.98126343E+02  0.98126343E+02
  0.35593700E+02  0.98127525E+02  0.98127525E+02
  0.35661000E+02  0.98116981E+02  0.98116981E+02
  0.35728300E+02  0.98100035E+02  0.98100035E+02
  0.35795600E+02  0.98082075E+02  0.98082075E+02
  0.35862900E+02  0.98066744E+02  0.98066744E+02
  0.35930200E+02  0.98056784E+02  0.98056784E+02
  0.35997500E+02  0.98048635E+02  0.98048635E+02
  0.36064700E+02  0.98038662E+02  0.98038662E+02
  0.36132000E+02  0.98024109E+02  0.98024109E+02
  0.36199300E+02  0.98005833E+02  0.98005833E+02
  0.36266600E+02  0.97986540E+02  0.97986540E+02
  0.36333900E+02  0.97970795E+02  0.97970795E+02
  0.36401200E+02  0.97963209E+02  0.97963209E+02
  0.36468500E+02  0.97966622E+02  0.97966622E+02
  0.36535700E+02  0.97977455E+02  0.97977455E+02
  0.36603000E+02  0.97993907E+02  0.97993907E+02
  0.36670300E+02  0.98013262E+02  0.98013262E+02
  0.36737600E+02  0.98030903E+02  0.98030903E+02
  0.36804900E+02  0.98045879E+02  0.98045879E+02
  0.36872200E+02  0.98057228E+02  0.98057228E+02
  0.36939400E+02  0.98063057E+02  0.98063057E+02
  0.37006700E+02  0.98065154E+02  0.98065154E+02
  0.37074000E+02  0.98067235E+02  0.98067235E+02
  0.37141300E+02  0.98072102E+02  0.98072102E+02
  0.37208600E+02  0.98086369E+02  0.98086369E+02
  0.37275900E+02  0.98110144E+02  0.98110144E+02
  0.37343200E+02  0.98141672E+02  0.98141672E+02
  0.37410400E+02  0.98171583E+02  0.98171583E+02
  0.37477700E+02  0.98191314E+02  0.98191314E+02
  0.37545000E+02  0.98193146E+02  0.98193146E+02
  0.37612300E+02  0.98178814E+02  0.98178814E+02
  0.37679600E+02  0.98150105E+02  0.98150105E+02
  0.37746900E+02  0.98115505E+02  0.98115505E+02
  0.37814200E+02  0.98079769E+02  0.98079769E+02
  0.37881400E+02  0.98049603E+02  0.98049603E+02
  0.37948700E+02  0.98025062E+02  0.98025062E+02
  0.38016000E+02  0.98006193E+02  0.98006193E+02
  0.38083300E+02  0.97992091E+02  0.97992091E+02
  0.38150600E+02  0.97981854E+02  0.97981854E+02
  0.38217900E+02  0.97965906E+02  0.97965906E+02
  0.38285100E+02  0.97932656E+02  0.97932656E+02
  0.38352400E+02  0.97870350E+02  0.97870350E+02
  0.38419700E+02  0.97779739E+02  0.97779739E+02
  0.38487000E+02  0.97677051E+02  0.97677051E+02
  0.38554300E+02  0.97588269E+02  0.97588269E+02
  0.38621600E+02  0.97536635E+02  0.97536635E+02
  0.38688900E+02  0.97533029E+02  0.97533029E+02
  0.38756100E+02  0.97574989E+02  0.97574989E+02
  0.38823400E+02  0.97651341E+02  0.97651341E+02
  0.38890700E+02  0.97746885E+02  0.97746885E+02
  0.38958000E+02  0.97848111E+02  0.97848111E+02
  0.39025300E+02  0.97948176E+02  0.97948176E+02
  0.39092600E+02  0.98044029E+02  0.98044029E+02
  0.39159900E+02  0.98134608E+02  0.98134608E+02
  0.39227100E+02  0.98218895E+02  0.98218895E+02
  0.39294400E+02  0.98295790E+02  0.98295790E+02
  0.39361700E+02  0.98361234E+02  0.98361234E+02
  0.39429000E+02  0.98413102E+02  0.98413102E+02
  0.39496300E+02  0.98445227E+02  0.98445227E+02
  0.39563600E+02  0.98457439E+02  0.98457439E+02
  0.39630800E+02  0.98446546E+02  0.98446546E+02
  0.39698100E+02  0.98413386E+02  0.98413386E+02
  0.39765400E+02  0.98358842E+02  0.98358842E+02
  0.39832700E+02  0.98284831E+02  0.98284831E+02
  0.39900000E+02  0.98195301E+02  0.98195301E+02
  0.39967300E+02  0.98098243E+02  0.98098243E+02
  0.40034600E+02  0.98006706E+02  0.98006706E+02
  0.40101800E+02  0.97938817E+02  0.97938817E+02
  0.40169100E+02  0.97910867E+02  0.97910867E+02
  0.40236400E+02  0.97936327E+02  0.97936327E+02
  0.40303700E+02  0.98013856E+02  0.98013856E+02
  0.40371000E+02  0.98125874E+02  0.98125874E+02
  0.40438300E+02  0.98240164E+02  0.98240164E+02
  0.40505600E+02  0.98327890E+02  0.98327890E+02
  0.40572800E+02  0.98375147E+02  0.98375147E+02
  0.40640100E+02  0.98379277E+02  0.98379277E+02
  0.40707400E+02  0.98353219E+02  0.98353219E+02
  0.40774700E+02  0.98315362E+02  0.98315362E+02
  0.40842000E+02  0.98286351E+02  0.98286351E+02
  0.40909300E+02  0.98278743E+02  0.98278743E+02
  0.40976500E+02  0.98296946E+02  0.98296946E+02
  0.41043800E+02  0.98340227E+02  0.98340227E+02
  0.41111100E+02  0.98398469E+02  0.98398469E+02
  0.41178400E+02  0.98463464E+02  0.98463464E+02
  0.41245700E+02  0.98526865E+02  0.98526865E+02
  0.41313000E+02  0.98581256E+02  0.98581256E+02
  0.41380300E+02  0.98624382E+02  0.98624382E+02
  0.41447500E+02  0.98655017E+02  0.98655017E+02
  0.41514800E+02  0.98678278E+02  0.98678278E+02
  0.41582100E+02  0.98701508E+02  0.98701508E+02
  0.41649400E+02  0.98730063E+02  0.98730063E+02
  0.41716700E+02  0.98767221E+02  0.98767221E+02
  0.41784000E+02  0.98809908E+02  0.98809908E+02
  0.41851300E+02  0.98857123E+02  0.98857123E+02
  0.41918500E+02  0.98905673E+02  0.98905673E+02
  0.41985800E+02  0.98953443E+02  0.98953443E+02
  0.42053100E+02  0.98998248E+02  0.98998248E+02
  0.42120400E+02  0.99038948E+02  0.99038948E+02
  0.42187700E+02  0.99076565E+02  0.99076565E+02
  0.42255000E+02  0.99112189E+02  0.99112189E+02
  0.42322200E+02  0.99147964E+02  0.99147964E+02
  0.42389500E+02  0.99183900E+02  0.99183900E+02
  0.42456800E+02  0.99216755E+02  0.99216755E+02
  0.42524100E+02  0.99246509E+02  0.99246509E+02
  0.42591400E+02  0.99270926E+02  0.99270926E+02
  0.42658700E+02  0.99287768E+02  0.99287768E+02
  0.42726000E+02  0.99296929E+02  0.99296929E+02
  0.42793200E+02  0.99303859E+02  0.99303859E+02
  0.42860500E+02  0.99311860E+02  0.99311860E+02
  0.42927800E+02  0.99322071E+02  0.99322071E+02
  0.42995100E+02  0.99334539E+02  0.99334539E+02
  0.43062400E+02  0.99347110E+02  0.99347110E+02
  0.43129700E+02  0.99354189E+02  0.99354189E+02
  0.43196900E+02  0.99354627E+02  0.99354627E+02
  0.43264200E+02  0.99349465E+02  0.99349465E+02
  0.43331500E+02  0.99340876E+02  0.99340876E+02
  0.43398800E+02  0.99331078E+02  0.99331078E+02
  0.43466100E+02  0.99324513E+02  0.99324513E+02
  0.43533400E+02  0.99324598E+02  0.99324598E+02
  0.43600700E+02  0.99332508E+02  0.99332508E+02
  0.43667900E+02  0.99349466E+02  0.99349466E+02
  0.43735200E+02  0.99372176E+02  0.99372176E+02
  0.43802500E+02  0.99396175E+02  0.99396175E+02
  0.43869800E+02  0.99419198E+02  0.99419198E+02
  0.43937100E+02  0.99440129E+02  0.99440129E+02
  0.44004400E+02  0.99453239E+02  0.99453239E+02
  0.44071700E+02  0.99458476E+02  0.99458476E+02
  0.44138900E+02  0.99453483E+02  0.99453483E+02
  0.44206200E+02  0.99439331E+02  0.99439331E+02
  0.44273500E+02  0.99420493E+02  0.99420493E+02
  0.44340800E+02  0.99400411E+02  0.99400411E+02
  0.44408100E+02  0.99381356E+02  0.99381356E+02
  0.44475400E+02  0.99364507E+02  0.99364507E+02
  0.44542600E+02  0.99348741E+02  0.99348741E+02
  0.44609900E+02  0.99334058E+02  0.99334058E+02
  0.44677200E+02  0.99319327E+02  0.99319327E+02
  0.44744500E+02  0.99306817E+02  0.99306817E+02
  0.44811800E+02  0.99296567E+02  0.99296567E+02
  0.44879100E+02  0.99289739E+02  0.99289739E+02
  0.44946400E+02  0.99284060E+02  0.99284060E+02
  0.45013600E+02  0.99279536E+02  0.99279536E+02
  0.45080900E+02  0.99273842E+02  0.99273842E+02
  0.45148200E+02  0.99268124E+02  0.99268124E+02
  0.45215500E+02  0.99262362E+02  0.99262362E+02
  0.45282800E+02  0.99257719E+02  0.99257719E+02
  0.45350100E+02  0.99258866E+02  0.99258866E+02
  0.45417400E+02  0.99267017E+02  0.99267017E+02
  0.45484600E+02  0.99279892E+02  0.99279892E+02
  0.45551900E+02  0.99298724E+02  0.99298724E+02
  0.45619200E+02  0.99318846E+02  0.99318846E+02
  0.45686500E+02  0.99339111E+02  0.99339111E+02
  0.45753800E+02  0.99355967E+02  0.99355967E+02
  0.45821100E+02  0.99369394E+02  0.99369394E+02
  0.45888300E+02  0.99377023E+02  0.99377023E+02
  0.45955600E+02  0.99375244E+02  0.99375244E+02
  0.46022900E+02  0.99361629E+02  0.99361629E+02
  0.46090200E+02  0.99333743E+02  0.99333743E+02
  0.46157500E+02  0.99292654E+02  0.99292654E+02
  0.46224800E+02  0.99239463E+02  0.99239463E+02
  0.46292100E+02  0.99185983E+02  0.99185983E+02
  0.46359300E+02  0.99141708E+02  0.99141708E+02
  0.46426600E+02  0.99122186E+02  0.99122186E+02
  0.46493900E+02  0.99130003E+02  0.99130003E+02
  0.46561200E+02  0.99160650E+02  0.99160650E+02
  0.46628500E+02  0.99202378E+02  0.99202378E+02
  0.46695800E+02  0.99239667E+02  0.99239667E+02
  0.46763100E+02  0.99262803E+02  0.99262803E+02
  0.46830300E+02  0.99266823E+02  0.99266823E+02
  0.46897600E+02  0.99255155E+02  0.99255155E+02
  0.46964900E+02  0.99232514E+02  0.99232514E+02
  0.47032200E+02  0.99204868E+02  0.99204868E+02
  0.47099500E+02  0.99178230E+02  0.99178230E+02
  0.47166800E+02  0.99159889E+02  0.99159889E+02
  0.47234000E+02  0.99153534E+02  0.99153534E+02
  0.47301300E+02  0.99165313E+02  0.99165313E+02
  0.47368600E+02  0.99194190E+02  0.99194190E+02
  0.47435900E+02  0.99236654E+02  0.99236654E+02
  0.47503200E+02  0.99285531E+02  0.99285531E+02
  0.47570500E+02  0.99337193E+02  0.99337193E+02
  0.47637800E+02  0.99383066E+02  0.99383066E+02
  0.47705000E+02  0.99419412E+02  0.99419412E+02
  0.47772300E+02  0.99439946E+02  0.99439946E+02
  0.47839600E+02  0.99447015E+02  0.99447015E+02
  0.47906900E+02  0.99440513E+02  0.99440513E+02
  0.47974200E+02  0.99421602E+02  0.99421602E+02
  0.48041500E+02  0.99390234E+02  0.99390234E+02
  0.48108800E+02  0.99348841E+02  0.99348841E+02
  0.48176000E+02  0.99294902E+02  0.99294902E+02
  0.48243300E+02  0.99228359E+02  0.99228359E+02
  0.48310600E+02  0.99155347E+02  0.99155347E+02
  0.48377900E+02  0.99082006E+02  0.99082006E+02
  0.48445200E+02  0.99020704E+02  0.99020704E+02
  0.48512500E+02  0.98987610E+02  0.98987610E+02
  0.48579700E+02  0.98990337E+02  0.98990337E+02
  0.48647000E+02  0.99030453E+02  0.99030453E+02
  0.48714300E+02  0.99099623E+02  0.99099623E+02
  0.48781600E+02  0.99181876E+02  0.99181876E+02
  0.48848900E+02  0.99262288E+02  0.99262288E+02
  0.48916200E+02  0.99328156E+02  0.99328156E+02
  0.48983500E+02  0.99375490E+02  0.99375490E+02
  0.49050700E+02  0.99405357E+02  0.99405357E+02
  0.49118000E+02  0.99421379E+02  0.99421379E+02
  0.49185300E+02  0.99429832E+02  0.99429832E+02
  0.49252600E+02  0.99430685E+02  0.99430685E+02
  0.49319900E+02  0.99426444E+02  0.99426444E+02
  0.49387200E+02  0.99415841E+02  0.99415841E+02
  0.49454500E+02  0.99396318E+02  0.99396318E+02
  0.49521700E+02  0.99364004E+02  0.99364004E+02
  0.49589000E+02  0.99313746E+02  0.99313746E+02
  0.49656300E+02  0.99245447E+02  0.99245447E+02
  0.49723600E+02  0.99159017E+02  0.99159017E+02
  0.49790900E+02  0.99063313E+02  0.99063313E+02
  0.49858200E+02  0.98972306E+02  0.98972306E+02
  0.49925400E+02  0.98898727E+02  0.98898727E+02
  0.49992700E+02  0.98857937E+02  0.98857937E+02
  0.50060000E+02  0.98861590E+02  0.98861590E+02
  0.50127300E+02  0.98907513E+02  0.98907513E+02
  0.50194600E+02  0.98989733E+02  0.98989733E+02
  0.50261900E+02  0.99091945E+02  0.99091945E+02
  0.50329200E+02  0.99198872E+02  0.99198872E+02
  0.50396400E+02  0.99294973E+02  0.99294973E+02
  0.50463700E+02  0.99372243E+02  0.99372243E+02
  0.50531000E+02  0.99426502E+02  0.99426502E+02
  0.50598300E+02  0.99461406E+02  0.99461406E+02
  0.50665600E+02  0.99480680E+02  0.99480680E+02
  0.50732900E+02  0.99489467E+02  0.99489467E+02
  0.50800200E+02  0.99495578E+02  0.99495578E+02
  0.50867400E+02  0.99502951E+02  0.99502951E+02
  0.50934700E+02  0.99510344E+02  0.99510344E+02
  0.51002000E+02  0.99519072E+02  0.99519072E+02
  0.51069300E+02  0.99525218E+02  0.99525218E+02
  0.51136600E+02  0.99528756E+02  0.99528756E+02
  0.51203900E+02  0.99524383E+02  0.99524383E+02
  0.51271100E+02  0.99514712E+02  0.99514712E+02
  0.51338400E+02  0.99495705E+02  0.99495705E+02
  0.51405700E+02  0.99469945E+02  0.99469945E+02
  0.51473000E+02  0.99440054E+02  0.99440054E+02
  0.51540300E+02  0.99409961E+02  0.99409961E+02
  0.51607600E+02  0.99387627E+02  0.99387627E+02
  0.51674900E+02  0.99378412E+02  0.99378412E+02
  0.51742100E+02  0.99385125E+02  0.99385125E+02
  0.51809400E+02  0.99407885E+02  0.99407885E+02
  0.51876700E+02  0.99438789E+02  0.99438789E+02
  0.51944000E+02  0.99476545E+02  0.99476545E+02
  0.52011300E+02  0.99521180E+02  0.99521180E+02
  0.52078600E+02  0.99571407E+02  0.99571407E+02
  0.52145900E+02  0.99627306E+02  0.99627306E+02
  0.52213100E+02  0.99686246E+02  0.99686246E+02
  0.52280400E+02  0.99740115E+02  0.99740115E+02
  0.52347700E+02  0.99787494E+02  0.99787494E+02
  0.52415000E+02  0.99825582E+02  0.99825582E+02
  0.52482300E+02  0.99854280E+02  0.99854280E+02
  0.52549600E+02  0.99876249E+02  0.99876249E+02
  0.52616800E+02  0.99891442E+02  0.99891442E+02
  0.52684100E+02  0.99903913E+02  0.99903913E+02
  0.52751400E+02  0.99910929E+02  0.99910929E+02
  0.52818700E+02  0.99916563E+02  0.99916563E+02
  0.52886000E+02  0.99920811E+02  0.99920811E+02
  0.52953300E+02  0.99922308E+02  0.99922308E+02
  0.53020600E+02  0.99922405E+02  0.99922405E+02
  0.53087800E+02  0.99922476E+02  0.99922476E+02
  0.53155100E+02  0.99921154E+02  0.99921154E+02
  0.53222400E+02  0.99921183E+02  0.99921183E+02
  0.53289700E+02  0.99922594E+02  0.99922594E+02
  0.53357000E+02  0.99924007E+02  0.99924007E+02
  0.53424300E+02  0.99925424E+02  0.99925424E+02
  0.53491500E+02  0.99925457E+02  0.99925457E+02
  0.53558800E+02  0.99925488E+02  0.99925488E+02
  0.53626100E+02  0.99925520E+02  0.99925520E+02
  0.53693400E+02  0.99922753E+02  0.99922753E+02
  0.53760700E+02  0.99919979E+02  0.99919979E+02
  0.53828000E+02  0.99915790E+02  0.99915790E+02
  0.53895300E+02  0.99910169E+02  0.99910169E+02
  0.53962500E+02  0.99904523E+02  0.99904523E+02
  0.54029800E+02  0.99898839E+02  0.99898839E+02
  0.54097100E+02  0.99894509E+02  0.99894509E+02
  0.54164400E+02  0.99894368E+02  0.99894368E+02
  0.54231700E+02  0.99898446E+02  0.99898446E+02
  0.54299000E+02  0.99905387E+02  0.99905387E+02
  0.54366300E+02  0.99913767E+02  0.99913767E+02
  0.54433500E+02  0.99919382E+02  0.99919382E+02
  0.54500800E+02  0.99925023E+02  0.99925023E+02
  0.54568100E+02  0.99926432E+02  0.99926432E+02
  0.54635400E+02  0.99926416E+02  0.99926416E+02
  0.54702700E+02  0.99924969E+02  0.99924969E+02
  0.54770000E+02  0.99923483E+02  0.99923483E+02
  0.54837200E+02  0.99923416E+02  0.99923416E+02
  0.54904500E+02  0.99926174E+02  0.99926174E+02
  0.54971800E+02  0.99931802E+02  0.99931802E+02
  0.55039100E+02  0.99938884E+02  0.99938884E+02
  0.55106400E+02  0.99947438E+02  0.99947438E+02
  0.55173700E+02  0.99954595E+02  0.99954595E+02
  0.55241000E+02  0.99960347E+02  0.99960347E+02
  0.55308200E+02  0.99964679E+02  0.99964679E+02
  0.55375500E+02  0.99969021E+02  0.99969021E+02
  0.55442800E+02  0.99973385E+02  0.99973385E+02
  0.55510100E+02  0.99976308E+02  0.99976308E+02
  0.55577400E+02  0.99979237E+02  0.99979237E+02
  0.55644700E+02  0.99980729E+02  0.99980729E+02
  0.55712000E+02  0.99983671E+02  0.99983671E+02
  0.55779200E+02  0.99983723E+02  0.99983723E+02
  0.55846500E+02  0.99985225E+02  0.99985225E+02
  0.55913800E+02  0.99985268E+02  0.99985268E+02
  0.55981100E+02  0.99986764E+02  0.99986764E+02
  0.56048400E+02  0.99986808E+02  0.99986808E+02
  0.56115700E+02  0.99986852E+02  0.99986852E+02
  0.56182900E+02  0.99986885E+02  0.99986885E+02
  0.56250200E+02  0.99988390E+02  0.99988390E+02
  0.56317500E+02  0.99988424E+02  0.99988424E+02
  0.56384800E+02  0.99988459E+02  0.99988459E+02
  0.56452100E+02  0.99988505E+02  0.99988505E+02
  0.56519400E+02  0.99988539E+02  0.99988539E+02
  0.56586700E+02  0.99988563E+02  0.99988563E+02
  0.56653900E+02  0.99988597E+02  0.99988597E+02
  0.56721200E+02  0.99988632E+02  0.99988632E+02
  0.56788500E+02  0.99990141E+02  0.99990141E+02
  0.56855800E+02  0.99990166E+02  0.99990166E+02
  0.56923100E+02  0.99990202E+02  0.99990202E+02
  0.56990400E+02  0.99990238E+02  0.99990238E+02
  0.57057700E+02  0.99990264E+02  0.99990264E+02
  0.57124900E+02  0.99990289E+02  0.99990289E+02
  0.57192200E+02  0.99990325E+02  0.99990325E+02
  0.57259500E+02  0.99990351E+02  0.99990351E+02
  0.57326800E+02  0.99990376E+02  0.99990376E+02
  0.57394100E+02  0.99990402E+02  0.99990402E+02
  0.57461400E+02  0.99990427E+02  0.99990427E+02
  0.57528600E+02  0.99990463E+02  0.99990463E+02
  0.57595900E+02  0.99990488E+02  0.99990488E+02
  0.57663200E+02  0.99990514E+02  0.99990514E+02
  0.57730500E+02  0.99990529E+02  0.99990529E+02
  0.57797800E+02  0.99990554E+02  0.99990554E+02
  0.57865100E+02  0.99992082E+02  0.99992082E+02
  0.57932400E+02  0.99992109E+02  0.99992109E+02
  0.57999600E+02  0.99992136E+02  0.99992136E+02
  0.58066900E+02  0.99992153E+02  0.99992153E+02
  0.58134200E+02  0.99992180E+02  0.99992180E+02
  0.58201500E+02  0.99992208E+02  0.99992208E+02
  0.58268800E+02  0.99992224E+02  0.99992224E+02
  0.58336100E+02  0.99992252E+02  0.99992252E+02
  0.58403400E+02  0.99992279E+02  0.99992279E+02
  0.58470600E+02  0.99992296E+02  0.99992296E+02
  0.58537900E+02  0.99992323E+02  0.99992323E+02
  0.58605200E+02  0.99992340E+02  0.99992340E+02
  0.58672500E+02  0.99992357E+02  0.99992357E+02
  0.58739800E+02  0.99992384E+02  0.99992384E+02
  0.58807100E+02  0.99992401E+02  0.99992401E+02
  0.58874300E+02  0.99992418E+02  0.99992418E+02
  0.58941600E+02  0.99992445E+02  0.99992445E+02
  0.59008900E+02  0.99992462E+02  0.99992462E+02
  0.59076200E+02  0.99992480E+02  0.99992480E+02
  0.59143500E+02  0.99992507E+02  0.99992507E+02
  0.59210800E+02  0.99992524E+02  0.99992524E+02
  0.59278100E+02  0.99992541E+02  0.99992541E+02
  0.59345300E+02  0.99992558E+02  0.99992558E+02
  0.59412600E+02  0.99992575E+02  0.99992575E+02
  0.59479900E+02  0.99992592E+02  0.99992592E+02
  0.59547200E+02  0.99992610E+02  0.99992610E+02
  0.59614500E+02  0.99992627E+02  0.99992627E+02
  0.59681800E+02  0.99992644E+02  0.99992644E+02
  0.59749100E+02  0.99992661E+02  0.99992661E+02
  0.59816300E+02  0.99992679E+02  0.99992679E+02
  0.59883600E+02  0.99992696E+02  0.99992696E+02
  0.59950900E+02  0.99992713E+02  0.99992713E+02
  0.60018200E+02  0.99992731E+02  0.99992731E+02
  0.60085500E+02  0.99992748E+02  0.99992748E+02
  0.60152800E+02  0.99992765E+02  0.99992765E+02
  0.60220000E+02  0.99994346E+02  0.99994346E+02
  0.60287300E+02  0.99994355E+02  0.99994355E+02
  0.60354600E+02  0.99994374E+02  0.99994374E+02
  0.60421900E+02  0.99994394E+02  0.99994394E+02
  0.60489200E+02  0.99994413E+02  0.99994413E+02
  0.60556500E+02  0.99994422E+02  0.99994422E+02
  0.60623800E+02  0.99994441E+02  0.99994441E+02
  0.60691000E+02  0.99994460E+02  0.99994460E+02
  0.60758300E+02  0.99994480E+02  0.99994480E+02
  0.60825600E+02  0.99994489E+02  0.99994489E+02
  0.60892900E+02  0.99994508E+02  0.99994508E+02
  0.60960200E+02  0.99994518E+02  0.99994518E+02
  0.61027500E+02  0.99994537E+02  0.99994537E+02
  0.61094800E+02  0.99994556E+02  0.99994556E+02
  0.61162000E+02  0.99994566E+02  0.99994566E+02
  0.61229300E+02  0.99994585E+02  0.99994585E+02
  0.61296600E+02  0.99994595E+02  0.99994595E+02
  0.61363900E+02  0.99994614E+02  0.99994614E+02
  0.61431200E+02  0.99994624E+02  0.99994624E+02
  0.61498500E+02  0.99994643E+02  0.99994643E+02
  0.61565700E+02  0.99994653E+02  0.99994653E+02
  0.61633000E+02  0.99994672E+02  0.99994672E+02
  0.61700300E+02  0.99994682E+02  0.99994682E+02
  0.61767600E+02  0.99994701E+02  0.99994701E+02
  0.61834900E+02  0.99994711E+02  0.99994711E+02
  0.61902200E+02  0.99994721E+02  0.99994721E+02
  0.61969500E+02  0.99994740E+02  0.99994740E+02
  0.62036700E+02  0.99994750E+02  0.99994750E+02
  0.62104000E+02  0.99994769E+02  0.99994769E+02
  0.62171300E+02  0.99994779E+02  0.99994779E+02
  0.62238600E+02  0.99994789E+02  0.99994789E+02
  0.62305900E+02  0.99994809E+02  0.99994809E+02
  0.62373200E+02  0.99994818E+02  0.99994818E+02
  0.62440500E+02  0.99994828E+02  0.99994828E+02
  0.62507700E+02  0.99994838E+02  0.99994838E+02
  0.62575000E+02  0.99994858E+02  0.99994858E+02
  0.62642300E+02  0.99994868E+02  0.99994868E+02
  0.62709600E+02  0.99994878E+02  0.99994878E+02
  0.62776900E+02  0.99994888E+02  0.99994888E+02
  0.62844200E+02  0.99994907E+02  0.99994907E+02
  0.62911400E+02  0.99994918E+02  0.99994918E+02
  0.62978700E+02  0.99994928E+02  0.99994928E+02
  0.63046000E+02  0.99994938E+02  0.99994938E+02
  0.63113300E+02  0.99994948E+02  0.99994948E+02
  0.63180600E+02  0.99994958E+02  0.99994958E+02
  0.63247900E+02  0.99994968E+02  0.99994968E+02
  0.63315200E+02  0.99994988E+02  0.99994988E+02
  0.63382400E+02  0.99994998E+02  0.99994998E+02
  0.63449700E+02  0.99995008E+02  0.99995008E+02
  0.63517000E+02  0.99995018E+02  0.99995018E+02
  0.63584300E+02  0.99995029E+02  0.99995029E+02
  0.63651600E+02  0.99995039E+02  0.99995039E+02
  0.63718900E+02  0.99995049E+02  0.99995049E+02
  0.63786100E+02  0.99995060E+02  0.99995060E+02
  0.63853400E+02  0.99995070E+02  0.99995070E+02
  0.63920700E+02  0.99995080E+02  0.99995080E+02
  0.63988000E+02  0.99995091E+02  0.99995091E+02
  0.64055300E+02  0.99995101E+02  0.99995101E+02
  0.64122600E+02  0.99995111E+02  0.99995111E+02
  0.64189900E+02  0.99995122E+02  0.99995122E+02
  0.64257100E+02  0.99995132E+02  0.99995132E+02
  0.64324400E+02  0.99995143E+02  0.99995143E+02
  0.64391700E+02  0.99995153E+02  0.99995153E+02
  0.64459000E+02  0.99995163E+02  0.99995163E+02
  0.64526300E+02  0.99995174E+02  0.99995174E+02
  0.64593600E+02  0.99995184E+02  0.99995184E+02
  0.64660900E+02  0.99995186E+02  0.99995186E+02
  0.64728100E+02  0.99995196E+02  0.99995196E+02
  0.64795400E+02  0.99995207E+02  0.99995207E+02
  0.64862700E+02  0.99995217E+02  0.99995217E+02
  0.64930000E+02  0.99995228E+02  0.99995228E+02
  0.64997300E+02  0.99995238E+02  0.99995238E+02
  0.65064600E+02  0.99995249E+02  0.99995249E+02
  0.65131800E+02  0.99995250E+02  0.99995250E+02
  0.65199100E+02  0.99995261E+02  0.99995261E+02
  0.65266400E+02  0.99995272E+02  0.99995272E+02
  0.65333700E+02  0.99995282E+02  0.99995282E+02
  0.65401000E+02  0.99995293E+02  0.99995293E+02
  0.65468300E+02  0.99995294E+02  0.99995294E+02
  0.65535600E+02  0.99995305E+02  0.99995305E+02
  0.65602800E+02  0.99995316E+02  0.99995316E+02
  0.65670100E+02  0.99995327E+02  0.99995327E+02
  0.65737400E+02  0.99995337E+02  0.99995337E+02
  0.65804700E+02  0.99995339E+02  0.99995339E+02
  0.65872000E+02  0.99995350E+02  0.99995350E+02
  0.65939300E+02  0.99995360E+02  0.99995360E+02
  0.66006600E+02  0.99995362E+02  0.99995362E+02
  0.66073800E+02  0.99995373E+02  0.99995373E+02
  0.66141100E+02  0.99995384E+02  0.99995384E+02
  0.66208400E+02  0.99995394E+02  0.99995394E+02
  0.66275700E+02  0.99995396E+02  0.99995396E+02
  0.66343000E+02  0.99995407E+02  0.99995407E+02
  0.66410300E+02  0.99995418E+02  0.99995418E+02
  0.66477500E+02  0.99995420E+02  0.99995420E+02
  0.66544800E+02  0.99995430E+02  0.99995430E+02
  0.66612100E+02  0.99995441E+02  0.99995441E+02
  0.66679400E+02  0.99995443E+02  0.99995443E+02
  0.66746700E+02  0.99995454E+02  0.99995454E+02
  0.66814000E+02  0.99995456E+02  0.99995456E+02
  0.66881300E+02  0.99995467E+02  0.99995467E+02
  0.66948500E+02  0.99995478E+02  0.99995478E+02
  0.67015800E+02  0.99995480E+02  0.99995480E+02
  0.67083100E+02  0.99995491E+02  0.99995491E+02
  0.67150400E+02  0.99995493E+02  0.99995493E+02
  0.67217700E+02  0.99995504E+02  0.99995504E+02
